2 0.0987954
4 0.108535
6 0.0730024
8 0.119742
10 -0.049796
12 0.100566
14 -0.104857
16 -0.0660856
18 -0.108837
20 -0.0849275
22 -0.113915
24 0.109925
26 -0.0867198
28 0.0949986
30 -0.0988318
32 0.119146
34 -0.100703
36 0.0142403
38 0.114224
40 -0.0292042
42 0.113327
44 0.0950533
46 -0.106351
48 0.0587357
50 0.0720574
52 -0.107708
54 -0.0357199
56 -0.0332166
58 -0.093263
60 -0.0523918
62 -0.0381872
64 -0.0880565
66 0.0757627
68 0.0887235
70 0.0830421
72 -0.0493163
74 0.0728789
76 -0.0955951
78 0.118679
80 0.113363
82 0.116875
84 -0.0827392
86 -0.112861
88 0.1072
90 -0.0117159
92 0.109782
94 0.0584215
96 -0.0174403
98 -0.0975526
100 0.0870089
102 0.0428868
104 0.0853786
106 -0.0710031
108 -0.0472681
110 0.0141895
112 -0.0944751
114 -0.0379078
116 0.113005
118 0.0862141
120 0.11418
122 0.105998
124 0.114799
126 -0.10727
128 -0.118992
130 -0.11466
132 -0.0956466
134 0.0989306
136 0.0146082
138 -0.00239175
140 0.0531219
142 0.0792641
144 -0.0971316
146 0.113473
148 -0.0605007
150 -0.0646969
152 -0.0276156
154 0.119927
156 -0.0414935
158 -0.0968202
160 0.0242035
162 0.098953
164 -0.0668478
166 0.0335515
168 0.116527
170 -0.0694403
172 0.0700829
174 0.107954
176 -0.0998599
178 0.113323
180 -0.0861084
182 -0.111377
184 -0.0532505
186 0.109747
188 0.0543121
190 0.0292667
192 -0.0881192
194 -0.114717
196 -0.0747378
198 0.0604248
200 -0.0433491
202 -0.107691
204 0.0363474
206 0.0993817
208 0.00286494
210 -0.117229
212 -0.119262
214 0.106409
216 -0.0664435
218 -0.0950775
220 -0.0270525
222 0.119422
224 -0.118106
226 0.0458493
228 -0.0821858
230 0.109199
232 -0.109501
234 0.0959333
236 -0.0646156
238 -0.0309465
240 -0.118798
242 0.112732
244 0.068148
246 -0.111492
248 0.100902
250 -0.110004
252 0.0614625
254 -0.0786637
256 0.04259
256 0
