0 0
19.8721 1.94986
38.9113 7.94471
56.5711 17.2948
72.0953 29.8283
86.7114 43.4679
100.62 57.7925
111.504 74.5368
122.704 91.0538
136.585 105.438
151.935 118.245
167.383 130.936
182.707 143.782
199.41 154.742
217.576 163.071
236.672 168.974
256.259 172.992
276.172 174.551
296.13 173.377
316.101 172.787
335.79 176.036
355.364 180.041
375.325 180.432
395.305 179.801
415.256 178.733
435.212 178.132
455.195 178.836
475.121 180.302
494.526 185.035
514.032 189.242
534.009 189.762
553.971 190.541
573.908 192.018
593.835 193.593
613.729 195.614
633.451 198.76
653.158 202.011
672.931 204.897
692.64 208.246
712.183 212.367
730.487 220.325
748.399 229.191
767.301 235.682
786.868 239.761
806.291 244.415
824.654 252.288
843.237 259.569
861.916 266.621
879.521 276.104
897.59 284.621
916.921 289.612
936.856 290.863
956.788 292.141
976.012 297.491
994.086 306.032
1011.84 315.244
1030.27 322.979
1049.2 329.421
1067.25 337.928
1084.9 347.304
1103.89 353.457
1123.72 355.868
1143.64 354.56
1163.1 350.001
1182.72 346.335
1202.65 344.713
1222.6 345.259
1242.02 349.924
1260.08 358.405
1275.9 370.592
1290.89 383.823
1305.81 397.127
1318.51 412.525
1327.95 430.131
1334.31 449.07
1341.27 467.774
1348.19 486.487
1352.56 506.003
1357.82 525.287
1365.41 543.776
1373.32 562.137
1382.33 579.947
1392.11 597.375
1399.03 616.11
1402.37 635.798
1402.26 655.779
1398.33 675.341
1390.35 693.646
1379 710.072
1365.05 724.383
1351.32 738.898
1338.69 754.407
1327 770.609
1318.37 788.609
1313.24 807.919
1311.29 827.801
1313.23 847.665
1317.43 867.219
1323.44 886.265
1333.07 903.751
1345.99 918.974
1358.7 934.367
1367.96 952.061
1376.15 970.298
1383.06 989.028
1387.33 1008.56
1392.05 1027.99
1397.08 1047.34
1402.18 1066.67
1406.38 1086.2
1410.64 1105.71
1414.61 1125.27
1417.97 1144.96
1420.77 1164.72
1423.58 1184.47
1427.12 1204.13
1430.63 1223.8
1437.17 1242.68
1446.33 1260.44
1457.69 1276.88
1470.94 1291.86
1486.36 1304.53
1504.12 1313.64
1522.37 1321.8
1539.35 1332.33
1556.12 1343.21
1572.33 1354.86
1585.99 1369.44
1596.61 1386.34
1603.4 1405.11
1610.28 1423.84
1618.3 1442.14
1625.83 1460.67
1635.95 1477.87
1646.44 1494.87
1657.37 1511.56
1669.6 1527.38
1679.49 1544.72
1686.06 1563.59
1692.87 1582.36
1702.82 1599.69
1715.65 1614.98
