%Time (sec)	TC 0 - Near Chiller	TC 1	TC 2	TC 3	TC 4	TC 5	TC 6	TC 7 	TC 8 - Near Heater						6/25/2021	12:31 PM
0.0	12.3	12.3	12.0	12.0	12.0	12.2	12.0	12.3	12.0
10.0	12.3	12.3	12.0	11.9	12.0	12.2	12.0	12.3	12.0
20.0	12.3	12.3	12.0	12.0	12.0	12.2	12.0	12.3	12.0
30.0	12.3	12.3	12.0	12.0	12.0	12.2	12.0	12.3	12.1
40.0	12.3	12.3	12.0	12.0	12.0	12.2	12.1	12.4	12.2
50.0	12.3	12.3	12.0	12.0	12.1	12.2	12.2	12.4	12.4
60.0	12.3	12.3	12.0	12.1	12.2	12.3	12.3	12.5	12.5
70.0	12.3	12.3	12.1	12.1	12.2	12.4	12.4	12.7	12.7
80.0	12.3	12.4	12.1	12.2	12.3	12.5	12.5	12.8	13.0
90.0	12.3	12.4	12.2	12.3	12.4	12.6	12.7	13.0	13.2
100.0	12.3	12.4	12.2	12.4	12.5	12.7	12.9	13.2	13.4
110.0	12.3	12.5	12.3	12.5	12.6	12.9	13.0	13.4	13.6
120.0	12.3	12.6	12.4	12.6	12.8	13.0	13.2	13.5	13.8
130.0	12.3	12.6	12.5	12.7	12.9	13.1	13.4	13.7	14.1
140.0	12.3	12.7	12.6	12.8	13.0	13.3	13.6	13.9	14.3
150.0	12.3	12.7	12.6	12.9	13.1	13.4	13.7	14.1	14.5
160.0	12.3	12.8	12.7	13.0	13.3	13.6	13.9	14.3	14.7
170.0	12.3	12.8	12.8	13.1	13.4	13.7	14.1	14.4	14.9
180.0	12.3	12.9	12.9	13.2	13.5	13.8	14.2	14.6	15.1
190.0	12.3	13.0	13.0	13.3	13.6	14.0	14.4	14.8	15.3
200.0	12.3	13.0	13.1	13.4	13.8	14.1	14.6	15.0	15.5
210.0	12.3	13.1	13.1	13.5	13.9	14.3	14.7	15.1	15.7
220.0	12.3	13.1	13.2	13.6	14.0	14.4	14.9	15.3	15.9
230.0	12.3	13.2	13.3	13.7	14.1	14.5	15.0	15.5	16.0
240.0	12.3	13.3	13.4	13.8	14.2	14.6	15.1	15.6	16.2
250.0	12.3	13.3	13.5	13.9	14.3	14.7	15.3	15.7	16.4
260.0	12.3	13.4	13.5	14.0	14.4	14.9	15.4	15.9	16.5
270.0	12.3	13.4	13.6	14.1	14.5	15.0	15.5	16.0	16.7
280.0	12.3	13.5	13.7	14.1	14.6	15.1	15.7	16.1	16.8
290.0	12.3	13.5	13.7	14.2	14.7	15.2	15.8	16.3	17.0
300.0	12.3	13.6	13.8	14.3	14.8	15.3	15.9	16.4	17.1
310.0	12.3	13.6	13.8	14.4	14.9	15.4	16.0	16.5	17.2
320.0	12.3	13.7	13.9	14.4	14.9	15.5	16.1	16.6	17.3
330.0	12.3	13.7	14.0	14.5	15.0	15.6	16.2	16.7	17.5
340.0	12.3	13.8	14.0	14.6	15.1	15.7	16.3	16.8	17.6
350.0	12.3	13.8	14.1	14.6	15.2	15.7	16.4	16.9	17.7
360.0	12.3	13.8	14.1	14.7	15.2	15.8	16.5	17.0	17.8
370.0	12.3	13.9	14.2	14.7	15.3	15.9	16.6	17.1	17.9
380.0	12.4	13.9	14.2	14.8	15.4	16.0	16.7	17.2	18.0
390.0	12.4	13.9	14.3	14.9	15.5	16.1	16.7	17.3	18.1
400.0	12.3	14.0	14.3	14.9	15.5	16.1	16.8	17.4	18.2
410.0	12.3	14.0	14.3	15.0	15.6	16.2	16.9	17.5	18.3
420.0	12.3	14.1	14.4	15.0	15.6	16.3	17.0	17.6	18.4
430.0	12.4	14.1	14.4	15.1	15.7	16.3	17.0	17.7	18.4
440.0	12.4	14.1	14.5	15.1	15.7	16.4	17.1	17.7	18.5
450.0	12.4	14.1	14.5	15.1	15.8	16.4	17.2	17.8	18.6
460.0	12.4	14.2	14.5	15.2	15.8	16.5	17.2	17.9	18.7
470.0	12.4	14.2	14.6	15.2	15.9	16.5	17.3	17.9	18.7
480.0	12.4	14.2	14.6	15.3	15.9	16.6	17.3	18.0	18.8
490.0	12.4	14.2	14.6	15.3	16.0	16.7	17.4	18.1	18.9
500.0	12.4	14.3	14.7	15.3	16.0	16.7	17.4	18.1	19.0
510.0	12.4	14.3	14.7	15.4	16.0	16.7	17.5	18.2	19.0
520.0	12.4	14.3	14.7	15.4	16.1	16.8	17.5	18.2	19.1
530.0	12.4	14.3	14.8	15.4	16.1	16.8	17.6	18.3	19.1
540.0	12.4	14.4	14.8	15.5	16.2	16.9	17.6	18.3	19.2
550.0	12.4	14.4	14.8	15.5	16.2	16.9	17.7	18.4	19.2
560.0	12.4	14.4	14.8	15.5	16.2	17.0	17.7	18.4	19.3
570.0	12.4	14.4	14.8	15.6	16.3	17.0	17.8	18.5	19.3
580.0	12.4	14.5	14.9	15.6	16.3	17.0	17.8	18.5	19.4
590.0	12.4	14.5	14.9	15.6	16.3	17.1	17.8	18.5	19.4
600.0	12.4	14.5	14.9	15.6	16.4	17.1	17.9	18.6	19.5
610.0	12.4	14.5	14.9	15.7	16.4	17.1	17.9	18.6	19.5
620.0	12.4	14.5	15.0	15.7	16.4	17.2	17.9	18.7	19.5
630.0	12.4	14.5	15.0	15.7	16.4	17.2	18.0	18.7	19.6
640.0	12.5	14.5	15.0	15.7	16.5	17.2	18.0	18.7	19.6
650.0	12.5	14.6	15.0	15.8	16.5	17.3	18.1	18.8	19.7
660.0	12.5	14.6	15.0	15.8	16.5	17.3	18.1	18.8	19.7
670.0	12.5	14.6	15.1	15.8	16.5	17.3	18.1	18.9	19.8
680.0	12.5	14.6	15.1	15.8	16.6	17.3	18.1	18.9	19.8
690.0	12.5	14.6	15.1	15.8	16.6	17.4	18.2	18.9	19.8
700.0	12.5	14.6	15.1	15.8	16.6	17.4	18.2	18.9	19.8
710.0	12.5	14.6	15.1	15.9	16.6	17.4	18.2	19.0	19.9
720.0	12.5	14.6	15.1	15.9	16.6	17.4	18.2	19.0	19.9
730.0	12.5	14.7	15.2	15.9	16.7	17.5	18.3	19.0	19.9
740.0	12.4	14.7	15.1	15.9	16.7	17.5	18.3	19.0	19.9
750.0	12.4	14.7	15.2	15.9	16.7	17.5	18.3	19.1	20.0
760.0	12.4	14.7	15.2	15.9	16.7	17.5	18.3	19.1	20.0
770.0	12.4	14.7	15.2	16.0	16.7	17.5	18.3	19.1	20.0
780.0	12.4	14.7	15.2	16.0	16.7	17.6	18.3	19.1	20.1
790.0	12.4	14.7	15.2	16.0	16.8	17.6	18.4	19.2	20.1
800.0	12.4	14.7	15.2	16.0	16.8	17.6	18.4	19.2	20.1
810.0	12.4	14.8	15.2	16.0	16.8	17.6	18.4	19.2	20.1
820.0	12.4	14.8	15.3	16.0	16.8	17.6	18.4	19.2	20.1
830.0	12.4	14.8	15.3	16.0	16.8	17.6	18.5	19.3	20.2
840.0	12.4	14.8	15.3	16.0	16.8	17.6	18.5	19.3	20.2
850.0	12.4	14.8	15.3	16.1	16.8	17.7	18.5	19.3	20.2
860.0	12.4	14.8	15.3	16.1	16.9	17.7	18.5	19.3	20.2
870.0	12.4	14.8	15.3	16.1	16.9	17.7	18.5	19.3	20.2
880.0	12.4	14.8	15.3	16.1	16.9	17.7	18.5	19.3	20.3
890.0	12.4	14.8	15.3	16.1	16.9	17.7	18.6	19.4	20.3
900.0	12.4	14.8	15.3	16.1	16.9	17.7	18.6	19.4	20.3
910.0	12.4	14.8	15.3	16.1	16.9	17.8	18.6	19.4	20.3
920.0	12.4	14.8	15.3	16.1	16.9	17.8	18.6	19.4	20.3
930.0	12.4	14.9	15.4	16.1	16.9	17.8	18.6	19.4	20.3
940.0	12.4	14.9	15.4	16.1	16.9	17.8	18.6	19.4	20.4
950.0	12.4	14.9	15.4	16.1	16.9	17.8	18.6	19.4	20.4
960.0	12.4	14.9	15.4	16.2	17.0	17.8	18.6	19.5	20.4
970.0	12.4	14.9	15.4	16.2	17.0	17.8	18.7	19.5	20.4
980.0	12.4	14.9	15.4	16.2	17.0	17.8	18.7	19.5	20.4
990.0	12.4	14.9	15.4	16.2	17.0	17.8	18.7	19.5	20.4
1000.0	12.4	14.9	15.4	16.2	17.0	17.9	18.7	19.5	20.4
1010.0	12.4	14.9	15.4	16.2	17.0	17.9	18.7	19.5	20.5
1020.0	12.4	14.9	15.4	16.2	17.0	17.9	18.7	19.5	20.5
1030.0	12.4	14.9	15.4	16.2	17.0	17.9	18.7	19.5	20.5
1040.0	12.4	14.9	15.4	16.2	17.0	17.9	18.7	19.6	20.5
1050.0	12.4	14.9	15.4	16.2	17.0	17.9	18.7	19.6	20.5
1060.0	12.4	14.9	15.4	16.2	17.1	17.9	18.7	19.6	20.5
1070.0	12.4	14.9	15.4	16.2	17.0	17.9	18.7	19.6	20.5
1080.0	12.4	14.9	15.4	16.2	17.1	17.9	18.8	19.6	20.5
1090.0	12.4	14.9	15.5	16.2	17.1	17.9	18.8	19.6	20.5
1100.0	12.4	14.9	15.4	16.2	17.1	17.9	18.8	19.6	20.5
1110.0	12.4	14.9	15.5	16.3	17.1	17.9	18.8	19.6	20.6
1120.0	12.4	14.9	15.5	16.2	17.1	17.9	18.8	19.6	20.6
1130.0	12.4	15.0	15.5	16.3	17.1	18.0	18.8	19.6	20.6
1140.0	12.4	15.0	15.5	16.3	17.1	17.9	18.8	19.6	20.6
1150.0	12.4	15.0	15.5	16.3	17.1	18.0	18.8	19.6	20.6
1160.0	12.4	15.0	15.5	16.3	17.1	18.0	18.8	19.7	20.6
1170.0	12.4	15.0	15.5	16.3	17.1	18.0	18.8	19.7	20.6
1180.0	12.4	15.0	15.5	16.3	17.1	18.0	18.8	19.7	20.6
1190.0	12.4	15.0	15.5	16.3	17.1	18.0	18.8	19.7	20.6
1200.0	12.4	15.0	15.5	16.3	17.1	18.0	18.8	19.7	20.6
1210.0	12.4	15.0	15.5	16.3	17.1	18.0	18.8	19.7	20.6
1220.0	12.4	15.0	15.5	16.3	17.1	18.0	18.8	19.7	20.6
1230.0	12.4	15.0	15.5	16.3	17.1	18.0	18.8	19.7	20.6
1240.0	12.5	15.0	15.5	16.3	17.1	18.0	18.9	19.7	20.7
1250.0	12.5	15.0	15.5	16.3	17.1	18.0	18.9	19.7	20.7
1260.0	12.5	15.0	15.5	16.3	17.2	18.0	18.9	19.7	20.7
1270.0	12.5	15.0	15.5	16.3	17.2	18.0	18.9	19.7	20.7
1280.0	12.5	15.0	15.5	16.3	17.2	18.0	18.9	19.7	20.7
1290.0	12.5	15.0	15.5	16.3	17.2	18.0	18.9	19.7	20.7
1300.0	12.5	15.0	15.5	16.3	17.2	18.0	18.9	19.7	20.7
1310.0	12.5	15.0	15.5	16.3	17.2	18.1	18.9	19.8	20.7
1320.0	12.5	15.0	15.5	16.3	17.2	18.1	18.9	19.8	20.7
1330.0	12.5	15.0	15.5	16.3	17.2	18.1	18.9	19.8	20.7
1340.0	12.5	15.0	15.5	16.3	17.2	18.1	18.9	19.8	20.7
1350.0	12.5	15.0	15.5	16.3	17.2	18.1	18.9	19.8	20.7
1360.0	12.5	15.0	15.6	16.4	17.2	18.1	18.9	19.8	20.7
1370.0	12.5	15.0	15.5	16.4	17.2	18.1	18.9	19.8	20.7
1380.0	12.5	15.0	15.5	16.4	17.2	18.1	18.9	19.8	20.7
1390.0	12.5	15.0	15.5	16.4	17.2	18.1	18.9	19.8	20.7
1400.0	12.4	15.0	15.6	16.4	17.2	18.1	18.9	19.8	20.7
1410.0	12.5	15.0	15.6	16.3	17.2	18.1	18.9	19.8	20.7
1420.0	12.4	15.0	15.6	16.4	17.2	18.1	18.9	19.8	20.8
1430.0	12.4	15.0	15.6	16.4	17.2	18.1	18.9	19.8	20.8
1440.0	12.4	15.0	15.6	16.4	17.2	18.1	18.9	19.8	20.8
1450.0	12.4	15.0	15.6	16.4	17.2	18.1	19.0	19.8	20.8
1460.0	12.4	15.0	15.6	16.4	17.2	18.1	19.0	19.8	20.8
1470.0	12.4	15.0	15.6	16.4	17.2	18.1	18.9	19.8	20.8
1480.0	12.4	15.0	15.6	16.4	17.2	18.1	18.9	19.8	20.8
1490.0	12.4	15.1	15.6	16.4	17.2	18.1	19.0	19.8	20.8
1500.0	12.4	15.1	15.6	16.4	17.2	18.1	19.0	19.8	20.8
1510.0	12.4	15.0	15.6	16.4	17.2	18.1	19.0	19.8	20.8
1520.0	12.4	15.0	15.6	16.4	17.2	18.1	19.0	19.8	20.8
1530.0	12.4	15.0	15.6	16.4	17.2	18.1	19.0	19.8	20.8
1540.0	12.4	15.0	15.6	16.4	17.2	18.1	19.0	19.8	20.8
1550.0	12.4	15.1	15.6	16.4	17.2	18.1	19.0	19.8	20.8
1560.0	12.4	15.1	15.6	16.4	17.2	18.1	19.0	19.9	20.8
1570.0	12.4	15.1	15.6	16.4	17.2	18.1	19.0	19.9	20.8
1580.0	12.4	15.1	15.6	16.4	17.3	18.1	19.0	19.9	20.8
1590.0	12.4	15.1	15.6	16.4	17.2	18.1	19.0	19.9	20.8
1600.0	12.4	15.1	15.6	16.4	17.2	18.1	19.0	19.9	20.8
1610.0	12.5	15.1	15.6	16.4	17.3	18.1	19.0	19.9	20.8
1620.0	12.5	15.1	15.6	16.4	17.2	18.1	19.0	19.9	20.8
1630.0	12.5	15.1	15.6	16.4	17.2	18.1	19.0	19.9	20.8
1640.0	12.5	15.1	15.6	16.4	17.3	18.1	19.0	19.9	20.8
1650.0	12.5	15.1	15.6	16.4	17.3	18.2	19.0	19.9	20.8
1660.0	12.5	15.1	15.6	16.4	17.3	18.2	19.0	19.9	20.8
1670.0	12.5	15.1	15.6	16.4	17.3	18.2	19.0	19.9	20.8
1680.0	12.5	15.1	15.6	16.4	17.3	18.1	19.0	19.9	20.8
1690.0	12.5	15.1	15.6	16.4	17.3	18.2	19.0	19.9	20.8
1700.0	12.5	15.1	15.6	16.4	17.3	18.2	19.0	19.9	20.8
1710.0	12.5	15.1	15.6	16.4	17.3	18.2	19.0	19.9	20.8
1720.0	12.5	15.1	15.6	16.4	17.3	18.1	19.0	19.9	20.8
1730.0	12.5	15.1	15.6	16.4	17.3	18.2	19.0	19.9	20.8
1740.0	12.5	15.1	15.6	16.4	17.3	18.2	19.0	19.9	20.8
1750.0	12.5	15.1	15.6	16.4	17.3	18.2	19.0	19.9	20.8
1760.0	12.5	15.1	15.6	16.4	17.3	18.2	19.0	19.9	20.8
1770.0	12.5	15.1	15.6	16.4	17.3	18.2	19.0	19.9	20.8
1780.0	12.5	15.1	15.6	16.4	17.3	18.2	19.0	19.9	20.9
1790.0	12.5	15.1	15.6	16.4	17.3	18.2	19.0	19.9	20.9
1800.0	12.5	15.1	15.6	16.4	17.3	18.2	19.0	19.9	20.9
1810.0	12.5	15.1	15.6	16.4	17.3	18.2	19.0	19.9	20.9
1820.0	12.5	15.1	15.6	16.4	17.3	18.2	19.0	19.9	20.9
1830.0	12.5	15.1	15.6	16.4	17.3	18.2	19.0	19.9	20.9
1840.0	12.5	15.1	15.6	16.4	17.3	18.2	19.0	19.9	20.9
1850.0	12.5	15.1	15.6	16.4	17.3	18.2	19.0	19.9	20.9
1860.0	12.5	15.1	15.6	16.4	17.3	18.2	19.0	19.9	20.9
1870.0	12.5	15.1	15.6	16.4	17.3	18.2	19.0	19.9	20.9
1880.0	12.5	15.1	15.6	16.4	17.3	18.2	19.0	19.9	20.9
1890.0	12.5	15.1	15.6	16.4	17.3	18.2	19.0	19.9	20.9
1900.0	12.5	15.1	15.6	16.4	17.3	18.2	19.0	19.9	20.9
1910.0	12.4	15.1	15.6	16.4	17.3	18.2	19.0	19.9	20.9
1920.0	12.4	15.1	15.6	16.4	17.3	18.2	19.0	19.9	20.9
1930.0	12.5	15.1	15.6	16.4	17.3	18.2	19.0	19.9	20.9
1940.0	12.4	15.1	15.6	16.4	17.3	18.2	19.0	19.9	20.9
1950.0	12.4	15.1	15.6	16.4	17.3	18.2	19.0	19.9	20.9
1960.0	12.4	15.1	15.6	16.4	17.3	18.2	19.0	19.9	20.9
1970.0	12.4	15.1	15.6	16.4	17.3	18.2	19.0	19.9	20.9
1980.0	12.4	15.1	15.6	16.4	17.3	18.2	19.0	19.9	20.9
1990.0	12.4	15.1	15.6	16.4	17.3	18.2	19.1	19.9	20.9
2000.0	12.4	15.1	15.6	16.4	17.3	18.2	19.0	19.9	20.9
2010.0	12.4	15.1	15.6	16.4	17.3	18.2	19.0	19.9	20.9
2020.0	12.4	15.1	15.6	16.5	17.3	18.2	19.1	20.0	20.9
2030.0	12.4	15.1	15.6	16.4	17.3	18.2	19.1	19.9	20.9
2040.0	12.4	15.1	15.6	16.5	17.3	18.2	19.1	20.0	20.9
2050.0	12.4	15.1	15.6	16.4	17.3	18.2	19.0	19.9	20.9
2060.0	12.4	15.1	15.6	16.4	17.3	18.2	19.0	19.9	20.9
2070.0	12.4	15.1	15.6	16.4	17.3	18.2	19.1	20.0	20.9
2080.0	12.4	15.1	15.6	16.4	17.3	18.2	19.1	20.0	20.9
2090.0	12.4	15.1	15.6	16.4	17.3	18.2	19.0	20.0	20.9
2100.0	12.4	15.1	15.6	16.4	17.3	18.2	19.1	20.0	20.9
2110.0	12.4	15.1	15.6	16.4	17.3	18.2	19.1	20.0	20.9
2120.0	12.4	15.1	15.7	16.5	17.3	18.2	19.1	20.0	20.9
2130.0	12.4	15.1	15.6	16.5	17.3	18.2	19.1	20.0	20.9
2140.0	12.4	15.1	15.6	16.4	17.3	18.2	19.0	19.9	20.9
2150.0	12.4	15.1	15.6	16.4	17.3	18.2	19.1	20.0	20.9
2160.0	12.4	15.1	15.6	16.4	17.3	18.2	19.1	20.0	20.9
2170.0	12.4	15.1	15.6	16.5	17.3	18.2	19.1	20.0	20.9
2180.0	12.4	15.1	15.6	16.4	17.3	18.2	19.0	19.9	20.9
2190.0	12.4	15.1	15.6	16.5	17.3	18.2	19.1	20.0	20.9
2200.0	12.4	15.1	15.6	16.5	17.3	18.2	19.1	20.0	20.9
2210.0	12.4	15.1	15.6	16.5	17.3	18.2	19.1	20.0	20.9
2220.0	12.4	15.1	15.6	16.4	17.3	18.2	19.1	20.0	20.9
2230.0	12.4	15.1	15.6	16.5	17.3	18.2	19.1	20.0	20.9
2240.0	12.4	15.1	15.6	16.5	17.3	18.2	19.1	20.0	20.9
2250.0	12.4	15.1	15.6	16.5	17.3	18.2	19.1	20.0	20.9
2260.0	12.4	15.1	15.6	16.4	17.3	18.2	19.1	19.9	20.9
2270.0	12.4	15.1	15.6	16.4	17.3	18.2	19.1	20.0	20.9
2280.0	12.4	15.1	15.6	16.4	17.3	18.2	19.1	20.0	20.9
2290.0	12.4	15.1	15.6	16.5	17.3	18.2	19.1	19.9	20.9
2300.0	12.4	15.1	15.6	16.5	17.3	18.2	19.1	20.0	20.9
2310.0	12.4	15.1	15.6	16.5	17.3	18.2	19.1	20.0	20.9
2320.0	12.4	15.1	15.6	16.4	17.3	18.2	19.1	20.0	20.9
2330.0	12.4	15.1	15.6	16.5	17.3	18.2	19.1	20.0	20.9
2340.0	12.4	15.1	15.6	16.4	17.3	18.2	19.1	20.0	20.9
2350.0	12.4	15.1	15.6	16.5	17.3	18.2	19.1	20.0	20.9
2360.0	12.4	15.1	15.6	16.5	17.3	18.2	19.1	20.0	20.9
2370.0	12.4	15.1	15.6	16.5	17.3	18.2	19.1	20.0	20.9
2380.0	12.4	15.1	15.6	16.5	17.3	18.2	19.1	20.0	20.9
2390.0	12.4	15.1	15.6	16.5	17.3	18.2	19.1	20.0	20.9
2400.0	12.4	15.1	15.6	16.5	17.3	18.2	19.1	20.0	20.9
2410.0	12.4	15.1	15.6	16.5	17.3	18.2	19.1	20.0	20.9
2420.0	12.4	15.1	15.7	16.5	17.3	18.2	19.1	20.0	20.9
2430.0	12.4	15.1	15.6	16.5	17.3	18.2	19.1	20.0	20.9
2440.0	12.4	15.1	15.7	16.5	17.3	18.2	19.1	20.0	20.9
2450.0	12.4	15.1	15.6	16.5	17.3	18.2	19.1	20.0	20.9
2460.0	12.4	15.1	15.6	16.5	17.3	18.2	19.1	20.0	20.9
2470.0	12.4	15.1	15.6	16.5	17.3	18.2	19.1	20.0	20.9
2480.0	12.4	15.1	15.7	16.5	17.3	18.2	19.1	20.0	20.9
2490.0	12.4	15.1	15.7	16.5	17.3	18.2	19.1	20.0	20.9
2500.0	12.4	15.1	15.7	16.5	17.3	18.2	19.1	20.0	20.9
2510.0	12.4	15.1	15.7	16.5	17.3	18.2	19.1	20.0	20.9
2520.0	12.4	15.1	15.6	16.5	17.3	18.2	19.1	20.0	20.9
2530.0	12.4	15.1	15.6	16.5	17.3	18.2	19.1	20.0	20.9
2540.0	12.4	15.1	15.6	16.5	17.3	18.2	19.1	20.0	20.9
2550.0	12.4	15.1	15.7	16.5	17.3	18.2	19.1	20.0	20.9
2560.0	12.4	15.1	15.7	16.5	17.3	18.2	19.1	20.0	20.9
2570.0	12.4	15.1	15.6	16.5	17.3	18.2	19.1	20.0	20.9
2580.0	12.4	15.1	15.7	16.5	17.3	18.2	19.1	20.0	20.9
2590.0	12.4	15.1	15.6	16.5	17.3	18.2	19.1	20.0	20.9
2600.0	12.4	15.1	15.6	16.5	17.3	18.2	19.1	20.0	20.9
2610.0	12.4	15.1	15.7	16.5	17.3	18.2	19.1	20.0	20.9
2620.0	12.4	15.1	15.7	16.5	17.3	18.2	19.1	20.0	20.9
2630.0	12.4	15.1	15.6	16.5	17.3	18.2	19.1	20.0	20.9
2640.0	12.4	15.1	15.7	16.5	17.3	18.2	19.1	20.0	20.9
2650.0	12.4	15.1	15.7	16.5	17.3	18.2	19.1	20.0	20.9
2660.0	12.4	15.1	15.6	16.5	17.3	18.2	19.1	20.0	20.9
2670.0	12.4	15.1	15.7	16.5	17.3	18.2	19.1	20.0	20.9
2680.0	12.4	15.1	15.6	16.5	17.3	18.2	19.1	20.0	20.9
2690.0	12.4	15.1	15.7	16.5	17.3	18.2	19.1	20.0	20.9
2700.0	12.4	15.1	15.6	16.5	17.3	18.2	19.1	20.0	20.9
