%Time (sec)	TC 0 - Near Chiller	TC 1	TC 2	TC 3	TC 4	TC 5	TC 6	TC 7 	TC 8 - Near Heater						7/5/2021	12:42 PM
0.0	12.8	11.9	12.1	12.1	12.3	12.2	12.3	12.4	12.5
10.0	12.8	11.9	12.1	12.1	12.2	12.2	12.3	12.4	12.5
20.0	12.8	11.9	12.1	12.1	12.2	12.2	12.3	12.4	12.5
30.0	12.8	11.9	12.1	12.1	12.2	12.2	12.3	12.4	12.5
40.0	12.8	11.9	12.1	12.1	12.2	12.2	12.3	12.4	12.5
50.0	12.8	11.9	12.1	12.1	12.2	12.2	12.3	12.4	12.5
60.0	12.8	11.9	12.1	12.1	12.3	12.2	12.3	12.4	12.6
70.0	12.8	11.9	12.1	12.1	12.2	12.2	12.3	12.4	12.6
80.0	12.8	11.9	12.1	12.1	12.2	12.2	12.3	12.5	12.7
90.0	12.8	11.9	12.1	12.1	12.3	12.2	12.4	12.5	12.8
100.0	12.8	11.9	12.1	12.1	12.3	12.3	12.4	12.6	12.9
110.0	12.8	11.9	12.1	12.1	12.3	12.3	12.5	12.8	13.1
120.0	12.8	11.9	12.1	12.2	12.4	12.4	12.6	12.9	13.3
130.0	12.8	11.9	12.2	12.2	12.4	12.5	12.8	13.1	13.5
140.0	12.8	11.9	12.2	12.3	12.5	12.6	12.9	13.3	13.7
150.0	12.8	12.0	12.2	12.3	12.6	12.7	13.1	13.5	14.0
160.0	12.8	12.0	12.3	12.4	12.7	12.8	13.3	13.7	14.2
170.0	12.8	12.0	12.3	12.5	12.8	13.0	13.4	13.9	14.4
180.0	12.8	12.1	12.4	12.6	12.9	13.1	13.6	14.2	14.7
190.0	12.8	12.1	12.5	12.6	13.0	13.3	13.8	14.4	14.9
200.0	12.8	12.2	12.5	12.7	13.1	13.4	14.0	14.6	15.2
210.0	12.8	12.2	12.6	12.9	13.2	13.6	14.2	14.8	15.4
220.0	12.8	12.3	12.7	13.0	13.4	13.8	14.4	15.0	15.7
230.0	12.8	12.4	12.8	13.1	13.5	13.9	14.6	15.3	15.9
240.0	12.8	12.4	12.8	13.2	13.6	14.1	14.8	15.5	16.1
250.0	12.8	12.5	12.9	13.3	13.8	14.3	15.0	15.7	16.4
260.0	12.8	12.5	13.0	13.4	13.9	14.5	15.2	15.9	16.6
270.0	12.8	12.6	13.1	13.5	14.0	14.6	15.3	16.1	16.8
280.0	12.8	12.7	13.2	13.6	14.2	14.8	15.5	16.3	17.1
290.0	12.8	12.7	13.3	13.7	14.3	14.9	15.7	16.5	17.3
300.0	12.8	12.8	13.4	13.8	14.4	15.1	15.9	16.7	17.5
310.0	12.8	12.9	13.5	14.0	14.6	15.3	16.1	16.9	17.7
320.0	12.8	12.9	13.5	14.1	14.7	15.4	16.2	17.1	17.9
330.0	12.8	13.0	13.6	14.2	14.8	15.6	16.4	17.3	18.1
340.0	12.8	13.1	13.7	14.3	15.0	15.7	16.6	17.5	18.3
350.0	12.8	13.1	13.8	14.4	15.1	15.9	16.7	17.7	18.5
360.0	12.8	13.2	13.9	14.5	15.2	16.0	16.9	17.9	18.7
370.0	12.8	13.2	14.0	14.6	15.4	16.2	17.1	18.0	18.9
380.0	12.8	13.3	14.1	14.7	15.5	16.3	17.2	18.2	19.1
390.0	12.8	13.4	14.1	14.8	15.6	16.4	17.4	18.4	19.3
400.0	12.8	13.4	14.2	14.9	15.7	16.6	17.6	18.5	19.4
410.0	12.8	13.5	14.3	15.0	15.8	16.7	17.7	18.7	19.6
420.0	12.8	13.6	14.4	15.1	15.9	16.8	17.8	18.9	19.8
430.0	12.8	13.6	14.4	15.2	16.1	17.0	18.0	19.0	20.0
440.0	12.8	13.7	14.5	15.3	16.2	17.1	18.1	19.2	20.1
450.0	12.8	13.7	14.6	15.4	16.3	17.2	18.3	19.3	20.3
460.0	12.8	13.8	14.7	15.5	16.4	17.4	18.4	19.5	20.5
470.0	12.8	13.8	14.7	15.6	16.5	17.5	18.5	19.6	20.6
480.0	12.8	13.9	14.8	15.7	16.6	17.6	18.7	19.8	20.8
490.0	12.8	13.9	14.9	15.8	16.7	17.7	18.8	19.9	20.9
500.0	12.9	14.0	14.9	15.8	16.8	17.8	18.9	20.0	21.1
510.0	12.9	14.1	15.0	15.9	16.9	18.0	19.1	20.2	21.2
520.0	12.8	14.1	15.1	16.0	17.0	18.1	19.2	20.3	21.3
530.0	12.9	14.2	15.1	16.1	17.1	18.2	19.3	20.4	21.5
540.0	12.9	14.2	15.2	16.2	17.2	18.3	19.4	20.6	21.6
550.0	12.9	14.2	15.3	16.2	17.3	18.4	19.5	20.7	21.8
560.0	12.8	14.3	15.3	16.3	17.3	18.5	19.6	20.8	21.9
570.0	12.9	14.3	15.4	16.4	17.4	18.6	19.7	20.9	22.0
580.0	12.9	14.4	15.4	16.5	17.5	18.7	19.9	21.1	22.2
590.0	12.9	14.4	15.5	16.5	17.6	18.8	20.0	21.2	22.3
600.0	12.9	14.5	15.6	16.6	17.7	18.9	20.1	21.3	22.4
610.0	12.9	14.5	15.6	16.7	17.8	19.0	20.2	21.4	22.5
620.0	12.9	14.6	15.7	16.7	17.8	19.1	20.3	21.5	22.6
630.0	12.9	14.6	15.7	16.8	17.9	19.1	20.4	21.6	22.8
640.0	12.9	14.6	15.8	16.9	18.0	19.2	20.5	21.7	22.9
650.0	12.9	14.7	15.8	16.9	18.1	19.3	20.6	21.8	23.0
660.0	12.9	14.7	15.9	17.0	18.1	19.4	20.7	21.9	23.1
670.0	12.9	14.8	15.9	17.1	18.2	19.5	20.8	22.0	23.2
680.0	12.9	14.8	16.0	17.1	18.3	19.6	20.9	22.1	23.3
690.0	12.9	14.8	16.0	17.2	18.4	19.7	20.9	22.2	23.4
700.0	12.9	14.9	16.1	17.2	18.4	19.7	21.0	22.3	23.5
710.0	12.9	14.9	16.1	17.3	18.5	19.8	21.1	22.4	23.6
720.0	12.9	14.9	16.2	17.4	18.6	19.9	21.2	22.5	23.7
730.0	12.9	15.0	16.2	17.4	18.6	20.0	21.3	22.6	23.8
740.0	12.9	15.0	16.2	17.5	18.7	20.0	21.4	22.7	23.9
750.0	12.9	15.0	16.3	17.5	18.8	20.1	21.4	22.8	24.0
760.0	12.9	15.1	16.3	17.6	18.8	20.2	21.5	22.9	24.1
770.0	12.9	15.1	16.4	17.6	18.9	20.2	21.6	22.9	24.2
780.0	12.9	15.1	16.4	17.7	18.9	20.3	21.7	23.0	24.3
790.0	12.9	15.2	16.4	17.7	19.0	20.4	21.7	23.1	24.4
800.0	12.9	15.2	16.5	17.8	19.0	20.4	21.8	23.2	24.4
810.0	12.9	15.2	16.5	17.8	19.1	20.5	21.9	23.3	24.5
820.0	12.9	15.2	16.6	17.9	19.2	20.6	21.9	23.3	24.6
830.0	12.9	15.3	16.6	17.9	19.2	20.6	22.0	23.4	24.7
840.0	12.9	15.3	16.6	18.0	19.3	20.7	22.1	23.5	24.8
850.0	12.9	15.3	16.7	18.0	19.3	20.8	22.1	23.5	24.8
860.0	12.9	15.4	16.7	18.1	19.4	20.8	22.2	23.6	24.9
870.0	12.9	15.4	16.7	18.1	19.4	20.9	22.3	23.7	25.0
880.0	12.9	15.4	16.8	18.1	19.5	20.9	22.3	23.8	25.1
890.0	12.9	15.4	16.8	18.2	19.5	21.0	22.4	23.8	25.1
900.0	12.9	15.5	16.8	18.2	19.6	21.0	22.5	23.9	25.2
910.0	12.9	15.5	16.9	18.3	19.6	21.1	22.5	24.0	25.3
920.0	12.9	15.5	16.9	18.3	19.6	21.1	22.6	24.0	25.3
930.0	12.9	15.5	16.9	18.4	19.7	21.2	22.6	24.1	25.4
940.0	12.9	15.6	17.0	18.4	19.7	21.2	22.7	24.1	25.5
950.0	12.9	15.6	17.0	18.4	19.8	21.3	22.7	24.2	25.5
960.0	12.9	15.6	17.0	18.4	19.8	21.3	22.8	24.3	25.6
970.0	12.9	15.6	17.1	18.5	19.9	21.4	22.8	24.3	25.7
980.0	12.9	15.7	17.1	18.5	19.9	21.4	22.9	24.4	25.7
990.0	12.9	15.7	17.1	18.5	19.9	21.5	22.9	24.4	25.8
1000.0	12.9	15.7	17.1	18.6	20.0	21.5	23.0	24.5	25.9
1010.0	12.9	15.7	17.2	18.6	20.0	21.6	23.0	24.5	25.9
1020.0	12.9	15.7	17.2	18.6	20.1	21.6	23.1	24.6	26.0
1030.0	12.9	15.8	17.2	18.7	20.1	21.7	23.1	24.6	26.0
1040.0	12.9	15.8	17.2	18.7	20.1	21.7	23.2	24.7	26.1
1050.0	12.9	15.8	17.3	18.8	20.2	21.7	23.2	24.7	26.1
1060.0	12.9	15.8	17.3	18.8	20.2	21.8	23.3	24.8	26.2
1070.0	12.9	15.8	17.3	18.8	20.2	21.8	23.3	24.8	26.2
1080.0	12.9	15.9	17.3	18.8	20.3	21.9	23.4	24.9	26.3
1090.0	12.9	15.9	17.4	18.9	20.3	21.9	23.4	24.9	26.3
1100.0	12.9	15.9	17.4	18.9	20.3	21.9	23.4	25.0	26.4
1110.0	12.9	15.9	17.4	18.9	20.4	22.0	23.5	25.0	26.4
1120.0	12.9	15.9	17.4	18.9	20.4	22.0	23.5	25.1	26.5
1130.0	12.9	15.9	17.4	19.0	20.4	22.0	23.5	25.1	26.5
1140.0	12.9	16.0	17.5	19.0	20.5	22.1	23.6	25.1	26.6
1150.0	12.9	16.0	17.5	19.0	20.5	22.1	23.6	25.2	26.6
1160.0	12.9	16.0	17.5	19.1	20.5	22.1	23.7	25.2	26.7
1170.0	12.9	16.0	17.5	19.1	20.5	22.2	23.7	25.3	26.7
1180.0	12.9	16.0	17.6	19.1	20.6	22.2	23.7	25.3	26.7
1190.0	12.9	16.1	17.6	19.1	20.6	22.2	23.8	25.3	26.8
1200.0	13.0	16.1	17.6	19.2	20.6	22.3	23.8	25.4	26.8
1210.0	12.9	16.1	17.6	19.2	20.7	22.3	23.8	25.4	26.9
1220.0	12.9	16.1	17.6	19.2	20.7	22.3	23.9	25.5	26.9
1230.0	12.9	16.1	17.7	19.2	20.7	22.4	23.9	25.5	27.0
1240.0	13.0	16.1	17.7	19.3	20.7	22.4	24.0	25.5	27.0
1250.0	12.9	16.1	17.7	19.3	20.8	22.4	24.0	25.6	27.0
1260.0	12.9	16.2	17.7	19.3	20.8	22.5	24.0	25.6	27.1
1270.0	13.0	16.2	17.7	19.3	20.8	22.5	24.1	25.6	27.1
1280.0	13.0	16.2	17.7	19.3	20.9	22.5	24.1	25.7	27.2
1290.0	13.0	16.2	17.8	19.4	20.9	22.5	24.1	25.7	27.2
1300.0	13.0	16.2	17.8	19.4	20.9	22.6	24.1	25.7	27.2
1310.0	13.0	16.2	17.8	19.4	20.9	22.6	24.2	25.8	27.3
1320.0	12.9	16.2	17.8	19.4	20.9	22.6	24.2	25.8	27.3
1330.0	13.0	16.2	17.8	19.4	21.0	22.6	24.2	25.8	27.3
1340.0	13.0	16.2	17.8	19.4	21.0	22.7	24.2	25.8	27.4
1350.0	12.9	16.3	17.9	19.5	21.0	22.7	24.3	25.9	27.4
1360.0	13.0	16.3	17.9	19.5	21.0	22.7	24.3	25.9	27.4
1370.0	13.0	16.3	17.9	19.5	21.0	22.7	24.3	25.9	27.4
1380.0	13.0	16.3	17.9	19.5	21.1	22.8	24.3	26.0	27.5
1390.0	13.0	16.3	17.9	19.5	21.1	22.8	24.4	26.0	27.5
1400.0	13.0	16.3	17.9	19.6	21.1	22.8	24.4	26.0	27.6
1410.0	13.0	16.3	17.9	19.6	21.1	22.8	24.4	26.1	27.6
1420.0	13.0	16.3	18.0	19.6	21.1	22.8	24.5	26.1	27.6
1430.0	13.0	16.3	18.0	19.6	21.2	22.9	24.5	26.1	27.6
1440.0	13.0	16.3	18.0	19.6	21.2	22.9	24.5	26.1	27.7
1450.0	13.0	16.4	18.0	19.6	21.2	22.9	24.5	26.1	27.7
1460.0	13.0	16.4	18.0	19.7	21.2	22.9	24.5	26.2	27.7
1470.0	13.0	16.4	18.0	19.7	21.2	23.0	24.6	26.2	27.7
1480.0	13.0	16.4	18.0	19.7	21.2	23.0	24.6	26.2	27.8
1490.0	13.0	16.4	18.0	19.7	21.3	23.0	24.6	26.2	27.8
1500.0	13.0	16.4	18.0	19.7	21.3	23.0	24.6	26.3	27.8
1510.0	13.0	16.4	18.1	19.7	21.3	23.0	24.7	26.3	27.8
1520.0	13.0	16.4	18.1	19.7	21.3	23.0	24.7	26.3	27.9
1530.0	13.0	16.4	18.1	19.7	21.3	23.1	24.7	26.3	27.9
1540.0	13.0	16.4	18.1	19.8	21.3	23.1	24.7	26.4	27.9
1550.0	13.0	16.5	18.1	19.8	21.4	23.1	24.7	26.4	27.9
1560.0	13.0	16.5	18.1	19.8	21.4	23.1	24.7	26.4	28.0
1570.0	13.0	16.5	18.1	19.8	21.4	23.1	24.8	26.4	28.0
1580.0	13.0	16.5	18.1	19.8	21.4	23.1	24.8	26.4	28.0
1590.0	13.0	16.5	18.1	19.8	21.4	23.2	24.8	26.5	28.0
1600.0	13.0	16.5	18.2	19.9	21.4	23.2	24.8	26.5	28.0
1610.0	13.0	16.5	18.2	19.8	21.4	23.2	24.8	26.5	28.1
1620.0	13.0	16.5	18.2	19.9	21.5	23.2	24.9	26.5	28.1
1630.0	13.0	16.5	18.2	19.9	21.5	23.2	24.9	26.5	28.1
1640.0	13.0	16.5	18.2	19.9	21.5	23.2	24.9	26.6	28.1
1650.0	13.0	16.5	18.2	19.9	21.5	23.3	24.9	26.6	28.2
1660.0	13.0	16.5	18.2	19.9	21.5	23.3	24.9	26.6	28.2
1670.0	13.0	16.6	18.2	19.9	21.5	23.3	24.9	26.6	28.2
1680.0	13.0	16.6	18.2	19.9	21.5	23.3	25.0	26.6	28.2
1690.0	13.0	16.6	18.2	19.9	21.6	23.3	25.0	26.6	28.2
1700.0	13.0	16.6	18.3	20.0	21.6	23.3	25.0	26.7	28.3
1710.0	13.0	16.6	18.3	20.0	21.6	23.3	25.0	26.7	28.3
1720.0	13.0	16.6	18.3	20.0	21.6	23.3	25.0	26.7	28.3
1730.0	13.0	16.6	18.3	20.0	21.6	23.4	25.0	26.7	28.3
1740.0	13.0	16.6	18.3	20.0	21.6	23.4	25.0	26.7	28.3
1750.0	13.0	16.6	18.3	20.0	21.6	23.4	25.1	26.7	28.3
1760.0	13.0	16.6	18.3	20.0	21.6	23.4	25.1	26.8	28.3
1770.0	13.0	16.6	18.3	20.0	21.6	23.4	25.1	26.8	28.4
1780.0	13.0	16.6	18.3	20.0	21.7	23.4	25.1	26.8	28.4
1790.0	13.0	16.6	18.3	20.0	21.7	23.4	25.1	26.8	28.4
1800.0	13.0	16.6	18.3	20.1	21.7	23.4	25.1	26.8	28.4
1810.0	13.0	16.6	18.3	20.1	21.7	23.5	25.1	26.8	28.4
1820.0	13.0	16.6	18.3	20.1	21.7	23.5	25.1	26.8	28.4
1830.0	13.0	16.7	18.4	20.1	21.7	23.5	25.2	26.9	28.5
1840.0	13.0	16.7	18.4	20.1	21.7	23.5	25.2	26.9	28.5
1850.0	13.0	16.7	18.4	20.1	21.7	23.5	25.2	26.9	28.5
1860.0	13.0	16.7	18.4	20.1	21.7	23.5	25.2	26.9	28.5
1870.0	13.0	16.7	18.4	20.1	21.8	23.5	25.2	26.9	28.5
1880.0	13.0	16.7	18.4	20.1	21.8	23.5	25.2	26.9	28.5
1890.0	13.0	16.7	18.4	20.1	21.8	23.5	25.2	26.9	28.5
1900.0	13.0	16.7	18.4	20.1	21.8	23.6	25.2	26.9	28.6
1910.0	13.0	16.7	18.4	20.1	21.8	23.6	25.3	27.0	28.6
1920.0	13.0	16.7	18.4	20.2	21.8	23.6	25.3	27.0	28.6
1930.0	13.0	16.7	18.4	20.2	21.8	23.6	25.3	27.0	28.6
1940.0	13.0	16.7	18.4	20.2	21.8	23.6	25.3	27.0	28.6
1950.0	13.0	16.7	18.4	20.2	21.8	23.6	25.3	27.0	28.6
1960.0	13.0	16.7	18.4	20.2	21.8	23.6	25.3	27.0	28.6
1970.0	13.0	16.7	18.4	20.2	21.8	23.6	25.3	27.0	28.7
1980.0	13.0	16.7	18.4	20.2	21.8	23.6	25.3	27.0	28.7
1990.0	13.0	16.7	18.5	20.2	21.9	23.6	25.3	27.0	28.7
2000.0	13.0	16.7	18.5	20.2	21.9	23.7	25.3	27.1	28.7
2010.0	13.0	16.7	18.5	20.2	21.9	23.7	25.4	27.1	28.7
2020.0	13.0	16.7	18.5	20.2	21.9	23.7	25.4	27.1	28.7
2030.0	13.0	16.8	18.5	20.2	21.9	23.7	25.4	27.1	28.7
2040.0	13.0	16.7	18.5	20.2	21.9	23.7	25.4	27.1	28.7
2050.0	13.0	16.8	18.5	20.2	21.9	23.7	25.4	27.1	28.7
2060.0	13.0	16.8	18.5	20.2	21.9	23.7	25.4	27.1	28.7
2070.0	13.0	16.8	18.5	20.3	21.9	23.7	25.4	27.1	28.8
2080.0	13.0	16.8	18.5	20.3	21.9	23.7	25.4	27.1	28.8
2090.0	13.0	16.8	18.5	20.3	21.9	23.7	25.4	27.2	28.8
2100.0	13.0	16.8	18.5	20.3	21.9	23.7	25.4	27.1	28.8
2110.0	13.0	16.8	18.5	20.3	21.9	23.7	25.4	27.2	28.8
2120.0	13.0	16.8	18.5	20.3	21.9	23.8	25.4	27.2	28.8
2130.0	13.0	16.8	18.5	20.3	22.0	23.8	25.5	27.2	28.8
2140.0	13.0	16.8	18.5	20.3	21.9	23.8	25.5	27.2	28.8
2150.0	13.0	16.8	18.5	20.3	22.0	23.8	25.5	27.2	28.8
2160.0	13.0	16.8	18.5	20.3	22.0	23.8	25.5	27.2	28.8
2170.0	13.0	16.8	18.5	20.3	22.0	23.8	25.5	27.2	28.9
2180.0	13.0	16.8	18.6	20.3	22.0	23.8	25.5	27.2	28.9
2190.0	13.0	16.8	18.5	20.3	22.0	23.8	25.5	27.2	28.9
2200.0	13.0	16.8	18.6	20.3	22.0	23.8	25.5	27.2	28.9
2210.0	13.0	16.8	18.6	20.3	22.0	23.8	25.5	27.2	28.9
2220.0	13.0	16.8	18.6	20.3	22.0	23.8	25.5	27.2	28.9
2230.0	13.0	16.8	18.6	20.3	22.0	23.8	25.5	27.3	28.9
2240.0	13.0	16.8	18.6	20.3	22.0	23.8	25.5	27.3	28.9
2250.0	13.0	16.8	18.6	20.4	22.0	23.8	25.5	27.3	28.9
2260.0	13.0	16.8	18.6	20.3	22.0	23.8	25.6	27.3	28.9
2270.0	13.0	16.8	18.6	20.4	22.0	23.9	25.6	27.3	28.9
2280.0	13.0	16.8	18.6	20.4	22.0	23.8	25.6	27.3	28.9
2290.0	13.0	16.8	18.6	20.4	22.0	23.9	25.6	27.3	29.0
2300.0	13.0	16.8	18.6	20.4	22.0	23.9	25.6	27.3	29.0
2310.0	13.0	16.9	18.6	20.4	22.1	23.9	25.6	27.3	29.0
2320.0	13.0	16.8	18.6	20.4	22.1	23.9	25.6	27.3	29.0
2330.0	13.0	16.9	18.6	20.4	22.1	23.9	25.6	27.3	29.0
2340.0	13.0	16.9	18.6	20.4	22.1	23.9	25.6	27.3	29.0
2350.0	13.0	16.9	18.6	20.4	22.1	23.9	25.6	27.3	29.0
2360.0	13.0	16.9	18.6	20.4	22.1	23.9	25.6	27.3	29.0
2370.0	13.0	16.9	18.6	20.4	22.1	23.9	25.6	27.4	29.0
2380.0	13.0	16.9	18.6	20.4	22.1	23.9	25.6	27.4	29.0
2390.0	13.0	16.9	18.6	20.4	22.1	23.9	25.6	27.4	29.0
2400.0	13.0	16.9	18.6	20.4	22.1	23.9	25.6	27.4	29.0
2410.0	13.0	16.9	18.6	20.4	22.1	23.9	25.6	27.4	29.0
2420.0	13.0	16.9	18.6	20.4	22.1	23.9	25.6	27.4	29.0
2430.0	13.0	16.9	18.6	20.4	22.1	23.9	25.6	27.4	29.0
2440.0	13.0	16.9	18.6	20.4	22.1	23.9	25.6	27.4	29.1
2450.0	13.0	16.9	18.6	20.4	22.1	23.9	25.6	27.4	29.1
2460.0	13.0	16.9	18.7	20.4	22.1	23.9	25.7	27.4	29.1
2470.0	13.0	16.9	18.7	20.4	22.1	23.9	25.7	27.4	29.1
2480.0	13.0	16.9	18.7	20.4	22.1	23.9	25.7	27.4	29.1
2490.0	13.0	16.9	18.7	20.4	22.1	24.0	25.7	27.4	29.1
2500.0	13.0	16.9	18.7	20.4	22.1	24.0	25.7	27.4	29.1
2510.0	13.0	16.9	18.7	20.5	22.1	24.0	25.7	27.4	29.1
2520.0	13.0	16.9	18.7	20.5	22.1	24.0	25.7	27.4	29.1
2530.0	13.0	16.9	18.7	20.5	22.1	24.0	25.7	27.4	29.1
2540.0	13.0	16.9	18.7	20.5	22.2	24.0	25.7	27.4	29.1
2550.0	13.0	16.9	18.7	20.5	22.1	24.0	25.7	27.4	29.1
2560.0	13.0	16.9	18.7	20.5	22.2	24.0	25.7	27.4	29.1
2570.0	13.0	16.9	18.7	20.5	22.1	24.0	25.7	27.4	29.1
2580.0	13.0	16.9	18.7	20.5	22.2	24.0	25.7	27.5	29.1
2590.0	13.0	16.9	18.7	20.5	22.2	24.0	25.7	27.5	29.1
2600.0	13.0	16.9	18.7	20.5	22.2	24.0	25.7	27.5	29.1
2610.0	13.0	16.9	18.7	20.5	22.2	24.0	25.7	27.5	29.1
2620.0	13.0	16.9	18.7	20.5	22.2	24.0	25.7	27.5	29.1
2630.0	13.0	16.9	18.7	20.5	22.2	24.0	25.7	27.5	29.2
2640.0	13.0	16.9	18.7	20.5	22.2	24.0	25.7	27.5	29.2
2650.0	13.0	16.9	18.7	20.5	22.2	24.0	25.7	27.5	29.2
2660.0	13.0	16.9	18.7	20.5	22.2	24.0	25.7	27.5	29.2
2670.0	13.0	16.9	18.7	20.5	22.2	24.0	25.8	27.5	29.2
2680.0	13.0	16.9	18.7	20.5	22.2	24.0	25.8	27.5	29.2
2690.0	13.0	16.9	18.7	20.5	22.2	24.0	25.8	27.5	29.2
2700.0	13.0	16.9	18.7	20.5	22.2	24.0	25.8	27.5	29.2
2710.0	13.0	16.9	18.7	20.5	22.2	24.1	25.8	27.5	29.2
2720.0	13.0	16.9	18.7	20.5	22.2	24.0	25.8	27.5	29.2
2730.0	13.0	16.9	18.7	20.5	22.2	24.0	25.8	27.5	29.2
2740.0	13.0	16.9	18.7	20.5	22.2	24.0	25.8	27.5	29.2
2750.0	13.0	16.9	18.7	20.5	22.2	24.1	25.8	27.5	29.2
2760.0	13.0	16.9	18.7	20.5	22.2	24.1	25.8	27.5	29.2
2770.0	13.0	17.0	18.7	20.5	22.2	24.1	25.8	27.5	29.2
2780.0	13.0	16.9	18.7	20.5	22.2	24.1	25.8	27.5	29.2
2790.0	13.0	16.9	18.7	20.5	22.2	24.1	25.8	27.5	29.2
2800.0	13.0	16.9	18.7	20.5	22.2	24.1	25.8	27.5	29.2
2810.0	13.0	16.9	18.7	20.5	22.2	24.1	25.8	27.5	29.2
2820.0	13.0	16.9	18.7	20.5	22.2	24.1	25.8	27.5	29.2
2830.0	13.0	17.0	18.7	20.5	22.2	24.1	25.8	27.6	29.2
2840.0	13.0	16.9	18.7	20.5	22.2	24.1	25.8	27.6	29.2
2850.0	13.0	17.0	18.7	20.5	22.2	24.1	25.8	27.6	29.2
2860.0	13.0	17.0	18.7	20.5	22.2	24.1	25.8	27.6	29.3
2870.0	13.0	17.0	18.7	20.5	22.2	24.1	25.8	27.6	29.3
2880.0	13.1	17.0	18.7	20.5	22.2	24.1	25.8	27.6	29.3
2890.0	13.1	17.0	18.8	20.6	22.2	24.1	25.8	27.6	29.3
2900.0	13.1	17.0	18.7	20.5	22.2	24.1	25.8	27.6	29.3
2910.0	13.0	17.0	18.7	20.5	22.3	24.1	25.8	27.6	29.3
2920.0	13.1	17.0	18.8	20.6	22.3	24.1	25.8	27.6	29.3
2930.0	13.1	17.0	18.7	20.5	22.2	24.1	25.8	27.6	29.3
2940.0	13.1	17.0	18.8	20.6	22.3	24.1	25.8	27.6	29.3
2950.0	13.1	17.0	18.8	20.6	22.3	24.1	25.8	27.6	29.3
2960.0	13.0	17.0	18.7	20.6	22.3	24.1	25.8	27.6	29.3
2970.0	13.0	17.0	18.8	20.6	22.3	24.1	25.8	27.6	29.3
2980.0	13.0	17.0	18.8	20.6	22.3	24.1	25.8	27.6	29.3
2990.0	13.1	17.0	18.8	20.6	22.3	24.1	25.8	27.6	29.3
3000.0	13.1	17.0	18.8	20.6	22.3	24.1	25.8	27.6	29.3
3010.0	13.0	17.0	18.8	20.6	22.3	24.1	25.8	27.6	29.3
3020.0	13.0	17.0	18.8	20.6	22.3	24.1	25.8	27.6	29.3
3030.0	13.0	17.0	18.8	20.6	22.3	24.1	25.9	27.6	29.3
3040.0	13.0	17.0	18.8	20.6	22.3	24.1	25.8	27.6	29.3
3050.0	13.0	17.0	18.8	20.6	22.3	24.1	25.9	27.6	29.3
3060.0	13.0	17.0	18.8	20.6	22.3	24.1	25.9	27.6	29.3
3070.0	13.0	17.0	18.8	20.6	22.3	24.1	25.9	27.6	29.3
3080.0	13.1	17.0	18.8	20.6	22.3	24.1	25.9	27.6	29.3
3090.0	13.0	17.0	18.8	20.6	22.3	24.1	25.9	27.6	29.3
3100.0	13.1	17.0	18.8	20.6	22.3	24.1	25.9	27.6	29.3
3110.0	13.0	17.0	18.8	20.6	22.3	24.1	25.9	27.6	29.3
3120.0	13.0	17.0	18.8	20.6	22.3	24.1	25.9	27.6	29.3
3130.0	13.0	17.0	18.8	20.6	22.3	24.1	25.9	27.6	29.3
3140.0	13.0	17.0	18.8	20.6	22.3	24.1	25.9	27.6	29.3
3150.0	13.1	17.0	18.8	20.6	22.3	24.1	25.9	27.6	29.3
3160.0	13.0	17.0	18.8	20.6	22.3	24.1	25.9	27.6	29.3
3170.0	13.1	17.0	18.8	20.6	22.3	24.1	25.9	27.6	29.3
3180.0	13.0	17.0	18.8	20.6	22.3	24.1	25.9	27.6	29.3
3190.0	13.1	17.0	18.8	20.6	22.3	24.1	25.9	27.6	29.3
3200.0	13.0	17.0	18.8	20.6	22.3	24.1	25.9	27.6	29.3
3210.0	13.1	17.0	18.8	20.6	22.3	24.2	25.9	27.7	29.4
3220.0	13.1	17.0	18.8	20.6	22.3	24.2	25.9	27.6	29.3
3230.0	13.1	17.0	18.8	20.6	22.3	24.1	25.9	27.6	29.3
3240.0	13.1	17.0	18.8	20.6	22.3	24.2	25.9	27.7	29.4
3250.0	13.1	17.0	18.8	20.6	22.3	24.2	25.9	27.6	29.4
3260.0	13.1	17.0	18.8	20.6	22.3	24.2	25.9	27.6	29.3
3270.0	13.1	17.0	18.8	20.6	22.3	24.2	25.9	27.6	29.4
3280.0	13.1	17.0	18.8	20.6	22.3	24.2	25.9	27.7	29.4
3290.0	13.1	17.0	18.8	20.6	22.3	24.2	25.9	27.7	29.4
3300.0	13.1	17.0	18.8	20.6	22.3	24.2	25.9	27.7	29.4
3310.0	13.1	17.0	18.8	20.6	22.3	24.2	25.9	27.7	29.4
3320.0	13.1	17.0	18.8	20.6	22.3	24.2	25.9	27.7	29.4
3330.0	13.1	17.0	18.8	20.6	22.3	24.2	25.9	27.7	29.4
3340.0	13.1	17.0	18.8	20.6	22.3	24.2	25.9	27.7	29.4
3350.0	13.0	17.0	18.8	20.6	22.3	24.2	25.9	27.7	29.4
3360.0	13.0	17.0	18.8	20.6	22.3	24.2	25.9	27.7	29.4
3370.0	13.1	17.0	18.8	20.6	22.3	24.2	25.9	27.7	29.4
3380.0	13.1	17.0	18.8	20.6	22.3	24.2	25.9	27.7	29.4
3390.0	13.1	17.0	18.8	20.6	22.3	24.2	25.9	27.7	29.4
3400.0	13.0	17.0	18.8	20.6	22.3	24.2	25.9	27.7	29.4
3410.0	13.1	17.0	18.8	20.6	22.3	24.2	25.9	27.7	29.4
3420.0	13.1	17.0	18.8	20.6	22.3	24.2	25.9	27.7	29.4
3430.0	13.1	17.0	18.8	20.6	22.3	24.2	25.9	27.7	29.4
3440.0	13.0	17.0	18.8	20.6	22.3	24.2	25.9	27.7	29.4
3450.0	13.1	17.0	18.8	20.6	22.3	24.2	25.9	27.7	29.4
3460.0	13.1	17.0	18.8	20.6	22.3	24.2	25.9	27.7	29.4
3470.0	13.0	17.0	18.8	20.6	22.3	24.2	25.9	27.7	29.4
3480.0	13.0	17.0	18.8	20.6	22.3	24.2	25.9	27.7	29.4
3490.0	13.1	17.0	18.8	20.6	22.3	24.2	25.9	27.7	29.4
3500.0	13.1	17.0	18.8	20.6	22.3	24.2	25.9	27.7	29.4
3510.0	13.1	17.0	18.8	20.6	22.3	24.2	25.9	27.7	29.4
3520.0	13.1	17.0	18.8	20.6	22.3	24.2	25.9	27.7	29.4
3530.0	13.1	17.0	18.8	20.6	22.3	24.2	25.9	27.7	29.4
3540.0	13.1	17.0	18.8	20.6	22.3	24.2	25.9	27.7	29.4
3550.0	13.1	17.0	18.8	20.6	22.3	24.2	25.9	27.7	29.4
3560.0	13.1	17.0	18.8	20.6	22.3	24.2	25.9	27.7	29.4
3570.0	13.1	17.0	18.8	20.6	22.3	24.2	25.9	27.7	29.4
3580.0	13.1	17.0	18.8	20.6	22.3	24.2	25.9	27.7	29.4
3590.0	13.1	17.0	18.8	20.6	22.3	24.2	25.9	27.7	29.4
3600.0	13.1	17.0	18.8	20.6	22.3	24.2	25.9	27.7	29.4
3610.0	13.1	17.0	18.8	20.6	22.3	24.2	25.9	27.7	29.4
3620.0	13.1	17.0	18.8	20.6	22.3	24.2	25.9	27.7	29.4
3630.0	13.1	17.0	18.8	20.6	22.3	24.2	25.9	27.7	29.4
3640.0	13.1	17.0	18.8	20.6	22.4	24.2	25.9	27.7	29.4
3650.0	13.1	17.0	18.8	20.6	22.4	24.2	26.0	27.7	29.4
3660.0	13.1	17.0	18.8	20.6	22.4	24.2	26.0	27.7	29.4
3670.0	13.1	17.0	18.8	20.7	22.4	24.2	26.0	27.7	29.4
3680.0	13.1	17.0	18.8	20.6	22.4	24.2	26.0	27.7	29.4
3690.0	13.1	17.0	18.8	20.6	22.3	24.2	25.9	27.7	29.4
3700.0	13.1	17.0	18.8	20.7	22.4	24.2	26.0	27.7	29.4
3710.0	13.1	17.0	18.8	20.7	22.4	24.2	26.0	27.7	29.4
3720.0	13.1	17.0	18.8	20.7	22.4	24.2	26.0	27.7	29.4
3730.0	13.1	17.0	18.8	20.7	22.4	24.2	26.0	27.7	29.4
3740.0	13.1	17.0	18.8	20.6	22.4	24.2	26.0	27.7	29.4
3750.0	13.1	17.0	18.8	20.7	22.4	24.2	26.0	27.7	29.4
3760.0	13.1	17.0	18.8	20.7	22.4	24.2	26.0	27.7	29.4
3770.0	13.1	17.0	18.8	20.7	22.4	24.2	26.0	27.7	29.4
3780.0	13.1	17.0	18.8	20.7	22.4	24.2	26.0	27.7	29.4
3790.0	13.1	17.0	18.8	20.7	22.4	24.2	26.0	27.7	29.4
3800.0	13.1	17.0	18.8	20.7	22.4	24.2	26.0	27.7	29.4
3810.0	13.1	17.0	18.8	20.7	22.4	24.2	26.0	27.7	29.4
3820.0	13.1	17.0	18.8	20.7	22.4	24.2	26.0	27.7	29.4
3830.0	13.1	17.0	18.8	20.7	22.4	24.2	26.0	27.7	29.4
3840.0	13.1	17.0	18.8	20.7	22.4	24.2	26.0	27.7	29.4
3850.0	13.1	17.0	18.8	20.7	22.4	24.2	26.0	27.7	29.4
3860.0	13.1	17.0	18.8	20.7	22.4	24.2	26.0	27.7	29.5
3870.0	13.1	17.0	18.8	20.7	22.4	24.2	26.0	27.7	29.5
3880.0	13.1	17.0	18.8	20.7	22.4	24.2	26.0	27.7	29.4
3890.0	13.1	17.0	18.8	20.7	22.4	24.2	26.0	27.7	29.4
3900.0	13.1	17.0	18.8	20.7	22.4	24.2	26.0	27.7	29.5
3910.0	13.1	17.0	18.8	20.7	22.4	24.2	26.0	27.7	29.5
3920.0	13.1	17.0	18.8	20.7	22.4	24.2	26.0	27.7	29.5
3930.0	13.1	17.0	18.8	20.7	22.4	24.2	26.0	27.7	29.5
3940.0	13.1	17.0	18.8	20.7	22.4	24.2	26.0	27.8	29.5
3950.0	13.1	17.0	18.8	20.7	22.4	24.2	26.0	27.7	29.5
3960.0	13.1	17.0	18.8	20.7	22.4	24.2	26.0	27.7	29.5
3970.0	13.1	17.0	18.8	20.7	22.4	24.2	26.0	27.7	29.5
3980.0	13.1	17.0	18.9	20.7	22.4	24.2	26.0	27.8	29.5
3990.0	13.1	17.0	18.8	20.7	22.4	24.2	26.0	27.7	29.5
4000.0	13.1	17.0	18.8	20.7	22.4	24.2	26.0	27.7	29.4
4010.0	13.1	17.1	18.8	20.7	22.4	24.2	26.0	27.8	29.5
4020.0	13.1	17.1	18.8	20.7	22.4	24.2	26.0	27.7	29.5
4030.0	13.1	17.0	18.8	20.7	22.4	24.2	26.0	27.7	29.5
4040.0	13.1	17.1	18.9	20.7	22.4	24.2	26.0	27.7	29.5
4050.0	13.1	17.0	18.9	20.7	22.4	24.2	26.0	27.8	29.5
4060.0	13.1	17.1	18.9	20.7	22.4	24.2	26.0	27.8	29.5
4070.0	13.1	17.1	18.9	20.7	22.4	24.2	26.0	27.7	29.5
4080.0	13.1	17.0	18.9	20.7	22.4	24.3	26.0	27.8	29.5
4090.0	13.1	17.1	18.9	20.7	22.4	24.2	26.0	27.8	29.5
4100.0	13.1	17.1	18.9	20.7	22.4	24.3	26.0	27.8	29.5
4110.0	13.1	17.1	18.9	20.7	22.4	24.3	26.0	27.8	29.5
4120.0	13.1	17.1	18.9	20.7	22.4	24.2	26.0	27.8	29.5
4130.0	13.1	17.1	18.9	20.7	22.4	24.3	26.0	27.8	29.5
4140.0	13.1	17.1	18.8	20.7	22.4	24.3	26.0	27.8	29.5
4150.0	13.1	17.1	18.9	20.7	22.4	24.2	26.0	27.8	29.5
4160.0	13.1	17.0	18.8	20.7	22.4	24.2	26.0	27.8	29.5
4170.0	13.1	17.0	18.8	20.7	22.4	24.2	26.0	27.8	29.5
4180.0	13.1	17.1	18.9	20.7	22.4	24.3	26.0	27.8	29.5
4190.0	13.1	17.0	18.8	20.7	22.4	24.2	26.0	27.8	29.5
4200.0	13.1	17.1	18.9	20.7	22.4	24.2	26.0	27.8	29.5
4210.0	13.1	17.1	18.9	20.7	22.4	24.2	26.0	27.8	29.5
4220.0	13.1	17.0	18.8	20.7	22.4	24.2	26.0	27.8	29.5
4230.0	13.1	17.1	18.9	20.7	22.4	24.3	26.0	27.8	29.5
4240.0	13.1	17.1	18.9	20.7	22.4	24.3	26.0	27.8	29.5
4250.0	13.1	17.1	18.9	20.7	22.4	24.3	26.0	27.8	29.5
4260.0	13.1	17.1	18.9	20.7	22.4	24.3	26.0	27.8	29.5
4270.0	13.1	17.1	18.9	20.7	22.4	24.3	26.0	27.8	29.5
4280.0	13.1	17.1	18.9	20.7	22.4	24.2	26.0	27.8	29.5
4290.0	13.1	17.0	18.9	20.7	22.4	24.3	26.0	27.8	29.5
4300.0	13.1	17.1	18.9	20.7	22.4	24.3	26.0	27.8	29.5
4310.0	13.1	17.1	18.9	20.7	22.4	24.3	26.0	27.8	29.5
4320.0	13.1	17.1	18.9	20.7	22.4	24.3	26.0	27.8	29.5
4330.0	13.1	17.0	18.8	20.7	22.4	24.2	26.0	27.8	29.5
4340.0	13.1	17.1	18.9	20.7	22.4	24.3	26.0	27.8	29.5
4350.0	13.1	17.1	18.9	20.7	22.4	24.3	26.0	27.8	29.5
4360.0	13.1	17.1	18.9	20.7	22.4	24.3	26.0	27.8	29.5
4370.0	13.1	17.1	18.9	20.7	22.4	24.3	26.0	27.8	29.5
4380.0	13.1	17.1	18.9	20.7	22.4	24.3	26.0	27.8	29.5
4390.0	13.1	17.1	18.9	20.7	22.4	24.3	26.0	27.8	29.5
4400.0	13.1	17.1	18.9	20.7	22.4	24.3	26.0	27.8	29.5
4410.0	13.1	17.1	18.9	20.7	22.4	24.3	26.0	27.8	29.5
4420.0	13.1	17.1	18.9	20.7	22.4	24.3	26.0	27.8	29.5
4430.0	13.0	17.1	18.9	20.7	22.4	24.3	26.0	27.8	29.5
4440.0	13.0	17.1	18.9	20.7	22.4	24.3	26.0	27.8	29.5
4450.0	13.0	17.1	18.9	20.7	22.4	24.3	26.0	27.8	29.5
4460.0	13.0	17.1	18.9	20.7	22.4	24.3	26.0	27.8	29.5
4470.0	13.0	17.1	18.9	20.7	22.4	24.3	26.0	27.8	29.5
4480.0	13.0	17.1	18.9	20.7	22.4	24.3	26.0	27.8	29.5
4490.0	13.0	17.0	18.9	20.7	22.4	24.3	26.0	27.8	29.5
4500.0	13.0	17.1	18.9	20.7	22.4	24.3	26.0	27.8	29.5
4510.0	13.0	17.1	18.9	20.7	22.4	24.3	26.0	27.8	29.5
4520.0	13.0	17.1	18.9	20.7	22.4	24.3	26.0	27.8	29.5
4530.0	13.0	17.1	18.9	20.7	22.4	24.3	26.0	27.8	29.5
4540.0	13.0	17.1	18.9	20.7	22.4	24.3	26.0	27.8	29.5
4550.0	13.0	17.1	18.9	20.7	22.4	24.3	26.0	27.8	29.5
4560.0	13.0	17.1	18.9	20.7	22.4	24.3	26.0	27.8	29.5
4570.0	13.0	17.1	18.9	20.7	22.4	24.3	26.0	27.8	29.5
4580.0	13.0	17.1	18.9	20.7	22.4	24.3	26.0	27.8	29.5
4590.0	13.0	17.1	18.9	20.7	22.4	24.3	26.0	27.8	29.5
4600.0	13.0	17.1	18.9	20.7	22.4	24.3	26.0	27.8	29.5
4610.0	13.0	17.1	18.9	20.7	22.4	24.3	26.0	27.8	29.5
4620.0	13.0	17.1	18.9	20.7	22.4	24.3	26.0	27.8	29.5
4630.0	13.0	17.1	18.9	20.7	22.4	24.3	26.0	27.8	29.5
4640.0	13.0	17.1	18.9	20.7	22.4	24.3	26.0	27.8	29.5
4650.0	13.0	17.1	18.9	20.7	22.4	24.3	26.0	27.8	29.5
4660.0	13.0	17.1	18.9	20.7	22.4	24.3	26.0	27.8	29.5
4670.0	13.0	17.1	18.9	20.7	22.4	24.3	26.0	27.8	29.5
4680.0	13.0	17.1	18.9	20.7	22.4	24.3	26.0	27.8	29.5
4690.0	13.0	17.1	18.9	20.7	22.4	24.3	26.0	27.8	29.5
4700.0	13.0	17.1	18.9	20.7	22.4	24.3	26.0	27.8	29.5
4710.0	13.0	17.1	18.9	20.7	22.4	24.3	26.0	27.8	29.5
4720.0	13.0	17.1	18.9	20.7	22.4	24.3	26.0	27.8	29.5
4730.0	13.0	17.1	18.9	20.7	22.4	24.3	26.0	27.8	29.5
4740.0	13.0	17.1	18.9	20.7	22.4	24.3	26.0	27.8	29.5
4750.0	13.0	17.1	18.9	20.7	22.4	24.3	26.0	27.8	29.5
4760.0	13.0	17.1	18.9	20.7	22.4	24.3	26.0	27.8	29.5
4770.0	13.0	17.1	18.9	20.7	22.4	24.3	26.0	27.8	29.5
4780.0	13.0	17.1	18.9	20.7	22.4	24.3	26.0	27.8	29.5
4790.0	13.0	17.1	18.9	20.7	22.4	24.3	26.0	27.8	29.5
4800.0	13.0	17.1	18.9	20.7	22.4	24.3	26.0	27.8	29.5
4810.0	13.0	17.1	18.9	20.7	22.4	24.3	26.0	27.8	29.5
4820.0	13.0	17.1	18.9	20.7	22.4	24.3	26.0	27.8	29.5
4830.0	13.0	17.1	18.9	20.7	22.4	24.3	26.0	27.8	29.5
4840.0	13.0	17.1	18.9	20.7	22.4	24.3	26.0	27.8	29.5
4850.0	13.0	17.1	18.9	20.7	22.4	24.3	26.0	27.8	29.5
4860.0	13.0	17.1	18.9	20.7	22.4	24.3	26.0	27.8	29.5
4870.0	13.0	17.1	18.9	20.7	22.4	24.3	26.0	27.8	29.5
4880.0	13.0	17.1	18.9	20.7	22.4	24.3	26.0	27.8	29.5
4890.0	13.0	17.1	18.9	20.7	22.4	24.3	26.0	27.8	29.5
4900.0	13.0	17.1	18.9	20.7	22.4	24.3	26.0	27.8	29.5
4910.0	13.0	17.1	18.9	20.7	22.4	24.3	26.0	27.8	29.5
4920.0	13.0	17.1	18.9	20.7	22.4	24.3	26.0	27.8	29.5
4930.0	13.0	17.1	18.9	20.7	22.4	24.3	26.0	27.8	29.5
4940.0	13.0	17.1	18.9	20.7	22.4	24.3	26.0	27.8	29.5
4950.0	13.0	17.1	18.9	20.7	22.4	24.3	26.0	27.8	29.5
4960.0	13.1	17.1	18.9	20.7	22.4	24.3	26.0	27.8	29.5
4970.0	13.0	17.1	18.9	20.7	22.4	24.3	26.0	27.8	29.5
4980.0	13.0	17.1	18.9	20.7	22.4	24.3	26.0	27.8	29.5
4990.0	13.0	17.1	18.9	20.7	22.4	24.3	26.0	27.8	29.5
5000.0	13.1	17.1	18.9	20.7	22.4	24.3	26.0	27.8	29.5
