0.3 0.374293 0.81427
0.6 -0.711679 0.979362
0.9 0.366458 -0.105056
1.2 0.179003 -1.15525
1.5 -0.0786599 -2.57666
1.8 0.30416 0.645602
2.1 0.486635 -0.0801098
2.4 0.223103 0.297112
2.7 0.18727 0.672276
3 0.477698 1.21172
3.3 0.411497 -2.13959
3.6 0.242332 -0.0997181
3.9 0.175925 0.260549
4.2 -0.871354 2.90662
4.5 -0.0243036 0.215088
4.8 -0.745492 -0.346036
5.1 -0.910661 -2.61776
5.4 -0.936516 1.52676
5.7 -0.6361 2.68078
6 -0.928311 -0.17234
6.3 -0.582869 -0.509426
6.6 -0.731357 -1.65769
6.9 -0.716121 -0.138201
7.2 -0.69564 -0.311176
7.5 -0.973972 -2.08075
7.8 -0.860765 2.86306
8.1 -0.849809 -2.60716
8.4 -0.660418 1.63549
8.7 -0.624039 -1.20104
9 -0.743424 -1.39586
9.3 -0.11739 -0.374986
9.6 -0.838556 2.56902
9.9 -0.633842 -0.357609
10.2 -0.909141 1.51947
10.5 -0.678822 1.75054
10.8 -0.0359489 0.235
11.1 0.107885 -1.18543
11.4 0.351729 -2.8846
11.7 0.230496 0.504805
12 0.0466657 -1.12261
12.3 0.230316 -1.11232
12.6 0.169237 1.17941
12.9 -0.273856 -0.178189
13.2 0.183265 0.595923
13.5 -0.219065 2.42393
13.8 0.0820879 0.104873
14.1 0.157917 -0.884227
14.4 0.431141 -2.52726
14.7 0.487439 2.61244
15 0.455357 1.44854
15.3 0.392204 -1.17252
15.6 0.365614 2.08701
15.9 0.457303 -0.113428
16.2 0.396976 -1.45907
16.5 0.277212 0.877446
16.8 -0.118592 0.74686
17.1 0.370886 -0.423472
17.4 -0.11672 0.470067
17.7 0.225612 -0.299435
18 0.30184 -0.319589
18 0 0
