% 18-Apr-2022 11:25:53
% Time, s	 Pressure, mBar	 Temperature, degC
0.005 847.6793 16.7980
0.015 847.6736 16.8016
0.025 847.6720 16.8032
0.035 847.6712 16.8044
0.045 847.6712 16.8073
0.055 847.6712 16.8108
0.065 847.6720 16.8125
0.075 847.6746 16.8113
0.085 847.6850 16.8152
0.095 847.6875 16.8184
0.105 847.6875 16.8184
0.115 847.6746 16.8214
0.125 847.6844 16.8238
0.135 847.6716 16.8241
0.145 847.6716 16.8244
0.155 847.6581 16.8280
0.165 847.6581 16.8320
0.174 847.6581 16.8313
0.184 847.6631 16.8306
0.194 847.6631 16.8318
0.204 847.6659 16.8335
0.214 847.6851 16.8335
0.224 847.6851 16.8338
0.234 847.6851 16.8353
0.244 847.6838 16.8367
0.254 847.6796 16.8385
0.264 847.6796 16.8393
0.274 847.6838 16.8403
0.284 847.6916 16.8413
0.294 847.6916 16.8415
0.304 847.6919 16.8426
0.314 847.6919 16.8431
0.324 847.6907 16.8445
0.334 847.6907 16.8446
0.344 847.6907 16.8446
0.354 847.6907 16.8462
0.364 847.6907 16.8471
0.374 847.6970 16.8475
0.384 847.6970 16.8487
0.394 847.6904 16.8485
0.404 847.6904 16.8483
0.414 847.6904 16.8481
0.424 847.6882 16.8469
0.434 847.6831 16.8495
0.444 847.6831 16.8511
0.454 847.6831 16.8510
0.464 847.6833 16.8519
0.474 847.6833 16.8502
0.484 847.6867 16.8489
0.494 847.6833 16.8506
0.504 847.6833 16.8497
0.514 847.6760 16.8498
0.524 847.6778 16.8527
0.534 847.6760 16.8546
0.544 847.6778 16.8539
0.554 847.6778 16.8523
0.564 847.6786 16.8534
0.574 847.6786 16.8567
0.584 847.6786 16.8558
0.594 847.6758 16.8539
0.604 847.6758 16.8553
0.614 847.6758 16.8561
0.624 847.6782 16.8566
0.634 847.6803 16.8581
0.644 847.6819 16.8571
0.654 847.6875 16.8569
0.664 847.6875 16.8587
0.674 847.6875 16.8593
0.684 847.6895 16.8601
0.694 847.6862 16.8581
0.704 847.6827 16.8555
0.714 847.6827 16.8554
0.724 847.6870 16.8561
0.734 847.6870 16.8578
0.744 847.6870 16.8597
0.754 847.6870 16.8594
0.764 847.6870 16.8586
0.774 847.6951 16.8598
0.784 847.6865 16.8603
0.794 847.6865 16.8598
0.804 847.6865 16.8602
0.814 847.6865 16.8598
0.824 847.6865 16.8607
0.834 847.6935 16.8611
0.844 847.6935 16.8611
0.854 847.6935 16.8602
0.864 847.7151 16.8585
0.874 847.6928 16.8593
0.884 847.6928 16.8594
0.894 847.6946 16.8597
0.904 847.7010 16.8609
0.914 847.6946 16.8618
0.924 847.6954 16.8638
0.934 847.6976 16.8651
0.944 847.6954 16.8627
0.954 847.6874 16.8607
0.964 847.6858 16.8614
0.974 847.6748 16.8617
0.984 847.6748 16.8611
0.994 847.6687 16.8611
1.004 847.6687 16.8619
1.014 847.6783 16.8629
1.024 847.6783 16.8633
1.034 847.6783 16.8619
1.044 847.6783 16.8623
1.054 847.6853 16.8629
1.064 847.7010 16.8626
1.074 847.7010 16.8630
1.084 847.7000 16.8638
1.094 847.7010 16.8649
1.104 847.7010 16.8637
1.114 847.7029 16.8654
1.124 847.7029 16.8662
1.134 847.7029 16.8647
1.144 847.7022 16.8643
1.154 847.6856 16.8643
1.164 847.6856 16.8666
1.174 847.6856 16.8655
1.184 847.6856 16.8645
1.194 847.7091 16.8641
1.204 847.7091 16.8641
1.214 847.7007 16.8654
1.224 847.6933 16.8637
1.234 847.6933 16.8638
1.244 847.6933 16.8641
1.254 847.6841 16.8654
1.264 847.6841 16.8659
1.274 847.6820 16.8629
1.284 847.6841 16.8635
1.294 847.6841 16.8665
1.304 847.6848 16.8693
1.314 847.6867 16.8694
1.324 847.6867 16.8679
1.334 847.6867 16.8686
1.344 847.6827 16.8673
1.354 847.6827 16.8675
1.364 847.6827 16.8695
1.374 847.6827 16.8683
1.384 847.6828 16.8677
1.394 847.6828 16.8683
1.404 847.6803 16.8679
1.414 847.6803 16.8663
1.424 847.6869 16.8665
1.434 847.6901 16.8685
1.444 847.6913 16.8677
1.454 847.6913 16.8671
1.464 847.6962 16.8683
1.474 847.6901 16.8685
1.484 847.6968 16.8675
1.494 847.6884 16.8693
1.504 847.6968 16.8702
1.514 847.6968 16.8671
1.524 847.6968 16.8683
1.534 847.6884 16.8699
1.544 847.6802 16.8679
1.554 847.6793 16.8683
1.564 847.6793 16.8690
1.574 847.6793 16.8694
1.584 847.6793 16.8709
1.594 847.6785 16.8691
1.604 847.6850 16.8665
1.614 847.6794 16.8681
1.624 847.6794 16.8713
1.634 847.6931 16.8706
1.644 847.6953 16.8693
1.654 847.6931 16.8701
1.664 847.6953 16.8695
1.674 847.6953 16.8682
1.684 847.6953 16.8690
1.694 847.6742 16.8697
1.704 847.6363 16.8695
1.714 847.5978 16.8698
1.724 847.5978 16.8698
1.734 847.2594 16.8711
1.744 847.2594 16.8701
1.754 846.7384 16.8695
1.764 846.3027 16.8694
1.774 845.4114 16.8691
1.784 844.7497 16.8717
1.794 844.2873 16.8722
1.804 844.0529 16.8701
1.814 844.0529 16.8683
1.824 844.0529 16.8679
1.834 844.0529 16.8689
1.844 844.1111 16.8703
1.854 844.1344 16.8693
1.864 844.2044 16.8683
1.874 844.2088 16.8711
1.884 844.2276 16.8723
1.894 844.2724 16.8722
1.904 844.2849 16.8714
1.914 844.2849 16.8703
1.924 844.3047 16.8695
1.934 844.4047 16.8683
1.944 844.4189 16.8678
1.954 844.4189 16.8682
1.964 844.4309 16.8695
1.974 844.4309 16.8699
1.984 844.4337 16.8705
1.994 844.4337 16.8710
2.004 844.4337 16.8703
2.014 844.4337 16.8703
2.024 844.4339 16.8717
2.034 844.4454 16.8695
2.044 844.4832 16.8671
2.054 844.5583 16.8677
2.064 844.5924 16.8697
2.074 844.5924 16.8714
2.084 844.5725 16.8717
2.094 844.5795 16.8717
2.104 844.5725 16.8709
2.114 844.5725 16.8695
2.124 844.5795 16.8694
2.134 844.6076 16.8698
2.144 844.6076 16.8687
2.154 844.6236 16.8683
2.164 844.6236 16.8689
2.174 844.6395 16.8685
2.184 844.6395 16.8699
2.194 844.6469 16.8705
2.204 844.6469 16.8682
2.214 844.6469 16.8670
2.224 844.6485 16.8681
2.234 844.6485 16.8693
2.244 844.6552 16.8701
2.254 844.6781 16.8699
2.264 844.7121 16.8705
2.274 844.7123 16.8710
2.284 844.7140 16.8703
2.294 844.7383 16.8697
2.304 844.7473 16.8695
2.314 844.7473 16.8698
2.324 844.7686 16.8705
2.334 844.7686 16.8701
2.344 844.7686 16.8698
2.354 844.7738 16.8729
2.364 844.7927 16.8727
2.374 844.8041 16.8709
2.384 844.8037 16.8693
2.394 844.8037 16.8711
2.404 844.8037 16.8737
2.414 844.7965 16.8734
2.424 844.7940 16.8730
2.434 844.7940 16.8737
2.444 844.7940 16.8746
2.454 844.7842 16.8733
2.464 844.7842 16.8729
2.474 844.8070 16.8715
2.484 844.7842 16.8729
2.494 844.7842 16.8735
2.504 844.7973 16.8730
2.514 844.8184 16.8730
2.524 844.8101 16.8714
2.534 844.8101 16.8733
2.544 844.8236 16.8735
2.554 844.8162 16.8729
2.564 844.8114 16.8735
2.574 844.8162 16.8741
2.584 844.8162 16.8726
2.594 844.8114 16.8713
2.604 844.7978 16.8725
2.614 844.7961 16.8747
2.624 844.7934 16.8747
2.634 844.7934 16.8731
2.644 844.7931 16.8727
2.654 844.7931 16.8726
2.664 844.7934 16.8750
2.674 844.8052 16.8754
2.684 844.8136 16.8743
2.694 844.8136 16.8751
2.704 844.8136 16.8759
2.714 844.8153 16.8746
2.724 844.8153 16.8739
2.734 844.8041 16.8759
2.744 844.7659 16.8761
2.754 844.7627 16.8737
2.764 844.7577 16.8746
2.774 844.7577 16.8769
2.784 844.7627 16.8749
2.794 844.7698 16.8739
2.804 844.7752 16.8750
2.814 844.7752 16.8763
2.824 844.7698 16.8758
2.834 844.7646 16.8739
2.844 844.7646 16.8742
2.854 844.7623 16.8759
2.864 844.7623 16.8767
2.874 844.7872 16.8746
2.884 844.7872 16.8749
2.894 844.7872 16.8759
2.904 844.7997 16.8769
2.914 844.8328 16.8787
2.924 844.8328 16.8771
2.934 844.8328 16.8769
2.944 844.8295 16.8771
2.954 844.8042 16.8754
2.964 844.8042 16.8742
2.974 844.8042 16.8757
2.984 844.7965 16.8770
2.994 844.7965 16.8761
3.004 844.7963 16.8765
3.014 844.7871 16.8763
3.024 844.7817 16.8751
3.034 844.7871 16.8755
3.044 844.7809 16.8769
3.054 844.7809 16.8750
3.064 844.7934 16.8735
3.074 844.7934 16.8750
3.084 844.8050 16.8754
3.094 844.8050 16.8737
3.104 844.7985 16.8747
3.114 844.7985 16.8766
3.124 844.7985 16.8763
3.134 844.7985 16.8775
3.144 844.8146 16.8775
3.154 844.8300 16.8771
3.164 844.8146 16.8789
3.174 844.8146 16.8775
3.184 844.8097 16.8749
3.194 844.7921 16.8767
3.204 844.7921 16.8769
3.214 844.7921 16.8759
3.224 844.8153 16.8782
3.234 844.8153 16.8775
3.244 844.8183 16.8750
3.254 844.8183 16.8759
3.264 844.8163 16.8758
3.274 844.8054 16.8749
3.284 844.7958 16.8782
3.294 844.7838 16.8793
3.304 844.7838 16.8769
3.314 844.7812 16.8755
3.324 844.7914 16.8771
3.334 844.7914 16.8791
3.344 844.7914 16.8779
3.354 844.7948 16.8770
3.364 844.7948 16.8759
3.374 844.7753 16.8766
3.384 844.7753 16.8771
3.394 844.7879 16.8758
3.404 844.7753 16.8781
3.414 844.7875 16.8801
3.424 844.7875 16.8791
3.434 844.7704 16.8791
3.444 844.7704 16.8797
3.454 844.7824 16.8809
3.464 844.7824 16.8829
3.474 844.7824 16.8817
3.484 844.7919 16.8787
3.494 844.7919 16.8771
3.504 844.7899 16.8766
3.514 844.7899 16.8771
3.524 844.7919 16.8787
3.534 844.7899 16.8787
3.544 844.8004 16.8782
3.554 844.8004 16.8785
3.564 844.7877 16.8773
3.574 844.7877 16.8777
3.584 844.7944 16.8785
3.594 844.7860 16.8762
3.604 844.7944 16.8763
3.614 844.8104 16.8777
3.624 844.8104 16.8790
3.634 844.8079 16.8806
3.644 844.8079 16.8793
3.654 844.8079 16.8786
3.664 844.7944 16.8794
3.674 844.8079 16.8799
3.684 844.8108 16.8793
3.694 844.8108 16.8801
3.704 844.8064 16.8806
3.714 844.8254 16.8793
3.724 844.8254 16.8802
3.734 844.8214 16.8798
3.744 844.8254 16.8794
3.754 844.8318 16.8810
3.764 844.8328 16.8830
3.774 844.8423 16.8827
3.784 844.8580 16.8803
3.794 844.8580 16.8807
3.804 844.8580 16.8806
3.814 844.8576 16.8817
3.824 844.8576 16.8817
3.834 844.8576 16.8806
3.844 844.8581 16.8811
3.854 844.8581 16.8807
3.864 844.8697 16.8811
3.874 844.8630 16.8806
3.884 844.8581 16.8809
3.894 844.8630 16.8811
3.904 844.8707 16.8794
3.914 844.8630 16.8817
3.924 844.8737 16.8834
3.934 844.8775 16.8810
3.944 844.8737 16.8799
3.954 844.8737 16.8794
3.964 844.8874 16.8809
3.974 844.8890 16.8823
3.984 844.8971 16.8817
3.994 844.9054 16.8802
4.004 844.9112 16.8801
4.014 844.9120 16.8823
4.024 844.9120 16.8827
4.034 844.9120 16.8818
4.044 844.9158 16.8807
4.054 844.9168 16.8815
4.064 844.9217 16.8830
4.074 844.9353 16.8831
4.084 844.9422 16.8826
4.094 844.9556 16.8833
4.104 844.9556 16.8830
4.114 844.9513 16.8830
4.124 844.9582 16.8829
4.134 844.9553 16.8815
4.144 844.9553 16.8822
4.154 844.9664 16.8817
4.164 844.9664 16.8818
4.174 844.9739 16.8834
4.184 844.9771 16.8834
4.194 844.9903 16.8847
4.204 845.0197 16.8854
4.214 845.0197 16.8841
4.224 845.0152 16.8857
4.234 845.0101 16.8849
4.244 845.0152 16.8819
4.254 845.0152 16.8810
4.264 845.0141 16.8839
4.274 845.0450 16.8847
4.284 845.0450 16.8821
4.294 845.0346 16.8826
4.304 845.0346 16.8831
4.314 845.0382 16.8831
4.324 845.0382 16.8827
4.334 845.0390 16.8833
4.344 845.0390 16.8839
4.354 845.0390 16.8829
4.364 845.0546 16.8826
4.374 845.0649 16.8803
4.384 845.0675 16.8803
4.394 845.0865 16.8838
4.404 845.0900 16.8851
4.414 845.0999 16.8850
4.424 845.1002 16.8842
4.434 845.1100 16.8846
4.444 845.1119 16.8837
4.454 845.1156 16.8835
4.464 845.1388 16.8846
4.474 845.1462 16.8842
4.484 845.1516 16.8858
4.494 845.1521 16.8877
4.504 845.1629 16.8882
4.514 845.1707 16.8869
4.524 845.1735 16.8863
4.534 845.1837 16.8862
4.544 845.1843 16.8842
4.554 845.2063 16.8837
4.564 845.2280 16.8835
4.574 845.2280 16.8853
4.584 845.2280 16.8866
4.594 845.2280 16.8858
4.604 845.2301 16.8853
4.614 845.2259 16.8862
4.624 845.2290 16.8870
4.634 845.2301 16.8854
4.644 845.2301 16.8865
4.654 845.2465 16.8854
4.664 845.2562 16.8830
4.674 845.2571 16.8865
4.684 845.2571 16.8865
4.694 845.2571 16.8835
4.704 845.2739 16.8851
4.714 845.2975 16.8853
4.724 845.3080 16.8847
4.734 845.3092 16.8855
4.744 845.3114 16.8861
4.754 845.3147 16.8863
4.764 845.3297 16.8855
4.774 845.3297 16.8859
4.784 845.3520 16.8882
4.794 845.3569 16.8869
4.804 845.3648 16.8834
4.814 845.3763 16.8842
4.824 845.3877 16.8849
4.834 845.3877 16.8845
4.844 845.4018 16.8863
4.854 845.4075 16.8873
4.864 845.4095 16.8873
4.874 845.4095 16.8885
4.884 845.4237 16.8889
4.894 845.4296 16.8877
4.904 845.4397 16.8882
4.914 845.4494 16.8889
4.924 845.4533 16.8870
4.934 845.4586 16.8866
4.944 845.4726 16.8869
4.954 845.5124 16.8866
4.964 845.5124 16.8871
4.974 845.5135 16.8873
4.984 845.5188 16.8885
4.994 845.5326 16.8891
5.004 845.5394 16.8875
5.014 845.5557 16.8867
5.024 845.5557 16.8871
5.034 845.5798 16.8871
5.044 845.5860 16.8877
5.054 845.5860 16.8885
5.064 845.5860 16.8878
5.074 845.5906 16.8858
5.084 845.5934 16.8853
5.094 845.5934 16.8875
5.104 845.6166 16.8889
5.114 845.6166 16.8886
5.124 845.6293 16.8883
5.134 845.6428 16.8891
5.144 845.6469 16.8887
5.154 845.6495 16.8895
5.164 845.6644 16.8914
5.174 845.7016 16.8895
5.184 845.7071 16.8863
5.194 845.7150 16.8877
5.204 845.7219 16.8908
5.214 845.7253 16.8901
5.224 845.7253 16.8883
5.234 845.7446 16.8889
5.244 845.7524 16.8890
5.254 845.7530 16.8891
5.264 845.7820 16.8895
5.274 845.7820 16.8891
5.284 845.7911 16.8887
5.294 845.8011 16.8895
5.304 845.8088 16.8897
5.314 845.8088 16.8877
5.324 845.8174 16.8879
5.334 845.8610 16.8898
5.344 845.8696 16.8901
5.354 845.8754 16.8908
5.364 845.8809 16.8906
5.374 845.9112 16.8873
5.384 845.9229 16.8889
5.394 845.9297 16.8918
5.404 845.9325 16.8904
5.414 845.9325 16.8910
5.424 845.9325 16.8911
5.434 845.9461 16.8893
5.444 845.9558 16.8887
5.454 845.9714 16.8883
5.464 845.9835 16.8901
5.474 845.9920 16.8916
5.484 845.9920 16.8930
5.494 845.9953 16.8924
5.504 846.0131 16.8894
5.514 846.0578 16.8886
5.524 846.0598 16.8907
5.534 846.0847 16.8923
5.544 846.0878 16.8916
5.554 846.0926 16.8907
5.564 846.1062 16.8904
5.574 846.1062 16.8910
5.584 846.1163 16.8916
5.594 846.1163 16.8911
5.604 846.1546 16.8901
5.614 846.1607 16.8901
5.624 846.1673 16.8903
5.634 846.1993 16.8903
5.644 846.2288 16.8902
5.654 846.2430 16.8914
5.664 846.2490 16.8915
5.674 846.2599 16.8934
5.684 846.2665 16.8920
5.694 846.3008 16.8893
5.704 846.3410 16.8915
5.714 846.3461 16.8931
5.724 846.3701 16.8927
5.734 846.3701 16.8931
5.744 846.3958 16.8939
5.754 846.3975 16.8918
5.764 846.4107 16.8931
5.774 846.4107 16.8939
5.784 846.4174 16.8908
5.794 846.4307 16.8916
5.804 846.4588 16.8931
5.814 846.4687 16.8916
5.824 846.4698 16.8906
5.834 846.4737 16.8916
5.844 846.5339 16.8942
5.854 846.5482 16.8939
5.864 846.5566 16.8939
5.874 846.5598 16.8947
5.884 846.5618 16.8935
5.894 846.5755 16.8935
5.904 846.5871 16.8918
5.914 846.6056 16.8914
5.924 846.6318 16.8934
5.934 846.6359 16.8954
5.944 846.6437 16.8935
5.954 846.6437 16.8914
5.964 846.6635 16.8928
5.974 846.6664 16.8959
5.984 846.6668 16.8971
5.994 846.6873 16.8950
6.004 846.6976 16.8939
6.014 846.7154 16.8939
6.024 846.7237 16.8939
6.034 846.7863 16.8954
6.044 846.7865 16.8960
6.054 846.8033 16.8947
6.064 846.8057 16.8950
6.074 846.8296 16.8943
6.084 846.8386 16.8954
6.094 846.8499 16.8948
6.104 846.8557 16.8932
6.114 846.8564 16.8944
6.124 846.8757 16.8960
6.134 846.9073 16.8954
6.144 846.9239 16.8946
6.154 846.9412 16.8964
6.164 846.9764 16.8950
6.174 846.9810 16.8928
6.184 847.0189 16.8938
6.194 847.0189 16.8956
6.204 847.0198 16.8960
6.214 847.7933 16.8983
6.224 847.8560 16.8992
6.234 847.8560 16.8966
6.244 847.8858 16.8968
6.254 847.9288 16.8968
6.264 847.8982 16.8946
6.274 847.8982 16.8943
6.284 847.8982 16.8964
6.294 847.8143 16.8970
6.304 847.8140 16.8988
6.314 847.7717 16.8990
6.324 847.7717 16.8960
6.334 847.7717 16.8962
6.344 847.7599 16.8976
6.354 847.7583 16.8979
6.364 847.7583 16.8968
6.374 847.7604 16.8958
6.384 847.7604 16.8962
6.394 847.7604 16.8963
6.404 847.7662 16.8959
6.414 847.7604 16.8974
6.424 847.7662 16.8978
6.434 847.7715 16.8974
6.444 847.7729 16.8960
6.454 847.7729 16.8967
6.464 847.7952 16.8986
6.474 847.7952 16.8967
6.484 847.7952 16.8963
6.494 847.7724 16.8986
6.504 847.7604 16.8984
6.514 847.7604 16.8972
6.524 847.7517 16.8968
6.534 847.7548 16.8972
6.544 847.7548 16.8986
6.554 847.7652 16.8998
6.564 847.7637 16.8992
6.574 847.7637 16.8974
6.584 847.7652 16.8986
6.594 847.7637 16.9002
6.604 847.7523 16.8999
6.614 847.7523 16.8995
6.624 847.7528 16.8991
6.634 847.7528 16.8980
6.644 847.7729 16.8974
6.654 847.7732 16.8967
6.664 847.7732 16.8968
6.674 847.7732 16.8987
6.684 847.7732 16.8998
6.694 847.7735 16.8980
6.704 847.7735 16.8963
6.714 847.7712 16.8970
6.724 847.7712 16.8987
6.734 847.7722 16.8990
6.744 847.7712 16.9006
6.754 847.7712 16.9002
6.764 847.7707 16.8970
6.774 847.7707 16.8983
6.784 847.7707 16.8987
6.794 847.7707 16.9002
6.804 847.7689 16.9014
6.814 847.7689 16.8994
6.824 847.7732 16.8990
6.834 847.7589 16.8988
6.844 847.8018 16.8994
6.854 847.8018 16.8994
6.864 847.7926 16.8986
6.874 847.7926 16.9004
6.884 847.7926 16.9018
6.894 847.7856 16.9022
6.904 847.7856 16.9020
6.914 847.7735 16.9020
6.924 847.7735 16.9018
6.934 847.7826 16.9015
6.944 847.7845 16.9020
6.954 847.7845 16.9019
6.964 847.7845 16.9020
6.974 847.7870 16.9011
6.984 847.7913 16.9014
6.994 847.7913 16.9016
7.004 847.7870 16.9006
7.014 847.7870 16.9019
7.024 847.7868 16.9014
7.034 847.7867 16.8978
7.044 847.7826 16.8986
7.054 847.7867 16.9015
7.064 847.7867 16.9019
7.074 847.7933 16.9015
7.084 847.7933 16.9015
7.094 847.7945 16.9010
7.104 847.7933 16.8999
7.114 847.7922 16.9020
7.124 847.7898 16.9020
7.134 847.7922 16.9010
7.144 847.7721 16.9028
7.154 847.7922 16.9020
7.164 847.7721 16.8994
7.174 847.7865 16.8991
7.184 847.7865 16.9008
7.194 847.7879 16.9022
7.204 847.7865 16.9020
7.214 847.7879 16.9004
7.224 847.7879 16.9004
7.234 847.7770 16.8990
7.244 847.7770 16.8986
7.254 847.7813 16.8999
7.264 847.7813 16.9000
7.274 847.7813 16.9006
7.284 847.7868 16.9023
7.294 847.7813 16.9031
7.304 847.7882 16.9022
7.314 847.7882 16.9036
7.324 847.7948 16.9052
7.334 847.7967 16.9052
7.344 847.7967 16.9040
7.354 847.7967 16.9023
7.364 847.7960 16.9004
7.374 847.7923 16.9000
7.384 847.7923 16.9015
7.394 847.7923 16.9026
7.404 847.7923 16.9022
7.414 847.7923 16.9019
7.424 847.7909 16.9030
7.434 847.7848 16.9019
7.444 847.7783 16.9014
7.454 847.7731 16.9028
7.464 847.7731 16.9028
7.474 847.7664 16.9015
7.484 847.7731 16.9011
7.494 847.7809 16.9012
7.504 847.7840 16.9018
7.514 847.7840 16.9031
7.524 847.7869 16.9024
7.534 847.7869 16.9027
7.544 847.7777 16.9034
7.554 847.7777 16.9031
7.564 847.7871 16.9019
7.574 847.7871 16.9008
7.584 847.7877 16.9024
7.594 847.7877 16.9024
7.604 847.7871 16.9027
7.614 847.7772 16.9032
7.624 847.7772 16.9019
7.634 847.7772 16.9023
7.644 847.7778 16.9040
7.654 847.7847 16.9036
7.664 847.7851 16.9035
7.674 847.7847 16.9023
7.684 847.7851 16.9006
7.694 847.7851 16.9016
7.704 847.8001 16.9031
7.714 847.7895 16.9034
7.724 847.7895 16.9024
7.734 847.7841 16.9043
7.744 847.7826 16.9040
7.754 847.7826 16.9019
7.764 847.7826 16.9032
7.774 847.7826 16.9042
7.784 847.7878 16.9030
7.794 847.8025 16.9038
7.804 847.7878 16.9035
7.814 847.7767 16.9024
7.824 847.7762 16.9020
7.834 847.7762 16.9012
7.844 847.7762 16.9031
7.854 847.7762 16.9042
7.864 847.7859 16.9047
7.874 847.7859 16.9031
7.884 847.7875 16.9024
7.894 847.7820 16.9026
7.904 847.7820 16.9034
7.914 847.7738 16.9062
7.924 847.7790 16.9047
7.934 847.7738 16.9040
7.944 847.7738 16.9040
7.954 847.7738 16.9047
7.964 847.7790 16.9052
7.974 847.7882 16.9040
7.984 847.7986 16.9047
7.994 847.7986 16.9043
8.004 847.7986 16.9043
8.014 847.7994 16.9040
8.024 847.7976 16.9038
8.034 847.7817 16.9047
8.044 847.7817 16.9050
8.054 847.7758 16.9050
8.064 847.7758 16.9048
8.074 847.7756 16.9047
8.084 847.7758 16.9034
8.094 847.7756 16.9055
8.104 847.7891 16.9072
8.114 847.7837 16.9060
8.124 847.7837 16.9047
8.134 847.7837 16.9039
8.144 847.7837 16.9040
8.154 847.7837 16.9047
8.164 847.7852 16.9040
8.174 847.7852 16.9026
8.184 847.7779 16.9031
8.194 847.7841 16.9043
8.204 847.7779 16.9056
8.214 847.7779 16.9026
8.224 847.7704 16.9032
8.234 847.7767 16.9066
8.244 847.7704 16.9062
8.254 847.7767 16.9060
8.264 847.7767 16.9051
8.274 847.7822 16.9054
8.284 847.7833 16.9060
8.294 847.7833 16.9055
8.304 847.7833 16.9055
8.314 847.7822 16.9044
8.324 847.7885 16.9043
8.334 847.7885 16.9054
8.344 847.7885 16.9054
8.354 847.7696 16.9050
8.364 847.7747 16.9043
8.374 847.7747 16.9040
8.384 847.7747 16.9051
8.394 847.7796 16.9066
8.404 847.7796 16.9074
8.414 847.7902 16.9076
8.424 847.7902 16.9086
8.434 847.7902 16.9084
8.444 847.7829 16.9075
8.454 847.7902 16.9075
8.464 847.7865 16.9066
8.474 847.7832 16.9076
8.484 847.7832 16.9098
8.494 847.7865 16.9098
8.504 847.7843 16.9082
8.514 847.7832 16.9078
8.524 847.7837 16.9095
8.534 847.7837 16.9070
8.544 847.7815 16.9070
8.554 847.7815 16.9088
8.564 847.7815 16.9090
8.574 847.7815 16.9088
8.584 847.7861 16.9083
8.594 847.7947 16.9080
8.604 847.7951 16.9067
8.614 847.7951 16.9079
8.624 847.7947 16.9099
8.634 847.7859 16.9079
8.644 847.7859 16.9076
8.654 847.7653 16.9095
8.664 847.7859 16.9080
8.674 847.7859 16.9067
8.684 847.7856 16.9070
8.694 847.7673 16.9063
8.704 847.7730 16.9071
8.714 847.7673 16.9078
8.724 847.7673 16.9074
8.734 847.7730 16.9079
8.744 847.7730 16.9074
8.754 847.7780 16.9082
8.764 847.7780 16.9088
8.774 847.7780 16.9074
8.784 847.7777 16.9072
8.794 847.7777 16.9078
8.804 847.7777 16.9084
8.814 847.7791 16.9092
8.824 847.7667 16.9092
8.834 847.7791 16.9102
8.844 847.7993 16.9098
8.854 847.7794 16.9103
8.864 847.7864 16.9095
8.874 847.7864 16.9080
8.884 847.7861 16.9090
8.894 847.7861 16.9080
8.904 847.7864 16.9071
8.914 847.7938 16.9106
8.924 847.7999 16.9126
8.934 847.7999 16.9108
8.944 847.7938 16.9106
8.954 847.7803 16.9088
8.964 847.7803 16.9084
8.974 847.7803 16.9094
8.984 847.7865 16.9098
8.994 847.7865 16.9094
9.004 847.8005 16.9091
9.014 847.8005 16.9102
9.024 847.7934 16.9086
9.034 847.7934 16.9091
9.044 847.7968 16.9091
9.054 847.7934 16.9090
9.064 847.7839 16.9107
9.074 847.7839 16.9099
9.084 847.7839 16.9108
9.094 847.7775 16.9118
9.104 847.7775 16.9099
9.114 847.7743 16.9102
9.124 847.7775 16.9100
9.134 847.7775 16.9091
9.144 847.7866 16.9091
9.154 847.7866 16.9106
9.164 847.7866 16.9120
9.174 847.7845 16.9119
9.184 847.7845 16.9111
9.194 847.7845 16.9107
9.204 847.7871 16.9115
9.214 847.7871 16.9123
9.224 847.8002 16.9115
9.234 847.7871 16.9106
9.244 847.7848 16.9111
9.254 847.7795 16.9112
9.264 847.7795 16.9111
9.274 847.7795 16.9112
9.284 847.7795 16.9123
9.294 847.7722 16.9134
9.304 847.7845 16.9124
9.314 847.7876 16.9111
9.324 847.7845 16.9111
9.334 847.7766 16.9118
9.344 847.7827 16.9120
9.354 847.7766 16.9116
9.364 847.7766 16.9103
9.374 847.7827 16.9108
9.384 847.7868 16.9131
9.394 847.7868 16.9122
9.404 847.7905 16.9115
9.414 847.7868 16.9122
9.424 847.7860 16.9118
9.434 847.7860 16.9126
9.444 847.7871 16.9135
9.454 847.7871 16.9123
9.464 847.7884 16.9114
9.474 847.7884 16.9110
9.484 847.7905 16.9108
9.494 847.7905 16.9120
9.504 847.7905 16.9126
9.514 847.7832 16.9124
9.524 847.7808 16.9139
9.534 847.7808 16.9140
9.544 847.7880 16.9112
9.554 847.7777 16.9115
9.564 847.7777 16.9127
9.574 847.7777 16.9126
9.584 847.7777 16.9135
9.594 847.7761 16.9126
9.604 847.7761 16.9128
9.614 847.7766 16.9138
9.624 847.7766 16.9143
9.634 847.7688 16.9154
9.644 847.7766 16.9144
9.654 847.7816 16.9143
9.664 847.7816 16.9150
9.674 847.7859 16.9151
9.684 847.7886 16.9146
9.694 847.7859 16.9140
9.704 847.7859 16.9138
9.714 847.7859 16.9134
9.724 847.7883 16.9123
9.734 847.7845 16.9128
9.744 847.7880 16.9138
9.754 847.7883 16.9122
9.764 847.7880 16.9127
9.774 847.7803 16.9150
9.784 847.7803 16.9160
9.794 847.7803 16.9154
9.804 847.7803 16.9139
9.814 847.7825 16.9132
9.824 847.7885 16.9152
9.834 847.7885 16.9174
9.844 847.7885 16.9156
9.854 847.7863 16.9131
9.864 847.7765 16.9135
9.874 847.7765 16.9127
9.884 847.7848 16.9135
9.894 847.7848 16.9148
9.904 847.7779 16.9143
9.914 847.7779 16.9146
9.924 847.7705 16.9142
9.934 847.7705 16.9139
9.944 847.7674 16.9134
9.954 847.7674 16.9144
9.964 847.7719 16.9158
9.974 847.7769 16.9162
9.984 847.7790 16.9164
9.994 847.7893 16.9152
10.004 847.7895 16.9148
10.014 847.7893 16.9152
10.024 847.7893 16.9142
10.034 847.7807 16.9131
10.044 847.7807 16.9139
10.054 847.7749 16.9143
10.064 847.7807 16.9147
10.074 847.7749 16.9162
10.084 847.7841 16.9171
10.094 847.7904 16.9176
10.104 847.7954 16.9164
10.114 847.7954 16.9168
10.124 847.7954 16.9176
10.134 847.7954 16.9172
10.144 847.7954 16.9170
10.154 847.7723 16.9158
10.164 847.7723 16.9154
10.174 847.7740 16.9159
10.184 847.7740 16.9162
10.194 847.7802 16.9168
10.204 847.7962 16.9175
10.214 847.7962 16.9172
10.224 847.7913 16.9180
10.234 847.7913 16.9180
10.244 847.7913 16.9178
10.254 847.7864 16.9184
10.264 847.7839 16.9174
10.274 847.7839 16.9158
10.284 847.7864 16.9164
10.294 847.7836 16.9183
10.304 847.7836 16.9171
10.314 847.7836 16.9175
10.324 847.7720 16.9184
10.334 847.7720 16.9180
10.344 847.7722 16.9175
10.354 847.7722 16.9171
10.364 847.7722 16.9168
10.374 847.7722 16.9170
10.384 847.7705 16.9191
10.394 847.7705 16.9186
10.404 847.7705 16.9175
10.414 847.7762 16.9175
10.424 847.7835 16.9164
10.434 847.7835 16.9160
10.444 847.7853 16.9170
10.454 847.7856 16.9184
10.464 847.7905 16.9184
10.474 847.7905 16.9184
10.484 847.7905 16.9183
10.494 847.7856 16.9166
10.504 847.7925 16.9164
10.514 847.7767 16.9176
10.524 847.7674 16.9186
10.534 847.7762 16.9182
10.544 847.7767 16.9162
10.554 847.7767 16.9164
10.564 847.7890 16.9182
10.574 847.7890 16.9179
10.584 847.7890 16.9170
10.594 847.7890 16.9171
10.604 847.7876 16.9166
10.614 847.7788 16.9186
10.624 847.7786 16.9199
10.634 847.7788 16.9199
10.644 847.7788 16.9198
10.654 847.7788 16.9190
10.664 847.7867 16.9190
10.674 847.7867 16.9188
10.684 847.7867 16.9207
10.694 847.7831 16.9208
10.704 847.7884 16.9190
10.714 847.7884 16.9180
10.724 847.7884 16.9190
10.734 847.7831 16.9218
10.744 847.7805 16.9220
10.754 847.7739 16.9199
10.764 847.7739 16.9199
10.774 847.7800 16.9206
10.784 847.7800 16.9190
10.794 847.7800 16.9182
10.804 847.7817 16.9200
10.814 847.7812 16.9194
10.824 847.7812 16.9182
10.834 847.7812 16.9187
10.844 847.7812 16.9178
10.854 847.7766 16.9198
10.864 847.7766 16.9228
10.874 847.7768 16.9219
10.884 847.7768 16.9212
10.894 847.7797 16.9208
10.904 847.7869 16.9206
10.914 847.7892 16.9203
10.924 847.7907 16.9204
10.934 847.7928 16.9200
10.944 847.7928 16.9182
10.954 847.7907 16.9187
10.964 847.7928 16.9186
10.974 847.7829 16.9195
10.984 847.7826 16.9220
10.994 847.7799 16.9196
11.004 847.7799 16.9188
11.014 847.7798 16.9194
11.024 847.7798 16.9196
11.034 847.7808 16.9216
11.044 847.7832 16.9206
11.054 847.7808 16.9200
11.064 847.7808 16.9206
11.074 847.7756 16.9204
11.084 847.7756 16.9207
11.094 847.7734 16.9206
11.104 847.7756 16.9200
11.114 847.7720 16.9188
11.124 847.7809 16.9186
11.134 847.7798 16.9196
11.144 847.7809 16.9212
11.154 847.7819 16.9211
11.164 847.7819 16.9198
11.174 847.7798 16.9190
11.184 847.7819 16.9182
11.194 847.7724 16.9192
11.204 847.7724 16.9191
11.214 847.7848 16.9187
11.224 847.7848 16.9211
11.234 847.7848 16.9207
11.244 847.7848 16.9203
11.254 847.7872 16.9212
11.264 847.7912 16.9203
11.274 847.7912 16.9218
11.284 847.7847 16.9218
11.294 847.7778 16.9202
11.304 847.7778 16.9218
11.314 847.7647 16.9222
11.324 847.7647 16.9211
11.334 847.7717 16.9224
11.344 847.7717 16.9219
11.354 847.7717 16.9204
11.364 847.7717 16.9215
11.374 847.7717 16.9215
11.384 847.7712 16.9210
11.394 847.7774 16.9210
11.404 847.7712 16.9199
11.414 847.7780 16.9206
11.424 847.7780 16.9222
11.434 847.7865 16.9218
11.444 847.7780 16.9219
11.454 847.7865 16.9219
11.464 847.7865 16.9228
11.474 847.7835 16.9242
11.484 847.7671 16.9236
11.494 847.7835 16.9220
11.504 847.7835 16.9223
11.514 847.7835 16.9228
11.524 847.7721 16.9214
11.534 847.7721 16.9212
11.544 847.7721 16.9236
11.554 847.7721 16.9247
11.564 847.7838 16.9244
11.574 847.7874 16.9224
11.584 847.7933 16.9212
11.594 847.7960 16.9223
11.604 847.7933 16.9232
11.614 847.7874 16.9234
11.624 847.7801 16.9234
11.634 847.7715 16.9235
11.644 847.7688 16.9214
11.654 847.7688 16.9214
11.664 847.7688 16.9239
11.674 847.7696 16.9250
11.684 847.7696 16.9232
11.694 847.7973 16.9223
11.704 847.7935 16.9231
11.714 847.7935 16.9236
11.724 847.7808 16.9228
11.734 847.7808 16.9208
11.744 847.7808 16.9223
11.754 847.7789 16.9230
11.764 847.7789 16.9222
11.774 847.7789 16.9230
11.784 847.7809 16.9222
11.794 847.7805 16.9235
11.804 847.7805 16.9231
11.814 847.7809 16.9222
11.824 847.7809 16.9222
11.834 847.7822 16.9207
11.844 847.7872 16.9224
11.854 847.7872 16.9252
11.864 847.7993 16.9251
11.874 847.7872 16.9247
11.884 847.7800 16.9244
11.894 847.7744 16.9227
11.904 847.7756 16.9223
11.914 847.7745 16.9238
11.924 847.7740 16.9252
11.934 847.7740 16.9255
11.944 847.7740 16.9238
11.954 847.7740 16.9234
11.964 847.7740 16.9234
11.974 847.7774 16.9244
11.984 847.7774 16.9248
11.994 847.7804 16.9238
12.004 847.7774 16.9255
12.014 847.7774 16.9267
12.024 847.7768 16.9256
12.034 847.7804 16.9244
12.044 847.7768 16.9235
12.054 847.7858 16.9230
12.064 847.7835 16.9250
12.074 847.7835 16.9254
12.084 847.7835 16.9243
12.094 847.7858 16.9244
12.104 847.7835 16.9239
12.114 847.7908 16.9247
12.124 847.7908 16.9251
12.134 847.7729 16.9254
12.144 847.7729 16.9256
12.154 847.7908 16.9263
12.164 847.7900 16.9272
12.174 847.7900 16.9250
12.184 847.7900 16.9235
12.194 847.7873 16.9232
12.204 847.7873 16.9238
12.214 847.7841 16.9222
12.224 847.7841 16.9244
12.234 847.7835 16.9276
12.244 847.7841 16.9266
12.254 847.7835 16.9266
12.264 847.7723 16.9238
12.274 847.7671 16.9228
12.284 847.7671 16.9252
12.294 847.7637 16.9259
12.304 847.7671 16.9246
12.314 847.7671 16.9251
12.324 847.7673 16.9284
12.334 847.7673 16.9275
12.344 847.7764 16.9260
12.354 847.7764 16.9258
12.364 847.7790 16.9248
12.374 847.7764 16.9252
12.384 847.7764 16.9259
12.394 847.7842 16.9256
12.404 847.7533 16.9256
12.414 847.7533 16.9262
12.424 847.7842 16.9264
12.434 847.7986 16.9258
12.444 847.7986 16.9259
12.454 847.7986 16.9276
12.464 847.7986 16.9264
12.474 847.7929 16.9250
12.484 847.7929 16.9278
12.494 847.7929 16.9294
12.504 847.7929 16.9287
12.514 847.7916 16.9280
12.524 847.7873 16.9268
12.534 847.7873 16.9264
12.544 847.7791 16.9260
12.554 847.7732 16.9266
12.564 847.7873 16.9264
12.574 847.7833 16.9251
12.584 847.7833 16.9267
12.594 847.7843 16.9272
12.604 847.7843 16.9270
12.614 847.7833 16.9296
12.624 847.7843 16.9294
12.634 847.7762 16.9286
12.644 847.7760 16.9288
12.654 847.7762 16.9290
12.664 847.7799 16.9315
12.674 847.7799 16.9307
12.684 847.7799 16.9295
12.694 847.7799 16.9291
12.704 847.7799 16.9272
12.714 847.7808 16.9278
12.724 847.7808 16.9288
12.734 847.7901 16.9299
12.744 847.7907 16.9299
12.754 847.7901 16.9288
12.764 847.7901 16.9280
12.774 847.7901 16.9286
12.784 847.7943 16.9290
12.794 847.7796 16.9292
12.804 847.7943 16.9315
12.814 847.7943 16.9307
12.824 847.7929 16.9306
12.834 847.7909 16.9316
12.844 847.7929 16.9292
12.854 847.7929 16.9280
12.864 847.7938 16.9291
12.874 847.7938 16.9298
12.884 847.8022 16.9283
12.894 847.7938 16.9291
12.904 847.7784 16.9307
12.914 847.7784 16.9303
12.924 847.7829 16.9296
12.934 847.7829 16.9304
12.944 847.7829 16.9339
12.954 847.7836 16.9324
12.964 847.7870 16.9298
12.974 847.7880 16.9312
12.984 847.7936 16.9311
12.994 847.7936 16.9287
13.004 847.7936 16.9282
13.014 847.7927 16.9323
13.024 847.7908 16.9323
13.034 847.7908 16.9307
13.044 847.7724 16.9318
13.054 847.7750 16.9306
13.064 847.7750 16.9314
13.074 847.7939 16.9326
13.084 847.7768 16.9318
13.094 847.7793 16.9312
13.104 847.7879 16.9311
13.114 847.7879 16.9315
13.124 847.7793 16.9316
13.134 847.7879 16.9324
13.144 847.7996 16.9320
13.154 847.7996 16.9318
13.164 847.7996 16.9324
13.174 847.7996 16.9328
13.184 847.7996 16.9334
13.194 847.8016 16.9323
13.204 847.8016 16.9332
13.214 847.7943 16.9346
13.224 847.7877 16.9347
13.234 847.7821 16.9323
13.244 847.7821 16.9315
13.254 847.7821 16.9312
13.264 847.7821 16.9312
13.274 847.7821 16.9332
13.284 847.7821 16.9344
13.294 847.7914 16.9334
13.304 847.7818 16.9320
13.314 847.7818 16.9330
13.324 847.7805 16.9311
13.334 847.7830 16.9319
13.344 847.7830 16.9346
13.354 847.7903 16.9347
13.364 847.7830 16.9332
13.374 847.7830 16.9312
13.384 847.7903 16.9304
13.394 847.7880 16.9320
13.404 847.7822 16.9334
13.414 847.7822 16.9324
13.424 847.7880 16.9306
13.434 847.7707 16.9306
13.444 847.7698 16.9326
13.454 847.7707 16.9324
13.464 847.7718 16.9322
13.474 847.7718 16.9334
13.484 847.7776 16.9334
13.494 847.7776 16.9330
13.504 847.7776 16.9330
13.514 847.7792 16.9320
13.524 847.7938 16.9328
13.534 847.7938 16.9330
13.544 847.7938 16.9319
13.554 847.7951 16.9328
13.564 847.7783 16.9343
13.574 847.7783 16.9334
13.584 847.7792 16.9326
13.594 847.7792 16.9352
13.604 847.7792 16.9346
13.614 847.8013 16.9315
13.624 847.8013 16.9332
13.634 847.7916 16.9358
13.644 847.7958 16.9348
13.654 847.7916 16.9323
13.664 847.7804 16.9307
13.674 847.7804 16.9312
13.684 847.7856 16.9324
13.694 847.7804 16.9336
13.704 847.7856 16.9331
13.714 847.7856 16.9312
13.724 847.7967 16.9336
13.734 847.7967 16.9360
13.744 847.8025 16.9364
13.754 847.8025 16.9371
13.764 847.7967 16.9366
13.774 847.7920 16.9354
13.784 847.7791 16.9344
13.794 847.7791 16.9335
13.804 847.7920 16.9344
13.814 847.7959 16.9366
13.824 847.7959 16.9368
13.834 847.7959 16.9350
13.844 847.7928 16.9331
13.854 847.7780 16.9346
13.864 847.7780 16.9364
13.874 847.7780 16.9370
13.884 847.7870 16.9355
13.894 847.7870 16.9343
13.904 847.7914 16.9358
13.914 847.7870 16.9364
13.924 847.7870 16.9342
13.934 847.7876 16.9351
13.944 847.7876 16.9371
13.954 847.7876 16.9338
13.964 847.7903 16.9328
13.974 847.7903 16.9350
13.984 847.7944 16.9358
13.994 847.7944 16.9354
14.004 847.7944 16.9354
14.014 847.8031 16.9367
14.024 847.8031 16.9371
14.034 847.7983 16.9359
14.044 847.7983 16.9347
14.054 847.7983 16.9356
14.064 847.7880 16.9351
14.074 847.7983 16.9346
14.084 847.7855 16.9356
14.094 847.8002 16.9358
14.104 847.8002 16.9356
14.114 847.8002 16.9358
14.124 847.8013 16.9355
14.134 847.8022 16.9351
14.144 847.8013 16.9367
14.154 847.7872 16.9359
14.164 847.7872 16.9351
14.174 847.7780 16.9370
14.184 847.7780 16.9355
14.194 847.7780 16.9356
14.204 847.7765 16.9376
14.214 847.7977 16.9363
14.224 847.7977 16.9364
14.234 847.7941 16.9386
14.244 847.7677 16.9383
14.254 847.7677 16.9375
14.264 847.7677 16.9359
14.274 847.7646 16.9331
14.284 847.7646 16.9347
14.294 847.7761 16.9364
14.304 847.7761 16.9360
14.314 847.7761 16.9368
14.324 847.7873 16.9367
14.334 847.7846 16.9355
14.344 847.7846 16.9359
14.354 847.7873 16.9370
14.364 847.7846 16.9354
14.374 847.7811 16.9366
14.384 847.7811 16.9388
14.394 847.7920 16.9391
14.404 847.7985 16.9403
14.414 847.7998 16.9382
14.424 847.7998 16.9371
14.434 847.7998 16.9380
14.444 847.7998 16.9378
14.454 847.7905 16.9374
14.464 847.7880 16.9372
14.474 847.7865 16.9364
14.484 847.7865 16.9363
14.494 847.7865 16.9376
14.504 847.7865 16.9384
14.514 847.7892 16.9383
14.524 847.7968 16.9380
14.534 847.7892 16.9390
14.544 847.7890 16.9395
14.554 847.7892 16.9390
14.564 847.7890 16.9378
14.574 847.7823 16.9383
14.584 847.7823 16.9391
14.594 847.7823 16.9404
14.604 847.7823 16.9412
14.614 847.7823 16.9382
14.624 847.7770 16.9351
14.634 847.7756 16.9350
14.644 847.7756 16.9371
14.654 847.7696 16.9364
14.664 847.7696 16.9346
14.674 847.7804 16.9362
14.684 847.7804 16.9388
14.694 847.7804 16.9407
14.704 847.7816 16.9406
14.714 847.7816 16.9394
14.724 847.7774 16.9387
14.734 847.7790 16.9367
14.744 847.7790 16.9367
14.754 847.7774 16.9382
14.764 847.7741 16.9376
14.774 847.7741 16.9386
14.784 847.7741 16.9390
14.794 847.7741 16.9391
14.804 847.7741 16.9387
14.814 847.7795 16.9376
14.824 847.7795 16.9382
14.834 847.7729 16.9395
14.844 847.7729 16.9384
14.854 847.7761 16.9378
14.864 847.7729 16.9391
14.874 847.7761 16.9390
14.884 847.7774 16.9386
14.894 847.7774 16.9390
14.904 847.7764 16.9399
14.914 847.7780 16.9395
14.924 847.7780 16.9400
14.934 847.7780 16.9392
14.944 847.7780 16.9382
14.954 847.7851 16.9395
14.964 847.7851 16.9382
14.974 847.7851 16.9387
14.984 847.7851 16.9403
14.994 847.7897 16.9399
15.004 847.7897 16.9416
15.014 847.7897 16.9423
15.024 847.7855 16.9396
15.034 847.7855 16.9395
15.044 847.7835 16.9414
15.054 847.7759 16.9422
15.064 847.7759 16.9408
15.074 847.7759 16.9406
15.084 847.7759 16.9403
15.094 847.7886 16.9387
15.104 847.7886 16.9406
15.114 847.7925 16.9399
15.124 847.7960 16.9394
15.134 847.7960 16.9408
15.144 847.7873 16.9410
15.154 847.7964 16.9412
15.164 847.7988 16.9411
15.174 847.7988 16.9414
15.184 847.7988 16.9404
15.194 847.7988 16.9408
15.204 847.7839 16.9428
15.214 847.7839 16.9422
15.224 847.7839 16.9404
15.234 847.7902 16.9407
15.244 847.7902 16.9418
15.254 847.7902 16.9422
15.264 847.7651 16.9423
15.274 847.7651 16.9402
15.284 847.7651 16.9402
15.294 847.7799 16.9418
15.304 847.7852 16.9416
15.314 847.7852 16.9428
15.324 847.7861 16.9419
15.334 847.7861 16.9412
15.344 847.7824 16.9422
15.354 847.7788 16.9404
15.364 847.7754 16.9411
15.374 847.7696 16.9418
15.384 847.7713 16.9411
15.394 847.7713 16.9407
15.404 847.7713 16.9407
15.414 847.7696 16.9424
15.424 847.7686 16.9419
15.434 847.7686 16.9408
15.444 847.7686 16.9418
15.454 847.7686 16.9422
15.464 847.7686 16.9432
15.474 847.7686 16.9423
15.484 847.7559 16.9395
15.494 847.7559 16.9412
15.504 847.7633 16.9423
15.514 847.7633 16.9434
15.524 847.7633 16.9431
15.534 847.7764 16.9400
15.544 847.7743 16.9398
15.554 847.7743 16.9415
15.564 847.7743 16.9428
15.574 847.7743 16.9427
15.584 847.7743 16.9435
15.594 847.7719 16.9440
15.604 847.7719 16.9439
15.614 847.7545 16.9446
15.624 847.7545 16.9428
15.634 847.7545 16.9414
15.644 847.7545 16.9443
15.654 847.7668 16.9455
15.664 847.7668 16.9443
15.674 847.7322 16.9432
15.684 847.7322 16.9423
15.694 847.7344 16.9418
15.704 847.7344 16.9420
15.714 847.7344 16.9423
15.724 847.7344 16.9416
15.734 847.7369 16.9423
15.744 847.7369 16.9439
15.754 847.7335 16.9438
15.764 847.7335 16.9428
15.774 847.7322 16.9418
15.784 847.7252 16.9408
15.794 847.7252 16.9416
15.804 847.7186 16.9431
15.814 847.7104 16.9447
15.824 847.7186 16.9439
15.834 847.7186 16.9426
15.844 847.7058 16.9422
15.854 847.7058 16.9424
15.864 847.7206 16.9419
15.874 847.7038 16.9420
15.884 847.6995 16.9440
15.894 847.6995 16.9458
15.904 847.6848 16.9451
15.914 847.6848 16.9438
15.924 847.6848 16.9435
15.934 847.6819 16.9423
15.944 847.6813 16.9426
15.954 847.6629 16.9442
15.964 847.6629 16.9446
15.974 847.6565 16.9458
15.984 847.6565 16.9468
15.994 847.6565 16.9447
16.004 847.6605 16.9426
16.014 847.6605 16.9431
16.024 847.6605 16.9446
16.034 847.6490 16.9448
16.044 847.6488 16.9438
16.054 847.6404 16.9430
16.064 847.6404 16.9439
16.074 847.6404 16.9452
16.084 847.6424 16.9462
16.094 847.6424 16.9454
16.104 847.6456 16.9435
16.114 847.6648 16.9440
16.124 847.6456 16.9446
16.134 847.6456 16.9443
16.144 847.6482 16.9452
16.154 847.6482 16.9455
16.164 847.6425 16.9458
16.174 847.6482 16.9470
16.184 847.6425 16.9462
16.194 847.6408 16.9454
16.204 847.6279 16.9448
16.214 847.6275 16.9448
16.224 847.6130 16.9454
16.234 847.6225 16.9459
16.244 847.6221 16.9474
16.254 847.6221 16.9476
16.264 847.6225 16.9467
16.274 847.6254 16.9479
16.284 847.6254 16.9489
16.294 847.6254 16.9463
16.304 847.6177 16.9447
16.314 847.6060 16.9439
16.324 847.6060 16.9451
16.334 847.6060 16.9464
16.344 847.6078 16.9470
16.354 847.6159 16.9462
16.364 847.6246 16.9454
16.374 847.6246 16.9471
16.384 847.6177 16.9479
16.394 847.6246 16.9470
16.404 847.6177 16.9464
16.414 847.6117 16.9454
16.424 847.6117 16.9450
16.434 847.6117 16.9464
16.444 847.6117 16.9466
16.454 847.6152 16.9474
16.464 847.6296 16.9471
16.474 847.6296 16.9471
16.484 847.6296 16.9485
16.494 847.6296 16.9484
16.504 847.6160 16.9472
16.514 847.6127 16.9474
16.524 847.6127 16.9470
16.534 847.6160 16.9470
16.544 847.6160 16.9467
16.554 847.6191 16.9468
16.564 847.6191 16.9480
16.574 847.6191 16.9467
16.584 847.6182 16.9480
16.594 847.6182 16.9487
16.604 847.6182 16.9482
16.614 847.6182 16.9483
16.624 847.6170 16.9460
16.634 847.6213 16.9460
16.644 847.6160 16.9470
16.654 847.6160 16.9471
16.664 847.6160 16.9492
16.674 847.6213 16.9496
16.684 847.6035 16.9479
16.694 847.6094 16.9475
16.704 847.6094 16.9480
16.714 847.6159 16.9492
16.724 847.6103 16.9488
16.734 847.6134 16.9484
16.744 847.6159 16.9474
16.754 847.6159 16.9480
16.764 847.6171 16.9479
16.774 847.6171 16.9467
16.784 847.6171 16.9476
16.794 847.6171 16.9475
16.804 847.6106 16.9484
16.814 847.6065 16.9482
16.824 847.6043 16.9479
16.834 847.6065 16.9474
16.844 847.6065 16.9470
16.854 847.6139 16.9480
16.864 847.6184 16.9479
16.874 847.6184 16.9475
16.884 847.6139 16.9484
16.894 847.6136 16.9497
16.904 847.6103 16.9496
16.914 847.6103 16.9476
16.924 847.6106 16.9474
16.934 847.6103 16.9483
16.944 847.6103 16.9497
16.954 847.6072 16.9496
16.964 847.5991 16.9478
16.974 847.5913 16.9489
16.984 847.5991 16.9505
16.994 847.5991 16.9500
17.004 847.5948 16.9496
17.014 847.5948 16.9493
17.024 847.5948 16.9493
17.034 847.5948 16.9493
17.044 847.5946 16.9500
17.054 847.6163 16.9500
17.064 847.5990 16.9491
17.074 847.5990 16.9504
17.084 847.5990 16.9497
17.094 847.6082 16.9484
17.104 847.5990 16.9487
17.114 847.6082 16.9492
17.124 847.6083 16.9497
17.134 847.6083 16.9495
17.144 847.6083 16.9493
17.154 847.6180 16.9493
17.164 847.6180 16.9507
17.174 847.6139 16.9517
17.184 847.6139 16.9508
17.194 847.6079 16.9497
17.204 847.6079 16.9504
17.214 847.6069 16.9511
17.224 847.5971 16.9488
17.234 847.5993 16.9483
17.244 847.5993 16.9501
17.254 847.5993 16.9499
17.264 847.6073 16.9497
17.274 847.6247 16.9495
17.284 847.6247 16.9497
17.294 847.6160 16.9501
17.304 847.6073 16.9520
17.314 847.6160 16.9537
17.324 847.6116 16.9527
17.334 847.6141 16.9519
17.344 847.6116 16.9517
17.354 847.6116 16.9513
17.364 847.6067 16.9517
17.374 847.5994 16.9515
17.384 847.5994 16.9509
17.394 847.5994 16.9515
17.404 847.6012 16.9500
17.414 847.6044 16.9492
17.424 847.6044 16.9521
17.434 847.6044 16.9532
17.444 847.6009 16.9521
17.454 847.5962 16.9516
17.464 847.5962 16.9511
17.474 847.5944 16.9523
17.484 847.5962 16.9515
17.494 847.6093 16.9507
17.504 847.6093 16.9512
17.514 847.6093 16.9507
17.524 847.6114 16.9509
17.534 847.6093 16.9507
17.544 847.6114 16.9501
17.554 847.6114 16.9525
17.564 847.6036 16.9540
17.574 847.6036 16.9524
17.584 847.6095 16.9519
17.594 847.6036 16.9523
17.604 847.6095 16.9523
17.614 847.6111 16.9513
17.624 847.6200 16.9503
17.634 847.6227 16.9523
17.644 847.6227 16.9547
17.654 847.6280 16.9559
17.664 847.6280 16.9545
17.674 847.6243 16.9531
17.684 847.6111 16.9529
17.694 847.6235 16.9515
17.704 847.6235 16.9515
17.714 847.6235 16.9519
17.724 847.6205 16.9523
17.734 847.6205 16.9532
17.744 847.6205 16.9520
17.754 847.6153 16.9515
17.764 847.6205 16.9524
17.774 847.6202 16.9527
17.784 847.6202 16.9527
17.794 847.6153 16.9519
17.804 847.6202 16.9515
17.814 847.6202 16.9541
17.824 847.6157 16.9551
17.834 847.6162 16.9548
17.844 847.6162 16.9536
17.854 847.6157 16.9508
17.864 847.6083 16.9517
17.874 847.6083 16.9521
17.884 847.6083 16.9527
17.894 847.6079 16.9531
17.904 847.6079 16.9520
17.914 847.6079 16.9508
17.924 847.6079 16.9513
17.934 847.6041 16.9523
17.944 847.5962 16.9515
17.954 847.5962 16.9523
17.964 847.6100 16.9524
17.974 847.6100 16.9525
17.984 847.6161 16.9517
17.994 847.6161 16.9523
18.004 847.6148 16.9545
18.014 847.6148 16.9532
18.024 847.6148 16.9517
18.034 847.6116 16.9520
18.044 847.6066 16.9508
18.054 847.6066 16.9516
18.064 847.6301 16.9540
18.074 847.6066 16.9543
18.084 847.6301 16.9541
18.094 847.6301 16.9528
18.104 847.6283 16.9527
18.114 847.5992 16.9521
18.124 847.6140 16.9525
18.134 847.6070 16.9515
18.144 847.6140 16.9505
18.154 847.6070 16.9527
18.164 847.6070 16.9533
18.174 847.5994 16.9539
18.184 847.5994 16.9543
18.194 847.5981 16.9537
18.204 847.5994 16.9525
18.214 847.6144 16.9519
18.224 847.6144 16.9515
18.234 847.6128 16.9523
18.244 847.6144 16.9531
18.254 847.6144 16.9545
18.264 847.6128 16.9548
18.274 847.6229 16.9539
18.284 847.6282 16.9547
18.294 847.6250 16.9545
18.304 847.6250 16.9540
18.314 847.6250 16.9533
18.324 847.5985 16.9520
18.334 847.5985 16.9525
18.344 847.5985 16.9515
18.354 847.6025 16.9512
18.364 847.6117 16.9544
18.374 847.6220 16.9548
18.384 847.6117 16.9548
18.394 847.6266 16.9567
18.404 847.6117 16.9564
18.414 847.6069 16.9556
18.424 847.6054 16.9549
18.434 847.6017 16.9529
18.444 847.6017 16.9540
18.454 847.5982 16.9555
18.464 847.6017 16.9551
18.474 847.6159 16.9547
18.484 847.6159 16.9564
18.494 847.6104 16.9575
18.504 847.6104 16.9553
18.514 847.6104 16.9557
18.524 847.6104 16.9560
18.534 847.6104 16.9553
18.544 847.6115 16.9555
18.554 847.6115 16.9560
18.564 847.6115 16.9559
18.574 847.6093 16.9557
18.584 847.6033 16.9565
18.594 847.6033 16.9540
18.604 847.6038 16.9520
18.614 847.6038 16.9535
18.624 847.6038 16.9545
18.634 847.6038 16.9553
18.644 847.6046 16.9543
18.654 847.6025 16.9547
18.664 847.6006 16.9556
18.674 847.6025 16.9544
18.684 847.6151 16.9531
18.694 847.6187 16.9556
18.704 847.6187 16.9580
18.714 847.6205 16.9551
18.724 847.6187 16.9547
18.734 847.6101 16.9559
18.744 847.6035 16.9552
18.754 847.6035 16.9556
18.764 847.6035 16.9556
18.774 847.6101 16.9539
18.784 847.6135 16.9539
18.794 847.6135 16.9564
18.804 847.6135 16.9564
18.814 847.6075 16.9547
18.824 847.6075 16.9544
18.834 847.6075 16.9544
18.844 847.6075 16.9555
18.854 847.6067 16.9560
18.864 847.6067 16.9563
18.874 847.6049 16.9571
18.884 847.6020 16.9571
18.894 847.6020 16.9555
18.904 847.6020 16.9549
18.914 847.6049 16.9560
18.924 847.6115 16.9555
18.934 847.6116 16.9555
18.944 847.6131 16.9560
18.954 847.6165 16.9563
18.964 847.6193 16.9577
18.974 847.6262 16.9584
18.984 847.6262 16.9585
18.994 847.6262 16.9576
19.004 847.6181 16.9577
19.014 847.6165 16.9580
19.024 847.6165 16.9583
19.034 847.6165 16.9585
19.044 847.6353 16.9573
19.054 847.6387 16.9588
19.064 847.6387 16.9595
19.074 847.6353 16.9579
19.084 847.6344 16.9569
19.094 847.6082 16.9577
19.104 847.6056 16.9576
19.114 847.6082 16.9573
19.124 847.6108 16.9599
19.134 847.6056 16.9584
19.144 847.6108 16.9567
19.154 847.6179 16.9591
19.164 847.6139 16.9584
19.174 847.6139 16.9588
19.184 847.6139 16.9596
19.194 847.6106 16.9591
19.204 847.6106 16.9597
19.214 847.6106 16.9596
19.224 847.6124 16.9567
19.234 847.6170 16.9561
19.244 847.6232 16.9593
19.254 847.6232 16.9603
19.264 847.6170 16.9593
19.274 847.6083 16.9595
19.284 847.6037 16.9593
19.294 847.6037 16.9595
19.304 847.6083 16.9603
19.314 847.6118 16.9589
19.324 847.6118 16.9587
19.334 847.6118 16.9604
19.344 847.6090 16.9604
19.354 847.6090 16.9599
19.364 847.6090 16.9609
19.374 847.6103 16.9604
19.384 847.6157 16.9595
19.394 847.6167 16.9603
19.404 847.6167 16.9612
19.414 847.6280 16.9601
19.424 847.6208 16.9585
19.434 847.6280 16.9600
19.444 847.6281 16.9620
19.454 847.6280 16.9609
19.464 847.6240 16.9603
19.474 847.6240 16.9601
19.484 847.6184 16.9589
19.494 847.6176 16.9583
19.504 847.6184 16.9601
19.514 847.6184 16.9599
19.524 847.6184 16.9592
19.534 847.6134 16.9605
19.544 847.6134 16.9601
19.554 847.6048 16.9587
19.564 847.6048 16.9583
19.574 847.6048 16.9600
19.584 847.6120 16.9619
19.594 847.6185 16.9603
19.604 847.6221 16.9589
19.614 847.6185 16.9617
19.624 847.6185 16.9597
19.634 847.5997 16.9589
19.644 847.5997 16.9607
19.654 847.5997 16.9591
19.664 847.6179 16.9584
19.674 847.6179 16.9584
19.684 847.6179 16.9599
19.694 847.6179 16.9600
19.704 847.6160 16.9591
19.714 847.6108 16.9599
19.724 847.6108 16.9612
19.734 847.6040 16.9621
19.744 847.6040 16.9625
19.754 847.6029 16.9627
19.764 847.5986 16.9619
19.774 847.6040 16.9609
19.784 847.6271 16.9600
19.794 847.6287 16.9588
19.804 847.6287 16.9612
19.814 847.6287 16.9633
19.824 847.6257 16.9620
19.834 847.6201 16.9609
19.844 847.6088 16.9612
19.854 847.6088 16.9632
19.864 847.6117 16.9633
19.874 847.6201 16.9624
19.884 847.6196 16.9629
19.894 847.6196 16.9627
19.904 847.6196 16.9615
19.914 847.6196 16.9625
19.924 847.6105 16.9641
19.934 847.6105 16.9637
19.944 847.6105 16.9613
19.954 847.6094 16.9607
19.964 847.6056 16.9619
19.974 847.6056 16.9615
19.984 847.6014 16.9624
19.994 847.6014 16.9617
20.004 847.6119 16.9604
20.014 847.6263 16.9623
20.024 847.6263 16.9617
20.034 847.6263 16.9600
20.044 847.6235 16.9627
20.054 847.6235 16.9663
20.064 847.6156 16.9639
20.074 847.6235 16.9613
20.084 847.6149 16.9604
20.094 847.6259 16.9604
20.104 847.6272 16.9620
20.114 847.6272 16.9619
20.124 847.6232 16.9628
20.134 847.6232 16.9639
20.144 847.6214 16.9631
20.154 847.6209 16.9628
20.164 847.6177 16.9644
20.174 847.6046 16.9621
20.184 847.6045 16.9621
20.194 847.6019 16.9629
20.204 847.6018 16.9632
20.214 847.6019 16.9647
20.224 847.6019 16.9627
20.234 847.6065 16.9623
20.244 847.6094 16.9613
20.254 847.6183 16.9623
20.264 847.6183 16.9629
20.274 847.6214 16.9593
20.284 847.6183 16.9603
20.294 847.5986 16.9631
20.304 847.5986 16.9632
20.314 847.6015 16.9632
20.324 847.6015 16.9649
20.334 847.6015 16.9645
20.344 847.6015 16.9632
20.354 847.6015 16.9645
20.364 847.6086 16.9644
20.374 847.6086 16.9656
20.384 847.6177 16.9663
20.394 847.6228 16.9641
20.404 847.6201 16.9644
20.414 847.6228 16.9652
20.424 847.6228 16.9655
20.434 847.6231 16.9659
20.444 847.6231 16.9653
20.454 847.6259 16.9649
20.464 847.6260 16.9663
20.474 847.6260 16.9652
20.484 847.6111 16.9644
20.494 847.6260 16.9644
20.504 847.6111 16.9655
20.514 847.6111 16.9632
20.524 847.6151 16.9612
20.534 847.6200 16.9647
20.544 847.6177 16.9655
20.554 847.6200 16.9664
20.564 847.6177 16.9667
20.574 847.6177 16.9665
20.584 847.6174 16.9659
20.594 847.6165 16.9643
20.604 847.6108 16.9631
20.614 847.6165 16.9643
20.624 847.6165 16.9669
20.634 847.6108 16.9664
20.644 847.6084 16.9659
20.654 847.6193 16.9665
20.664 847.6050 16.9657
20.674 847.5988 16.9653
20.684 847.5988 16.9661
20.694 847.6050 16.9656
20.704 847.6050 16.9664
20.714 847.6080 16.9671
20.724 847.6130 16.9651
20.734 847.6130 16.9660
20.744 847.6130 16.9668
20.754 847.6124 16.9659
20.764 847.6124 16.9652
20.774 847.6124 16.9657
20.784 847.6197 16.9656
20.794 847.6124 16.9660
20.804 847.6131 16.9668
20.814 847.6131 16.9656
20.824 847.6088 16.9653
20.834 847.6088 16.9656
20.844 847.6088 16.9669
20.854 847.6088 16.9665
20.864 847.6119 16.9663
20.874 847.6182 16.9673
20.884 847.6182 16.9673
20.894 847.6208 16.9661
20.904 847.6184 16.9649
20.914 847.6184 16.9651
20.924 847.6184 16.9655
20.934 847.6184 16.9655
20.944 847.6184 16.9663
20.954 847.6130 16.9677
20.964 847.6130 16.9668
20.974 847.6184 16.9661
20.984 847.6245 16.9660
20.994 847.6245 16.9661
21.004 847.6245 16.9664
21.014 847.6240 16.9664
21.024 847.6221 16.9657
21.034 847.6221 16.9663
21.044 847.6240 16.9672
21.054 847.6172 16.9669
21.064 847.6172 16.9659
21.074 847.6065 16.9653
21.084 847.6065 16.9649
21.094 847.6005 16.9667
21.104 847.6005 16.9676
21.114 847.6055 16.9656
21.124 847.6055 16.9665
21.134 847.6055 16.9656
21.144 847.6055 16.9681
21.154 847.6055 16.9685
21.164 847.6054 16.9661
21.174 847.6054 16.9659
21.184 847.6054 16.9648
21.194 847.6110 16.9656
21.204 847.6054 16.9689
21.214 847.6111 16.9699
21.224 847.6177 16.9660
21.234 847.6177 16.9667
21.244 847.6034 16.9689
21.254 847.6177 16.9692
21.264 847.6226 16.9688
21.274 847.6034 16.9687
21.284 847.6226 16.9681
21.294 847.6234 16.9685
21.304 847.6234 16.9687
21.314 847.6234 16.9685
21.324 847.6234 16.9688
21.334 847.6223 16.9667
21.344 847.6146 16.9660
21.354 847.6105 16.9657
21.364 847.6105 16.9664
21.374 847.6052 16.9663
21.384 847.6037 16.9679
21.394 847.6037 16.9693
21.404 847.6004 16.9684
21.414 847.6037 16.9676
21.424 847.6345 16.9671
21.434 847.6345 16.9692
21.444 847.6208 16.9683
21.454 847.6208 16.9673
21.464 847.6121 16.9684
21.474 847.6121 16.9673
21.484 847.6076 16.9679
21.494 847.6121 16.9681
21.504 847.6226 16.9696
21.514 847.6226 16.9711
21.524 847.6281 16.9703
21.534 847.6281 16.9701
21.544 847.6281 16.9707
21.554 847.6261 16.9689
21.564 847.6261 16.9668
21.574 847.6135 16.9675
21.584 847.6146 16.9669
21.594 847.6135 16.9663
21.604 847.6087 16.9660
21.614 847.6135 16.9671
21.624 847.6146 16.9680
21.634 847.6150 16.9673
21.644 847.6150 16.9677
21.654 847.6208 16.9692
21.664 847.6217 16.9700
21.674 847.6150 16.9709
21.684 847.6001 16.9699
21.694 847.6170 16.9688
21.704 847.5962 16.9689
21.714 847.5962 16.9679
21.724 847.6170 16.9691
21.734 847.6175 16.9715
21.744 847.6175 16.9719
21.754 847.6239 16.9703
21.764 847.6175 16.9691
21.774 847.6149 16.9705
21.784 847.6149 16.9697
21.794 847.6149 16.9684
21.804 847.6149 16.9693
21.814 847.6149 16.9700
21.824 847.6148 16.9697
21.834 847.6068 16.9699
21.844 847.6148 16.9700
21.854 847.6068 16.9684
21.864 847.6068 16.9681
21.874 847.6193 16.9696
21.884 847.6193 16.9701
21.894 847.6286 16.9695
21.904 847.6286 16.9704
21.914 847.6387 16.9727
21.924 847.6292 16.9720
21.934 847.6292 16.9701
21.944 847.6292 16.9704
21.954 847.6292 16.9723
21.964 847.6226 16.9713
21.974 847.6153 16.9716
21.984 847.6153 16.9712
21.994 847.6051 16.9701
22.004 847.6051 16.9715
22.014 847.6050 16.9700
22.024 847.6050 16.9707
22.034 847.5990 16.9712
22.044 847.5990 16.9709
22.054 847.5995 16.9717
22.064 847.6254 16.9712
22.074 847.6050 16.9712
22.084 847.6260 16.9720
22.094 847.6093 16.9715
22.104 847.6284 16.9720
22.114 847.6284 16.9727
22.124 847.6372 16.9708
22.134 847.6284 16.9703
22.144 847.6372 16.9711
22.154 847.6372 16.9711
22.164 847.6138 16.9715
22.174 847.6138 16.9720
22.184 847.6138 16.9709
22.194 847.6070 16.9709
22.204 847.6070 16.9719
22.214 847.6070 16.9716
22.224 847.6070 16.9703
22.234 847.6210 16.9712
22.244 847.6210 16.9728
22.254 847.6210 16.9729
22.264 847.6231 16.9743
22.274 847.6210 16.9735
22.284 847.6210 16.9717
22.294 847.6210 16.9732
22.304 847.6134 16.9749
22.314 847.6075 16.9741
22.324 847.6134 16.9723
22.334 847.6134 16.9717
22.344 847.6134 16.9736
22.354 847.6146 16.9725
22.364 847.6146 16.9695
22.374 847.6099 16.9691
22.384 847.6097 16.9707
22.394 847.6097 16.9729
22.404 847.6097 16.9713
22.414 847.6097 16.9717
22.424 847.6198 16.9749
22.434 847.6198 16.9733
22.444 847.6198 16.9729
22.454 847.6186 16.9739
22.464 847.6186 16.9731
22.474 847.6186 16.9724
22.484 847.6316 16.9733
22.494 847.6316 16.9752
22.504 847.6316 16.9745
22.514 847.6208 16.9735
22.524 847.6127 16.9741
22.534 847.6091 16.9744
22.544 847.6091 16.9733
22.554 847.6086 16.9716
22.564 847.6091 16.9716
22.574 847.6086 16.9733
22.584 847.6041 16.9741
22.594 847.6041 16.9727
22.604 847.6044 16.9732
22.614 847.6044 16.9712
22.624 847.6129 16.9712
22.634 847.6129 16.9751
22.644 847.6129 16.9748
22.654 847.6120 16.9735
22.664 847.6061 16.9747
22.674 847.6061 16.9765
22.684 847.6061 16.9749
22.694 847.6061 16.9745
22.704 847.6121 16.9735
22.714 847.6121 16.9732
22.724 847.6121 16.9733
22.734 847.6121 16.9721
22.744 847.6163 16.9713
22.754 847.6163 16.9715
22.764 847.6163 16.9736
22.774 847.6098 16.9736
22.784 847.6098 16.9744
22.794 847.6098 16.9753
22.804 847.6098 16.9749
22.814 847.6387 16.9771
22.824 847.6387 16.9768
22.834 847.6387 16.9740
22.844 847.6281 16.9735
22.854 847.6242 16.9749
22.864 847.6215 16.9752
22.874 847.6242 16.9756
22.884 847.6281 16.9760
22.894 847.6215 16.9755
22.904 847.6370 16.9763
22.914 847.6370 16.9760
22.924 847.6370 16.9743
22.934 847.6054 16.9747
22.944 847.6365 16.9748
22.954 847.6154 16.9739
22.964 847.6154 16.9745
22.974 847.6152 16.9755
22.984 847.6152 16.9761
22.994 847.6083 16.9757
23.004 847.6083 16.9747
23.014 847.6083 16.9737
23.024 847.6118 16.9737
23.034 847.6149 16.9753
23.044 847.6149 16.9756
23.054 847.6167 16.9745
23.064 847.6190 16.9753
23.074 847.6167 16.9756
23.084 847.6256 16.9759
23.094 847.6256 16.9776
23.104 847.6398 16.9773
23.114 847.6183 16.9765
23.124 847.6183 16.9768
23.134 847.6183 16.9768
23.144 847.6392 16.9769
23.154 847.6392 16.9768
23.164 847.6392 16.9765
23.174 847.6392 16.9773
23.184 847.6392 16.9773
23.194 847.6211 16.9763
23.204 847.6211 16.9772
23.214 847.6244 16.9763
23.224 847.6244 16.9743
23.234 847.6244 16.9768
23.244 847.6315 16.9772
23.254 847.6315 16.9772
23.264 847.6241 16.9780
23.274 847.6420 16.9780
23.284 847.6112 16.9773
23.294 847.6112 16.9763
23.304 847.6112 16.9772
23.314 847.6166 16.9768
23.324 847.6166 16.9761
23.334 847.6347 16.9752
23.344 847.6347 16.9756
23.354 847.6347 16.9775
23.364 847.6286 16.9779
23.374 847.6192 16.9777
23.384 847.6192 16.9793
23.394 847.6192 16.9795
23.404 847.6189 16.9779
23.414 847.6149 16.9780
23.424 847.6077 16.9783
23.434 847.5972 16.9763
23.444 847.5972 16.9777
23.454 847.5972 16.9784
23.464 847.6103 16.9783
23.474 847.6124 16.9792
23.484 847.6298 16.9795
23.494 847.6124 16.9809
23.504 847.6124 16.9780
23.514 847.6124 16.9763
23.524 847.6102 16.9764
23.534 847.5989 16.9769
23.544 847.5989 16.9784
23.554 847.6102 16.9785
23.564 847.6018 16.9788
23.574 847.6018 16.9791
23.584 847.6117 16.9776
23.594 847.6117 16.9768
23.604 847.6018 16.9777
23.614 847.6117 16.9788
23.624 847.6041 16.9799
23.634 847.6041 16.9791
23.644 847.6178 16.9779
23.654 847.6178 16.9784
23.664 847.6178 16.9796
23.674 847.6218 16.9777
23.684 847.6178 16.9771
23.694 847.6225 16.9785
23.704 847.6241 16.9761
23.714 847.6241 16.9772
23.724 847.6225 16.9795
23.734 847.6225 16.9773
23.744 847.6153 16.9769
23.754 847.6153 16.9779
23.764 847.6133 16.9791
23.774 847.6133 16.9788
23.784 847.6133 16.9781
23.794 847.6160 16.9793
23.804 847.6080 16.9804
23.814 847.6081 16.9801
23.824 847.6081 16.9792
23.834 847.6081 16.9797
23.844 847.6053 16.9792
23.854 847.6081 16.9784
23.864 847.6119 16.9805
23.874 847.6218 16.9807
23.884 847.6322 16.9808
23.894 847.6322 16.9801
23.904 847.6322 16.9791
23.914 847.6089 16.9808
23.924 847.6055 16.9793
23.934 847.6055 16.9773
23.944 847.6089 16.9785
23.954 847.6102 16.9784
23.964 847.6161 16.9784
23.974 847.6161 16.9804
23.984 847.6161 16.9819
23.994 847.6161 16.9815
24.004 847.6161 16.9792
24.014 847.6186 16.9791
24.024 847.6186 16.9792
24.034 847.6076 16.9797
24.044 847.6076 16.9804
24.054 847.6076 16.9795
24.064 847.6076 16.9789
24.074 847.6112 16.9808
24.084 847.6154 16.9819
24.094 847.6250 16.9796
24.104 847.6260 16.9793
24.114 847.6250 16.9799
24.124 847.6250 16.9803
24.134 847.6198 16.9805
24.144 847.6198 16.9791
24.154 847.6198 16.9796
24.164 847.6230 16.9797
24.174 847.6230 16.9779
24.184 847.6230 16.9779
24.194 847.6273 16.9796
24.204 847.6181 16.9807
24.214 847.6181 16.9789
24.224 847.6181 16.9797
24.234 847.6181 16.9815
24.244 847.6181 16.9809
24.254 847.6185 16.9807
24.264 847.6174 16.9795
24.274 847.6148 16.9813
24.284 847.6225 16.9823
24.294 847.6249 16.9797
24.304 847.6183 16.9795
24.314 847.6183 16.9813
24.324 847.6183 16.9821
24.334 847.6177 16.9805
24.344 847.6177 16.9811
24.354 847.6177 16.9816
24.364 847.6273 16.9807
24.374 847.6309 16.9812
24.384 847.6318 16.9809
24.394 847.6309 16.9811
24.404 847.6273 16.9815
24.414 847.6309 16.9799
24.424 847.6242 16.9809
24.434 847.6242 16.9823
24.444 847.6256 16.9825
24.454 847.6256 16.9824
24.464 847.6242 16.9808
24.474 847.6256 16.9817
24.484 847.6374 16.9836
24.494 847.6246 16.9825
24.504 847.6246 16.9823
24.514 847.6246 16.9835
24.524 847.6246 16.9820
24.534 847.6214 16.9820
24.544 847.6179 16.9812
24.554 847.6214 16.9808
24.564 847.6179 16.9827
24.574 847.6179 16.9824
24.584 847.6179 16.9828
24.594 847.6149 16.9832
24.604 847.6149 16.9808
24.614 847.6149 16.9805
24.624 847.6049 16.9809
24.634 847.6149 16.9803
24.644 847.6049 16.9828
24.654 847.6049 16.9835
24.664 847.6049 16.9819
24.674 847.6021 16.9821
24.684 847.6021 16.9819
24.694 847.6041 16.9845
24.704 847.6041 16.9857
24.714 847.6130 16.9832
24.724 847.6369 16.9840
24.734 847.6369 16.9843
24.744 847.6369 16.9823
24.754 847.6343 16.9816
24.764 847.6171 16.9829
24.774 847.6171 16.9841
24.784 847.6171 16.9831
24.794 847.6171 16.9799
24.804 847.6159 16.9803
24.814 847.6098 16.9828
24.824 847.6098 16.9832
24.834 847.6098 16.9820
24.844 847.6308 16.9819
24.854 847.6327 16.9829
24.864 847.6386 16.9825
24.874 847.6386 16.9831
24.884 847.6332 16.9827
24.894 847.6386 16.9813
24.904 847.6410 16.9829
24.914 847.6432 16.9839
24.924 847.6437 16.9844
24.934 847.6437 16.9841
24.944 847.6432 16.9833
24.954 847.6401 16.9845
24.964 847.6401 16.9825
24.974 847.6401 16.9820
24.984 847.6654 16.9864
24.994 847.6674 16.9863
25.004 847.6677 16.9832
25.014 847.6677 16.9841
25.024 847.6654 16.9843
25.034 847.6677 16.9852
25.044 847.6648 16.9853
25.054 847.6648 16.9840
25.064 847.6614 16.9844
25.074 847.6614 16.9844
25.084 847.6614 16.9824
25.094 847.6644 16.9820
25.104 847.6644 16.9843
25.114 847.6646 16.9859
25.124 847.6708 16.9849
25.134 847.6725 16.9827
25.144 847.6725 16.9835
25.154 847.6708 16.9833
25.164 847.6668 16.9839
25.174 847.6653 16.9844
25.184 847.6653 16.9824
25.194 847.6653 16.9820
25.204 847.6837 16.9839
25.214 847.6950 16.9840
25.224 847.6950 16.9847
25.234 847.7033 16.9843
25.244 847.7033 16.9851
25.254 847.7033 16.9869
25.264 847.7012 16.9852
25.274 847.7033 16.9845
25.284 847.7249 16.9853
25.294 847.7329 16.9869
25.304 847.7249 16.9868
25.314 847.7249 16.9860
25.324 847.7126 16.9836
25.334 847.7050 16.9824
25.344 847.6991 16.9831
25.354 847.6991 16.9835
25.364 847.6991 16.9836
25.374 847.7073 16.9845
25.384 847.7073 16.9859
25.394 847.7073 16.9857
25.404 847.7073 16.9860
25.414 847.7073 16.9855
25.424 847.7068 16.9852
25.434 847.7179 16.9848
25.444 847.7179 16.9864
25.454 847.7082 16.9860
25.464 847.6939 16.9839
25.474 847.6802 16.9855
25.484 847.6802 16.9852
25.494 847.6802 16.9847
25.504 847.6914 16.9856
25.514 847.7021 16.9864
25.524 847.7021 16.9860
25.534 847.7079 16.9860
25.544 847.6914 16.9856
25.554 847.7079 16.9848
25.564 847.6874 16.9847
25.574 847.7048 16.9852
25.584 847.7048 16.9849
25.594 847.7048 16.9853
25.604 847.7048 16.9849
25.614 847.7048 16.9852
25.624 847.6863 16.9872
25.634 847.6863 16.9856
25.644 847.7023 16.9852
25.654 847.7023 16.9872
25.664 847.7088 16.9876
25.674 847.7159 16.9853
25.684 847.7181 16.9864
25.694 847.7159 16.9881
25.704 847.7159 16.9869
25.714 847.7265 16.9853
25.724 847.7265 16.9863
25.734 847.7267 16.9880
25.744 847.7267 16.9872
25.754 847.7249 16.9863
25.764 847.7127 16.9867
25.774 847.7249 16.9869
25.784 847.7249 16.9881
25.794 847.7249 16.9896
25.804 847.7174 16.9876
25.814 847.7190 16.9851
25.824 847.7190 16.9865
25.834 847.7190 16.9865
25.844 847.7227 16.9848
25.854 847.7232 16.9875
25.864 847.7232 16.9875
25.874 847.7227 16.9869
25.884 847.7150 16.9873
25.894 847.7095 16.9875
25.904 847.7095 16.9877
25.914 847.7150 16.9877
25.924 847.7217 16.9881
25.934 847.7218 16.9855
25.944 847.7233 16.9832
25.954 847.7218 16.9840
25.964 847.7218 16.9875
25.974 847.7218 16.9889
25.984 847.7210 16.9879
25.994 847.7194 16.9875
26.004 847.7194 16.9873
26.014 847.7194 16.9880
26.024 847.7212 16.9891
26.034 847.7212 16.9896
26.044 847.7257 16.9880
26.054 847.7338 16.9873
26.064 847.7281 16.9873
26.074 847.7257 16.9885
26.084 847.7281 16.9907
26.094 847.7439 16.9904
26.104 847.7281 16.9896
26.114 847.7357 16.9892
26.124 847.7357 16.9884
26.134 847.7357 16.9873
26.144 847.7298 16.9881
26.154 847.7298 16.9901
26.164 847.7298 16.9892
26.174 847.7434 16.9887
26.184 847.7398 16.9901
26.194 847.7444 16.9891
26.204 847.7444 16.9892
26.214 847.7398 16.9908
26.224 847.7367 16.9901
26.234 847.7360 16.9905
26.244 847.7355 16.9893
26.254 847.7355 16.9885
26.264 847.7351 16.9911
26.274 847.7333 16.9897
26.284 847.7351 16.9893
26.294 847.7183 16.9909
26.304 847.7351 16.9905
26.314 847.7374 16.9900
26.324 847.7374 16.9907
26.334 847.7374 16.9904
26.344 847.7396 16.9899
26.354 847.7396 16.9899
26.364 847.7396 16.9892
26.374 847.7396 16.9895
26.384 847.7396 16.9900
26.394 847.7331 16.9892
26.404 847.7266 16.9907
26.414 847.7331 16.9907
26.424 847.7297 16.9885
26.434 847.7297 16.9884
26.444 847.7297 16.9884
26.454 847.7297 16.9883
26.464 847.7297 16.9887
26.474 847.7266 16.9896
26.484 847.7253 16.9897
26.494 847.7234 16.9900
26.504 847.7234 16.9908
26.514 847.7234 16.9896
26.524 847.7234 16.9876
26.534 847.7330 16.9889
26.544 847.7342 16.9900
26.554 847.7342 16.9907
26.564 847.7330 16.9909
26.574 847.7330 16.9896
26.584 847.7405 16.9885
26.594 847.7323 16.9901
26.604 847.7374 16.9933
26.614 847.7374 16.9921
26.624 847.7357 16.9904
26.634 847.7144 16.9904
26.644 847.7332 16.9913
26.654 847.7144 16.9920
26.664 847.7014 16.9900
26.674 847.7144 16.9885
26.684 847.7164 16.9887
26.694 847.7164 16.9883
26.704 847.7164 16.9876
26.714 847.7164 16.9887
26.724 847.7164 16.9905
26.734 847.7227 16.9908
26.744 847.7134 16.9897
26.754 847.7134 16.9888
26.764 847.7034 16.9900
26.774 847.7034 16.9917
26.784 847.7034 16.9912
26.794 847.7254 16.9895
26.804 847.7254 16.9899
26.814 847.7254 16.9904
26.824 847.7235 16.9893
26.834 847.7060 16.9916
26.844 847.7060 16.9935
26.854 847.7060 16.9932
26.864 847.7400 16.9936
26.874 847.7400 16.9939
26.884 847.7400 16.9919
26.894 847.7394 16.9905
26.904 847.7340 16.9896
26.914 847.7323 16.9888
26.924 847.7323 16.9907
26.934 847.7323 16.9919
26.944 847.7323 16.9931
26.954 847.7323 16.9945
26.964 847.7365 16.9919
26.974 847.7240 16.9891
26.984 847.7196 16.9919
26.994 847.7196 16.9927
27.004 847.7196 16.9913
27.014 847.7196 16.9917
27.024 847.7196 16.9923
27.034 847.7415 16.9937
27.044 847.7355 16.9928
27.054 847.7412 16.9900
27.064 847.7412 16.9903
27.074 847.7412 16.9921
27.084 847.7392 16.9917
27.094 847.7412 16.9912
27.104 847.7392 16.9913
27.114 847.7382 16.9900
27.124 847.7382 16.9900
27.134 847.7449 16.9909
27.144 847.7449 16.9908
27.154 847.7449 16.9915
27.164 847.7513 16.9936
27.174 847.7513 16.9936
27.184 847.7511 16.9925
27.194 847.7427 16.9921
27.204 847.7409 16.9927
27.214 847.7409 16.9933
27.224 847.7396 16.9920
27.234 847.7396 16.9920
27.244 847.7409 16.9929
27.254 847.7459 16.9935
27.264 847.7539 16.9928
27.274 847.7551 16.9933
27.284 847.7551 16.9949
27.294 847.7551 16.9932
27.304 847.7539 16.9919
27.314 847.7551 16.9932
27.324 847.7406 16.9951
27.334 847.7387 16.9945
27.344 847.7387 16.9925
27.354 847.7458 16.9921
27.364 847.7458 16.9929
27.374 847.7479 16.9943
27.384 847.7485 16.9941
27.394 847.7485 16.9932
27.404 847.7485 16.9940
27.414 847.7470 16.9948
27.424 847.7377 16.9943
27.434 847.7377 16.9928
27.444 847.7377 16.9928
27.454 847.7507 16.9935
27.464 847.7507 16.9932
27.474 847.7507 16.9925
27.484 847.7518 16.9933
27.494 847.7488 16.9949
27.504 847.7423 16.9955
27.514 847.7340 16.9948
27.524 847.7255 16.9941
27.534 847.7255 16.9939
27.544 847.7340 16.9933
27.554 847.7365 16.9945
27.564 847.7374 16.9949
27.574 847.7374 16.9937
27.584 847.7400 16.9939
27.594 847.7400 16.9952
27.604 847.7300 16.9971
27.614 847.7300 16.9961
27.624 847.7470 16.9935
27.634 847.7470 16.9951
27.644 847.7470 16.9948
27.654 847.7528 16.9952
27.664 847.7470 16.9963
27.674 847.7419 16.9952
27.684 847.7419 16.9940
27.694 847.7386 16.9947
27.704 847.7348 16.9968
27.714 847.7318 16.9968
27.724 847.7168 16.9961
27.734 847.7168 16.9941
27.744 847.7168 16.9957
27.754 847.7347 16.9971
27.764 847.7347 16.9960
27.774 847.7422 16.9948
27.784 847.7347 16.9955
27.794 847.7422 16.9987
27.804 847.7422 16.9987
27.814 847.7422 16.9961
27.824 847.7432 16.9953
27.834 847.7543 16.9959
27.844 847.7499 16.9967
27.854 847.7499 16.9959
27.864 847.7499 16.9939
27.874 847.7370 16.9944
27.884 847.7329 16.9947
27.894 847.7274 16.9940
27.904 847.7274 16.9943
27.914 847.7274 16.9949
27.924 847.7274 16.9967
27.934 847.7364 16.9969
27.944 847.7378 16.9960
27.954 847.7364 16.9967
27.964 847.7364 16.9961
27.974 847.7273 16.9960
27.984 847.7273 16.9964
27.994 847.7272 16.9956
28.004 847.7273 16.9947
28.014 847.7272 16.9953
28.024 847.7340 16.9976
28.034 847.7340 16.9985
28.044 847.7340 16.9972
28.054 847.7340 16.9969
28.064 847.7348 16.9977
28.074 847.7351 16.9971
28.084 847.7348 16.9968
28.094 847.7425 16.9965
28.104 847.7425 16.9967
28.114 847.7425 16.9968
28.124 847.7420 16.9957
28.134 847.7481 16.9971
28.144 847.7420 16.9991
28.154 847.7364 16.9981
28.164 847.7220 16.9971
28.174 847.7220 16.9960
28.184 847.7220 16.9955
28.194 847.7318 16.9969
28.204 847.7318 16.9969
28.214 847.7334 16.9969
28.224 847.7384 16.9987
28.234 847.7334 16.9992
28.244 847.7479 16.9975
28.254 847.7500 16.9957
28.264 847.7528 16.9983
28.274 847.7479 16.9997
28.284 847.7479 16.9981
28.294 847.7463 16.9973
28.304 847.7349 16.9976
28.314 847.7349 16.9983
28.324 847.7349 16.9976
28.334 847.7411 16.9965
28.344 847.7411 16.9980
28.354 847.7583 16.9989
28.364 847.7411 16.9992
28.374 847.7475 16.9988
28.384 847.7475 16.9983
28.394 847.7475 16.9988
28.404 847.7475 16.9983
28.414 847.7475 16.9987
28.424 847.7322 16.9985
28.434 847.7377 16.9979
28.444 847.7377 16.9967
28.454 847.7377 16.9981
28.464 847.7553 17.0001
28.474 847.7553 16.9975
28.484 847.7553 16.9968
28.494 847.7441 16.9981
28.504 847.7410 16.9972
28.514 847.7340 16.9980
28.524 847.7340 16.9991
28.534 847.7427 16.9993
28.544 847.7427 17.0004
28.554 847.7427 17.0008
28.564 847.7438 17.0003
28.574 847.7468 16.9987
28.584 847.7438 16.9979
28.594 847.7372 16.9977
28.604 847.7438 16.9977
28.614 847.7302 16.9976
28.624 847.7299 16.9983
28.634 847.7299 16.9993
28.644 847.7409 16.9991
28.654 847.7409 16.9999
28.664 847.7448 16.9996
28.674 847.7454 16.9995
28.684 847.7486 17.0011
28.694 847.7486 17.0001
28.704 847.7486 16.9993
28.714 847.7455 17.0009
28.724 847.7455 16.9996
28.734 847.7416 16.9989
28.744 847.7343 16.9996
28.754 847.7343 16.9984
28.764 847.7416 16.9996
28.774 847.7416 17.0005
28.784 847.7429 16.9997
28.794 847.7429 16.9996
28.804 847.7429 17.0000
28.814 847.7396 16.9997
28.824 847.7439 16.9991
28.834 847.7396 16.9997
28.844 847.7396 16.9987
28.854 847.7396 16.9992
28.864 847.7439 16.9993
28.874 847.7485 16.9985
28.884 847.7519 17.0012
28.894 847.7519 17.0023
28.904 847.7527 17.0016
28.914 847.7519 17.0019
28.924 847.7373 17.0012
28.934 847.7361 16.9995
28.944 847.7373 16.9980
28.954 847.7370 16.9981
28.964 847.7361 16.9989
28.974 847.7361 16.9993
28.984 847.7370 16.9991
28.994 847.7339 16.9987
29.004 847.7339 16.9989
29.014 847.7339 16.9991
29.024 847.7395 17.0003
29.034 847.7324 17.0003
29.044 847.7418 17.0013
29.054 847.7418 17.0016
29.064 847.7418 17.0000
29.074 847.7418 17.0000
29.084 847.7418 17.0007
29.094 847.7418 17.0007
29.104 847.7485 17.0008
29.114 847.7510 17.0017
29.124 847.7485 17.0012
29.134 847.7405 16.9989
29.144 847.7405 16.9979
29.154 847.7405 17.0013
29.164 847.7405 17.0015
29.174 847.7434 17.0005
29.184 847.7434 17.0019
29.194 847.7470 17.0023
29.204 847.7470 17.0029
29.214 847.7470 17.0024
29.224 847.7470 17.0019
29.234 847.7565 17.0007
29.244 847.7565 17.0003
29.254 847.7543 17.0007
29.264 847.7509 17.0004
29.274 847.7543 17.0016
29.284 847.7509 17.0027
29.294 847.7509 17.0027
29.304 847.7509 17.0027
29.314 847.7410 17.0028
29.324 847.7410 17.0017
29.334 847.7363 17.0015
29.344 847.7356 17.0024
29.354 847.7363 17.0005
29.364 847.7388 17.0007
29.374 847.7388 17.0024
29.384 847.7644 17.0013
29.394 847.7684 17.0008
29.404 847.7689 17.0020
29.414 847.7684 17.0025
29.424 847.7644 17.0027
29.434 847.7689 17.0015
29.444 847.7614 17.0029
29.454 847.7400 17.0056
29.464 847.7371 17.0056
29.474 847.7371 17.0055
29.484 847.7371 17.0047
29.494 847.7371 17.0044
29.504 847.7451 17.0023
29.514 847.7451 17.0011
29.524 847.7418 17.0043
29.534 847.7290 17.0053
29.544 847.7407 17.0040
29.554 847.7290 17.0025
29.564 847.7258 17.0025
29.574 847.7258 17.0029
29.584 847.7378 17.0011
29.594 847.7378 17.0023
29.604 847.7479 17.0035
29.614 847.7500 17.0027
29.624 847.7479 17.0051
29.634 847.7479 17.0068
29.644 847.7479 17.0047
29.654 847.7467 17.0019
29.664 847.7288 17.0031
29.674 847.7467 17.0045
29.684 847.7535 17.0051
29.694 847.7467 17.0045
29.704 847.7646 17.0036
29.714 847.7646 17.0051
29.724 847.7552 17.0056
29.734 847.7462 17.0041
29.744 847.7491 17.0039
29.754 847.7491 17.0041
29.764 847.7491 17.0033
29.774 847.7478 17.0048
29.784 847.7478 17.0043
29.794 847.7445 17.0043
29.804 847.7445 17.0066
29.814 847.7427 17.0056
29.824 847.7427 17.0027
29.834 847.7427 17.0035
29.844 847.7454 17.0055
29.854 847.7454 17.0068
29.864 847.7454 17.0068
29.874 847.7493 17.0057
29.884 847.7493 17.0064
29.894 847.7306 17.0049
29.904 847.7306 17.0039
29.914 847.7306 17.0032
29.924 847.7306 17.0043
29.934 847.7461 17.0036
29.944 847.7504 17.0032
29.954 847.7504 17.0060
29.964 847.7516 17.0045
29.974 847.7581 17.0031
29.984 847.7612 17.0052
29.994 847.7581 17.0080
