
 PRINT ELEMENT TABLE ITEMS PER ELEMENT
 
  ***** POST1 ELEMENT TABLE LISTING *****                                      
 
    STAT     CURRENT 
    ELEM     SMIS1   
       1  0.36103     
       2  -10.397     
       3  0.23368E-001
       4  0.66789     
       5  0.66789     
       6   0.0000     
       7   11.821     
       8  0.36103     
       9  0.66789     
      10  0.66789     
      11 -0.91651E-013
      12   22.150     
      13   11.821     
      14  -10.397     
      15  -22.350     
      16 -0.51264     
      17 -0.43189     
      18  -10.758     
      19   15.214     
      20  -8.0793     
      21 -0.51057     
      22 -0.43396     
      23 -0.94453     
      24 -0.51057     
      25  -16.238     
      26   15.294     
      27  -8.0793     
      33  0.40986     
      34  -33.043     
      35   22.150     
      36  0.31707     
      37  0.31707     
      38  0.40986     
      39   33.658     
      40  0.40986     
      41  0.31707     
      42  0.31707     
      43  -22.350     
      44   44.607     
      45   33.658     
      46  -33.043     
 
  ***** POST1 ELEMENT TABLE LISTING *****                                      
 
    STAT     CURRENT 
    ELEM     SMIS1   
      47  -44.370     
      48 -0.14773     
      49 -0.30068     
      50  0.40986     
      51   15.579     
      52  -8.0137     
      53 -0.14567     
      54 -0.30275     
      55 -0.44841     
      56 -0.57962     
      57  -15.873     
      58   15.425     
      59  -8.0137     
      60  0.41701     
      61  -55.303     
      62   44.607     
      63  0.36640     
      64  0.36640     
      65  0.41701     
      66   55.881     
      67  0.41701     
      68  0.36640     
      69  0.36640     
      70  -44.370     
      71   66.763     
      72   55.881     
      73  -55.303     
      74  -66.691     
      75 -0.28905     
      76 -0.22911     
      77  0.41701     
      78   15.438     
      79  -7.9779     
      80 -0.28699     
      81 -0.23118     
      82 -0.51817     
      83 -0.58974     
      84  -16.015     
      85   15.496     
      86  -7.9779     
      87  0.24098     
 
  ***** POST1 ELEMENT TABLE LISTING *****                                      
 
    STAT     CURRENT 
    ELEM     SMIS1   
      88  -77.713     
      89   66.763     
      90   1.0469     
      91   1.0469     
      92  0.24098     
      93   77.954     
      94  0.24098     
      95   1.0469     
      96   1.0469     
      97  -66.691     
      98   90.782     
      99   77.954     
     100  -77.713     
     101  -87.150     
     102 -0.11169     
     103  -1.3689     
     104  0.24098     
     105   15.615     
     106  -8.5478     
     107 -0.10962     
     108  -1.3709     
     109  -1.4805     
     110 -0.34080     
     111  -15.837     
     112   14.357     
     113  -8.5478     
     114   1.5497     
     115  -78.489     
     116   90.782     
     117  0.17593     
     118  0.17593     
     119   1.5497     
     120   77.181     
     121  -20.690     
     122  0.17593     
     123  0.17593     
     124  -87.150     
     125   66.568     
     126   77.181     
     127  -78.489     
     128  -66.881     
 
  ***** POST1 ELEMENT TABLE LISTING *****                                      
 
    STAT     CURRENT 
    ELEM     SMIS1   
     129 -0.82271     
     130  0.57391     
     131   1.5497     
     132  -16.548     
     133   8.1497     
     134 -0.82064     
     135  0.57184     
     136 -0.24880     
     137  -2.1916     
     138   14.904     
     139  -15.153     
     140   8.1497     
     141 -0.55698     
     142  -55.743     
     143   66.568     
     144 -0.34265     
     145 -0.34265     
     146 -0.55698     
     147   55.449     
     148 -0.55698     
     149 -0.34265     
     150 -0.34265     
     151  -66.881     
     152   44.248     
     153   55.449     
     154  -55.743     
     155  -44.718     
     156  0.21377     
     157  0.27081     
     158 -0.55698     
     159  -15.512     
     160   7.9981     
     161  0.21584     
     162  0.26874     
     163  0.48458     
     164  0.78768     
     165   15.940     
     166  -15.456     
     167   7.9981     
     168 -0.36054     
     169  -33.462     
 
  ***** POST1 ELEMENT TABLE LISTING *****                                      
 
    STAT     CURRENT 
    ELEM     SMIS1   
     170   44.248     
     171 -0.40622     
     172 -0.40622     
     173 -0.36054     
     174   33.254     
     175 -0.36054     
     176 -0.40622     
     177 -0.40622     
     178  -44.718     
     179   21.873     
     180   33.254     
     181  -33.462     
     182  -22.610     
     183  0.23908     
     184  0.33540     
     185 -0.36054     
     186  -15.486     
     187   8.0304     
     188  0.24114     
     189  0.33333     
     190  0.57448     
     191  0.50989     
     192   15.966     
     193  -15.391     
     194   8.0304     
     195 -0.38383     
     196  -11.045     
     197   21.873     
     198 -0.11007     
     199 -0.11007     
     200 -0.38383     
     201   11.194     
     202 -0.38383     
     203 -0.11007     
     204 -0.11007     
     205  -22.610     
     206   0.0000     
     207   11.194     
     208  -11.045     
     209   0.0000     
     210  0.20742     
 
  ***** POST1 ELEMENT TABLE LISTING *****                                      
 
    STAT     CURRENT 
    ELEM     SMIS1   
     211 -0.51765E-001
     212 -0.38383     
     213  -15.518     
     214   7.8368     
     215  0.20949     
     216 -0.53830E-001
     217  0.15566     
     218  0.54282     
     219   15.934     
     220  -15.778     
     221   7.8368     
     222  0.38064E-001
     223  -11.083     
     224  0.38064E-001
     225   0.0000     
     226 -0.53830E-001

 MINIMUM VALUES
 ELEM        101
 VALUE   -87.150     

 MAXIMUM VALUES
 ELEM         98
 VALUE    90.782     

