
 PRINT U    NODAL SOLUTION PER NODE
 
  ***** POST1 NODAL DEGREE OF FREEDOM LISTING *****                            
 
  LOAD STEP=     1  SUBSTEP=     1                                             
   TIME=    1.0000      LOAD CASE=   0                                         
 
  THE FOLLOWING DEGREE OF FREEDOM RESULTS ARE IN THE GLOBAL COORDINATE SYSTEM  
 
    NODE       UX           UY           UZ           USUM  
       1   0.0000       0.0000       0.0000       0.0000     
       2  0.10711E-004-0.34507      0.48067E-003 0.34507     
       3  0.10164E-001-0.66932     -0.10929E-001 0.66948     
       4  0.20316E-001-0.97976     -0.11265E-002 0.97997     
       5  0.40763E-001 -1.2534     -0.22970E-001  1.2542     
       6  0.61210E-001 -1.4925     -0.29969E-002  1.4937     
       7  0.91812E-001 -1.6744     -0.35029E-001  1.6773     
       8  0.12241      -1.8018     -0.53236E-002  1.8060     
       9  0.16403      -1.8524     -0.49260E-001  1.8603     
      10  0.20564      -1.7953     -0.65427E-002  1.8071     
      11  0.23615      -1.6744     -0.35264E-001  1.6914     
      12  0.26666      -1.4863     -0.41921E-002  1.5100     
      13  0.28694      -1.2535     -0.23088E-001  1.2862     
      14  0.30723     -0.97365     -0.22188E-002  1.0210     
      15  0.31725     -0.66959     -0.10966E-001 0.74102     
      16  0.32728     -0.33896     -0.51159E-003 0.47118     
      17  0.32728       0.0000       0.0000      0.32728     
      18  0.32620     -0.49311E-002-0.79903E-003 0.32624     
      19  0.32143     -0.34476     -0.16449E-002 0.47136     
      20  0.31667     -0.66913     -0.10544E-001 0.74035     
      21  0.30152     -0.97962      0.63773E-004  1.0250     
      22  0.28638      -1.2532     -0.18918E-001  1.2856     
      23  0.26103      -1.4923      0.19219E-002  1.5150     
      24  0.23568      -1.6743     -0.27125E-001  1.6910     
      25  0.20006      -1.8014      0.40059E-002  1.8124     
      26  0.16444      -1.8517     -0.33788E-001  1.8593     
      27  0.12846      -1.7953      0.57418E-002  1.7998     
      28  0.92482E-001 -1.6747     -0.26293E-001  1.6775     
      29  0.66931E-001 -1.4865      0.37838E-002  1.4880     
      30  0.41380E-001 -1.2537     -0.18000E-001  1.2545     
      31  0.26042E-001-0.97383      0.20214E-002 0.97418     
      32  0.10704E-001-0.66976     -0.95322E-002 0.66992     
      33  0.56415E-002-0.33901      0.37622E-003 0.33906     
      34  0.57882E-003-0.50801E-002-0.84242E-004 0.51136E-002
      35  0.32627      0.16549E-003-0.63355E-003 0.32627     
      36  0.32627     -0.34116     -0.13388E-002 0.47206     
      37  0.31603     -0.67042     -0.10356E-001 0.74124     
 
  ***** POST1 NODAL DEGREE OF FREEDOM LISTING *****                            
 
  LOAD STEP=     1  SUBSTEP=     1                                             
   TIME=    1.0000      LOAD CASE=   0                                         
 
  THE FOLLOWING DEGREE OF FREEDOM RESULTS ARE IN THE GLOBAL COORDINATE SYSTEM  
 
    NODE       UX           UY           UZ           USUM  
      38  0.30578     -0.98010      0.20911E-003  1.0267     
      39  0.28544      -1.2581     -0.18727E-001  1.2903     
      40  0.26510      -1.4964      0.20899E-002  1.5197     
      41  0.23454      -1.6827     -0.27015E-001  1.6992     
      42  0.20397      -1.8084      0.44858E-002  1.8198     
      43  0.16402      -1.8706     -0.33078E-001  1.8781     
      44  0.12407      -1.8071      0.58224E-002  1.8114     
      45  0.93417E-001 -1.6824     -0.26548E-001  1.6852     
      46  0.62760E-001 -1.4952      0.36267E-002  1.4965     
      47  0.42263E-001 -1.2580     -0.18165E-001  1.2588     
      48  0.21766E-001-0.97897      0.18352E-002 0.97922     
      49  0.11402E-001-0.67035     -0.97081E-002 0.67051     
      50  0.10382E-002-0.34015      0.32577E-003 0.34015     
      51  0.10382E-002 0.17447E-004-0.66795E-004 0.10405E-002
      52   0.0000       0.0000       0.0000       0.0000     
      53  0.54185E-002-0.34146      0.78680E-003 0.34151     
      54  0.10837E-001-0.67061     -0.10741E-001 0.67078     
      55  0.26265E-001-0.98025     -0.98116E-003 0.98060     
      56  0.41693E-001 -1.2583     -0.22779E-001  1.2592     
      57  0.67307E-001 -1.4966     -0.28290E-002  1.4981     
      58  0.92921E-001 -1.6828     -0.34919E-001  1.6857     
      59  0.12865      -1.8089     -0.48437E-002  1.8134     
      60  0.16438      -1.8611     -0.48549E-001  1.8690     
      61  0.19976      -1.8072     -0.64621E-002  1.8182     
      62  0.23514      -1.6822     -0.35519E-001  1.6989     
      63  0.26056      -1.4950     -0.43491E-002  1.5176     
      64  0.28597      -1.2578     -0.23254E-001  1.2901     
      65  0.30121     -0.97879     -0.24050E-002  1.0241     
      66  0.31646     -0.67017     -0.11142E-001 0.74121     
      67  0.32159     -0.34009     -0.56204E-003 0.46806     
      68  0.32672       0.0000       0.0000      0.32672     

 MAXIMUM ABSOLUTE VALUES
 NODE         16           43            9           43
 VALUE   0.32728      -1.8706     -0.49260E-001  1.8781     

