
 PRINT U    NODAL SOLUTION PER NODE
 
  ***** POST1 NODAL DEGREE OF FREEDOM LISTING *****                            
 
  LOAD STEP=     1  SUBSTEP=     1                                             
   TIME=    1.0000      LOAD CASE=   0                                         
 
  THE FOLLOWING DEGREE OF FREEDOM RESULTS ARE IN THE GLOBAL COORDINATE SYSTEM  
 
    NODE       UX           UY           UZ           USUM  
       1   0.0000       0.0000       0.0000       0.0000     
       2  0.64266E-005-0.20704      0.28840E-003 0.20704     
       3  0.60982E-002-0.40159     -0.65576E-002 0.40169     
       4  0.12190E-001-0.58786     -0.67590E-003 0.58798     
       5  0.24458E-001-0.75201     -0.13782E-001 0.75254     
       6  0.36726E-001-0.89549     -0.17981E-002 0.89625     
       7  0.55087E-001 -1.0046     -0.21017E-001  1.0064     
       8  0.73448E-001 -1.0811     -0.31941E-002  1.0836     
       9  0.98415E-001 -1.1114     -0.29556E-001  1.1162     
      10  0.12338      -1.0772     -0.39256E-002  1.0842     
      11  0.14169      -1.0047     -0.21158E-001  1.0148     
      12  0.16000     -0.89178     -0.25152E-002 0.90603     
      13  0.17217     -0.75211     -0.13853E-001 0.77169     
      14  0.18434     -0.58419     -0.13313E-002 0.61258     
      15  0.19035     -0.40175     -0.65797E-002 0.44461     
      16  0.19637     -0.20338     -0.30695E-003 0.28271     
      17  0.19637       0.0000       0.0000      0.19637     
      18  0.19572     -0.29587E-002-0.47942E-003 0.19574     
      19  0.19286     -0.20686     -0.98696E-003 0.28282     
      20  0.19000     -0.40148     -0.63263E-002 0.44421     
      21  0.18091     -0.58777      0.38264E-004 0.61498     
      22  0.17183     -0.75190     -0.11351E-001 0.77137     
      23  0.15662     -0.89539      0.11532E-002 0.90899     
      24  0.14141      -1.0046     -0.16275E-001  1.0146     
      25  0.12003      -1.0808      0.24036E-002  1.0875     
      26  0.98661E-001 -1.1110     -0.20273E-001  1.1156     
      27  0.77075E-001 -1.0772      0.34451E-002  1.0799     
      28  0.55489E-001 -1.0048     -0.15776E-001  1.0065     
      29  0.40159E-001-0.89188      0.22703E-002 0.89278     
      30  0.24828E-001-0.75221     -0.10800E-001 0.75270     
      31  0.15625E-001-0.58430      0.12128E-002 0.58451     
      32  0.64225E-002-0.40186     -0.57193E-002 0.40195     
      33  0.33849E-002-0.20341      0.22573E-003 0.20344     
      34  0.34729E-003-0.30481E-002-0.50545E-004 0.30682E-002
      35  0.19576      0.99291E-004-0.38013E-003 0.19576     
      36  0.19576     -0.20469     -0.80327E-003 0.28324     
      37  0.18962     -0.40225     -0.62136E-002 0.44475     
 
  ***** POST1 NODAL DEGREE OF FREEDOM LISTING *****                            
 
  LOAD STEP=     1  SUBSTEP=     1                                             
   TIME=    1.0000      LOAD CASE=   0                                         
 
  THE FOLLOWING DEGREE OF FREEDOM RESULTS ARE IN THE GLOBAL COORDINATE SYSTEM  
 
    NODE       UX           UY           UZ           USUM  
      38  0.18347     -0.58806      0.12547E-003 0.61602     
      39  0.17127     -0.75488     -0.11236E-001 0.77415     
      40  0.15906     -0.89786      0.12539E-002 0.91184     
      41  0.14072      -1.0096     -0.16209E-001  1.0195     
      42  0.12238      -1.0850      0.26915E-002  1.0919     
      43  0.98412E-001 -1.1224     -0.19847E-001  1.1268     
      44  0.74444E-001 -1.0843      0.34934E-002  1.0868     
      45  0.56050E-001 -1.0095     -0.15929E-001  1.0111     
      46  0.37656E-001-0.89712      0.21760E-002 0.89791     
      47  0.25358E-001-0.75479     -0.10899E-001 0.75529     
      48  0.13060E-001-0.58738      0.11011E-002 0.58753     
      49  0.68412E-002-0.40221     -0.58249E-002 0.40231     
      50  0.62291E-003-0.20409      0.19546E-003 0.20409     
      51  0.62291E-003 0.10468E-004-0.40077E-004 0.62428E-003
      52   0.0000       0.0000       0.0000       0.0000     
      53  0.32511E-002-0.20488      0.47208E-003 0.20490     
      54  0.65022E-002-0.40237     -0.64449E-002 0.40247     
      55  0.15759E-001-0.58815     -0.58870E-003 0.58836     
      56  0.25016E-001-0.75500     -0.13667E-001 0.75554     
      57  0.40384E-001-0.89796     -0.16974E-002 0.89887     
      58  0.55753E-001 -1.0097     -0.20951E-001  1.0114     
      59  0.77192E-001 -1.0853     -0.29062E-002  1.0881     
      60  0.98631E-001 -1.1167     -0.29130E-001  1.1214     
      61  0.11986      -1.0843     -0.38772E-002  1.0909     
      62  0.14108      -1.0093     -0.21311E-001  1.0193     
      63  0.15633     -0.89702     -0.26095E-002 0.91055     
      64  0.17158     -0.75469     -0.13952E-001 0.77407     
      65  0.18073     -0.58727     -0.14430E-002 0.61445     
      66  0.18987     -0.40210     -0.66853E-002 0.44473     
      67  0.19295     -0.20406     -0.33722E-003 0.28084     
      68  0.19603       0.0000       0.0000      0.19603     

 MAXIMUM ABSOLUTE VALUES
 NODE         16           43            9           43
 VALUE   0.19637      -1.1224     -0.29556E-001  1.1268     

