%ArduinoTime [ms]	Reference Position [rad]	Measured Position [rad]	Actual Current [A]	Proportional Gain [Kp]	Derivative Gain [Kd]	Integral Gain [Ki]	%3/17/20231:41 PM
0.000	0.000	0.000	0.000	0.000	0.000	0.000
1254440.000	0.000	0.030	0.000	109.000	38.000	10.000
1254440.000	0.000	0.030	0.000	109.000	38.000	10.000
1254440.000	0.000	0.030	0.000	109.000	38.000	10.000
1254470.000	0.000	0.030	0.000	109.000	38.000	10.000
1254470.000	0.000	0.030	0.000	109.000	38.000	10.000
1254470.000	0.000	0.030	0.000	109.000	38.000	10.000
1254500.000	0.000	0.030	0.000	109.000	38.000	10.000
1254500.000	0.000	0.030	0.000	109.000	38.000	10.000
1254500.000	0.000	0.030	0.000	109.000	38.000	10.000
1254530.000	0.000	0.030	0.000	109.000	38.000	10.000
1254530.000	0.000	0.030	0.000	109.000	38.000	10.000
1254530.000	0.000	0.030	0.000	109.000	38.000	10.000
1254560.000	0.000	0.030	0.000	109.000	38.000	10.000
1254560.000	0.000	0.030	0.000	109.000	38.000	10.000
1254560.000	0.000	0.030	0.000	109.000	38.000	10.000
1254590.000	0.000	0.030	0.000	109.000	38.000	10.000
1254590.000	0.000	0.030	0.000	109.000	38.000	10.000
1254590.000	0.000	0.030	0.000	109.000	38.000	10.000
1254620.000	0.000	0.030	0.000	109.000	38.000	10.000
1254620.000	0.000	0.030	0.000	109.000	38.000	10.000
1254620.000	0.000	0.030	0.000	109.000	38.000	10.000
1254650.000	0.000	0.030	0.000	109.000	38.000	10.000
1254650.000	0.000	0.030	0.000	109.000	38.000	10.000
1254650.000	0.000	0.030	0.000	109.000	38.000	10.000
1254680.000	0.000	0.030	0.000	109.000	38.000	10.000
1254680.000	0.000	0.030	0.000	109.000	38.000	10.000
1254680.000	0.000	0.030	0.000	109.000	38.000	10.000
1254710.000	0.000	0.030	0.000	109.000	38.000	10.000
1254710.000	0.000	0.030	0.000	109.000	38.000	10.000
1254710.000	0.000	0.030	0.000	109.000	38.000	10.000
1254740.000	0.000	0.030	0.000	109.000	38.000	10.000
1254740.000	0.000	0.030	0.000	109.000	38.000	10.000
1254740.000	0.000	0.030	0.000	109.000	38.000	10.000
1254770.000	0.000	0.030	0.000	109.000	38.000	10.000
1254770.000	0.000	0.030	0.000	109.000	38.000	10.000
1254770.000	0.000	0.030	0.000	109.000	38.000	10.000
1254800.000	0.000	0.030	0.000	109.000	38.000	10.000
1254800.000	0.000	0.030	0.000	109.000	38.000	10.000
1254800.000	0.000	0.030	0.000	109.000	38.000	10.000
1254830.000	0.000	0.030	0.000	109.000	38.000	10.000
1254830.000	0.000	0.030	0.000	109.000	38.000	10.000
1254830.000	0.000	0.030	0.000	109.000	38.000	10.000
1254860.000	0.000	0.030	0.000	109.000	38.000	10.000
1254860.000	0.000	0.030	0.000	109.000	38.000	10.000
1254860.000	0.000	0.030	0.000	109.000	38.000	10.000
1254890.000	0.000	0.030	0.000	109.000	38.000	10.000
1254890.000	0.000	0.030	0.000	109.000	38.000	10.000
1254890.000	0.000	0.030	0.000	109.000	38.000	10.000
1254920.000	0.000	0.030	0.000	109.000	38.000	10.000
1254920.000	0.000	0.030	0.000	109.000	38.000	10.000
1254920.000	0.000	0.030	0.000	109.000	38.000	10.000
1254950.000	0.000	0.030	0.000	109.000	38.000	10.000
1254950.000	0.000	0.030	0.000	109.000	38.000	10.000
1254950.000	0.000	0.030	0.000	109.000	38.000	10.000
1254980.000	0.000	0.030	0.000	109.000	38.000	10.000
1254980.000	0.000	0.030	0.000	109.000	38.000	10.000
1254980.000	0.000	0.030	0.000	109.000	38.000	10.000
1255010.000	0.500	0.040	1.109	109.000	38.000	10.000
1255010.000	0.500	0.040	1.109	109.000	38.000	10.000
1255010.000	0.500	0.040	1.109	109.000	38.000	10.000
1255040.000	0.500	0.040	0.922	109.000	38.000	10.000
1255040.000	0.500	0.040	0.922	109.000	38.000	10.000
1255040.000	0.500	0.040	0.922	109.000	38.000	10.000
1255070.000	0.500	0.050	0.734	109.000	38.000	10.000
1255070.000	0.500	0.050	0.734	109.000	38.000	10.000
1255070.000	0.500	0.050	0.734	109.000	38.000	10.000
1255100.000	0.500	0.070	0.578	109.000	38.000	10.000
1255100.000	0.500	0.070	0.578	109.000	38.000	10.000
1255100.000	0.500	0.070	0.578	109.000	38.000	10.000
1255130.000	0.500	0.090	0.437	109.000	38.000	10.000
1255130.000	0.500	0.090	0.437	109.000	38.000	10.000
1255130.000	0.500	0.090	0.437	109.000	38.000	10.000
1255160.000	0.500	0.110	0.328	109.000	38.000	10.000
1255160.000	0.500	0.110	0.328	109.000	38.000	10.000
1255160.000	0.500	0.110	0.328	109.000	38.000	10.000
1255190.000	0.500	0.130	0.219	109.000	38.000	10.000
1255190.000	0.500	0.130	0.219	109.000	38.000	10.000
1255190.000	0.500	0.130	0.219	109.000	38.000	10.000
1255220.000	0.500	0.160	0.125	109.000	38.000	10.000
1255220.000	0.500	0.160	0.125	109.000	38.000	10.000
1255220.000	0.500	0.160	0.125	109.000	38.000	10.000
1255250.000	0.500	0.190	0.062	109.000	38.000	10.000
1255250.000	0.500	0.190	0.062	109.000	38.000	10.000
1255250.000	0.500	0.190	0.062	109.000	38.000	10.000
1255280.000	0.500	0.210	0.016	109.000	38.000	10.000
1255280.000	0.500	0.210	0.016	109.000	38.000	10.000
1255280.000	0.500	0.210	0.016	109.000	38.000	10.000
1255310.000	0.500	0.230	-0.047	109.000	38.000	10.000
1255310.000	0.500	0.230	-0.047	109.000	38.000	10.000
1255310.000	0.500	0.230	-0.047	109.000	38.000	10.000
1255340.000	0.500	0.260	-0.078	109.000	38.000	10.000
1255340.000	0.500	0.260	-0.078	109.000	38.000	10.000
1255340.000	0.500	0.260	-0.078	109.000	38.000	10.000
1255370.000	0.500	0.280	-0.094	109.000	38.000	10.000
1255370.000	0.500	0.280	-0.094	109.000	38.000	10.000
1255370.000	0.500	0.280	-0.094	109.000	38.000	10.000
1255400.000	0.500	0.300	-0.109	109.000	38.000	10.000
1255400.000	0.500	0.300	-0.109	109.000	38.000	10.000
1255400.000	0.500	0.300	-0.109	109.000	38.000	10.000
1255430.000	0.500	0.320	-0.125	109.000	38.000	10.000
1255430.000	0.500	0.320	-0.125	109.000	38.000	10.000
1255430.000	0.500	0.320	-0.125	109.000	38.000	10.000
1255460.000	0.500	0.340	-0.125	109.000	38.000	10.000
1255460.000	0.500	0.340	-0.125	109.000	38.000	10.000
1255460.000	0.500	0.340	-0.125	109.000	38.000	10.000
1255490.000	0.500	0.360	-0.125	109.000	38.000	10.000
1255490.000	0.500	0.360	-0.125	109.000	38.000	10.000
1255490.000	0.500	0.360	-0.125	109.000	38.000	10.000
1255520.000	0.500	0.380	-0.125	109.000	38.000	10.000
1255520.000	0.500	0.380	-0.125	109.000	38.000	10.000
1255520.000	0.500	0.380	-0.125	109.000	38.000	10.000
1255550.000	0.500	0.390	-0.141	109.000	38.000	10.000
1255550.000	0.500	0.390	-0.141	109.000	38.000	10.000
1255550.000	0.500	0.390	-0.141	109.000	38.000	10.000
1255580.000	0.500	0.400	-0.125	109.000	38.000	10.000
1255580.000	0.500	0.400	-0.125	109.000	38.000	10.000
1255580.000	0.500	0.400	-0.125	109.000	38.000	10.000
1255610.000	0.500	0.420	-0.109	109.000	38.000	10.000
1255610.000	0.500	0.420	-0.109	109.000	38.000	10.000
1255610.000	0.500	0.420	-0.109	109.000	38.000	10.000
1255640.000	0.500	0.430	-0.094	109.000	38.000	10.000
1255640.000	0.500	0.430	-0.094	109.000	38.000	10.000
1255640.000	0.500	0.430	-0.094	109.000	38.000	10.000
1255670.000	0.500	0.440	-0.078	109.000	38.000	10.000
1255670.000	0.500	0.440	-0.078	109.000	38.000	10.000
1255670.000	0.500	0.440	-0.078	109.000	38.000	10.000
1255700.000	0.500	0.440	-0.062	109.000	38.000	10.000
1255700.000	0.500	0.440	-0.062	109.000	38.000	10.000
1255700.000	0.500	0.440	-0.062	109.000	38.000	10.000
1255730.000	0.500	0.450	-0.047	109.000	38.000	10.000
1255730.000	0.500	0.450	-0.047	109.000	38.000	10.000
1255730.000	0.500	0.450	-0.047	109.000	38.000	10.000
1255760.000	0.500	0.460	-0.047	109.000	38.000	10.000
1255760.000	0.500	0.460	-0.047	109.000	38.000	10.000
1255760.000	0.500	0.460	-0.047	109.000	38.000	10.000
1255790.000	0.500	0.460	-0.031	109.000	38.000	10.000
1255790.000	0.500	0.460	-0.031	109.000	38.000	10.000
1255790.000	0.500	0.460	-0.031	109.000	38.000	10.000
1255820.000	0.500	0.470	-0.016	109.000	38.000	10.000
1255820.000	0.500	0.470	-0.016	109.000	38.000	10.000
1255820.000	0.500	0.470	-0.016	109.000	38.000	10.000
1255850.000	0.500	0.470	-0.016	109.000	38.000	10.000
1255850.000	0.500	0.470	-0.016	109.000	38.000	10.000
1255850.000	0.500	0.470	-0.016	109.000	38.000	10.000
1255880.000	0.500	0.480	0.000	109.000	38.000	10.000
1255880.000	0.500	0.480	0.000	109.000	38.000	10.000
1255880.000	0.500	0.480	0.000	109.000	38.000	10.000
1255910.000	0.500	0.480	0.000	109.000	38.000	10.000
1255910.000	0.500	0.480	0.000	109.000	38.000	10.000
1255910.000	0.500	0.480	0.000	109.000	38.000	10.000
1255940.000	0.500	0.480	0.016	109.000	38.000	10.000
1255940.000	0.500	0.480	0.016	109.000	38.000	10.000
1255940.000	0.500	0.480	0.016	109.000	38.000	10.000
1255970.000	0.500	0.480	0.016	109.000	38.000	10.000
1255970.000	0.500	0.480	0.016	109.000	38.000	10.000
1255970.000	0.500	0.480	0.016	109.000	38.000	10.000
1256000.000	0.500	0.480	0.031	109.000	38.000	10.000
1256000.000	0.500	0.480	0.031	109.000	38.000	10.000
1256000.000	0.500	0.480	0.031	109.000	38.000	10.000
1256030.000	0.500	0.480	0.031	109.000	38.000	10.000
1256030.000	0.500	0.480	0.031	109.000	38.000	10.000
1256030.000	0.500	0.480	0.031	109.000	38.000	10.000
1256060.000	0.500	0.490	0.031	109.000	38.000	10.000
1256060.000	0.500	0.490	0.031	109.000	38.000	10.000
1256060.000	0.500	0.490	0.031	109.000	38.000	10.000
1256090.000	0.500	0.490	0.047	109.000	38.000	10.000
1256090.000	0.500	0.490	0.047	109.000	38.000	10.000
1256090.000	0.500	0.490	0.047	109.000	38.000	10.000
1256120.000	0.500	0.490	0.047	109.000	38.000	10.000
1256120.000	0.500	0.490	0.047	109.000	38.000	10.000
1256120.000	0.500	0.490	0.047	109.000	38.000	10.000
1256150.000	0.500	0.490	0.047	109.000	38.000	10.000
1256150.000	0.500	0.490	0.047	109.000	38.000	10.000
1256150.000	0.500	0.490	0.047	109.000	38.000	10.000
1256180.000	0.500	0.490	0.062	109.000	38.000	10.000
1256180.000	0.500	0.490	0.062	109.000	38.000	10.000
1256180.000	0.500	0.490	0.062	109.000	38.000	10.000
1256210.000	0.500	0.490	0.062	109.000	38.000	10.000
1256210.000	0.500	0.490	0.062	109.000	38.000	10.000
1256210.000	0.500	0.490	0.062	109.000	38.000	10.000
1256240.000	0.500	0.490	0.062	109.000	38.000	10.000
1256240.000	0.500	0.490	0.062	109.000	38.000	10.000
1256240.000	0.500	0.490	0.062	109.000	38.000	10.000
1256270.000	0.500	0.490	0.062	109.000	38.000	10.000
1256270.000	0.500	0.490	0.062	109.000	38.000	10.000
1256270.000	0.500	0.490	0.062	109.000	38.000	10.000
1256300.000	0.500	0.490	0.062	109.000	38.000	10.000
1256300.000	0.500	0.490	0.062	109.000	38.000	10.000
1256300.000	0.500	0.490	0.062	109.000	38.000	10.000
1256325.000	0.500	0.490	0.062	109.000	38.000	10.000
1256325.000	0.500	0.490	0.062	109.000	38.000	10.000
1256325.000	0.500	0.490	0.062	109.000	38.000	10.000
1256360.000	0.500	0.490	0.062	109.000	38.000	10.000
1256360.000	0.500	0.490	0.062	109.000	38.000	10.000
1256360.000	0.500	0.490	0.062	109.000	38.000	10.000
1256390.000	0.500	0.490	0.062	109.000	38.000	10.000
1256390.000	0.500	0.490	0.062	109.000	38.000	10.000
1256390.000	0.500	0.490	0.062	109.000	38.000	10.000
1256420.000	0.500	0.490	0.062	109.000	38.000	10.000
1256420.000	0.500	0.490	0.062	109.000	38.000	10.000
1256420.000	0.500	0.490	0.062	109.000	38.000	10.000
1256450.000	0.500	0.490	0.062	109.000	38.000	10.000
1256450.000	0.500	0.490	0.062	109.000	38.000	10.000
1256450.000	0.500	0.490	0.062	109.000	38.000	10.000
1256480.000	0.500	0.490	0.062	109.000	38.000	10.000
1256480.000	0.500	0.490	0.062	109.000	38.000	10.000
1256480.000	0.500	0.490	0.062	109.000	38.000	10.000
1256505.000	0.500	0.490	0.062	109.000	38.000	10.000
1256505.000	0.500	0.490	0.062	109.000	38.000	10.000
1256505.000	0.500	0.490	0.062	109.000	38.000	10.000
1256535.000	0.500	0.490	0.062	109.000	38.000	10.000
1256535.000	0.500	0.490	0.062	109.000	38.000	10.000
1256535.000	0.500	0.490	0.062	109.000	38.000	10.000
1256570.000	0.500	0.490	0.062	109.000	38.000	10.000
1256570.000	0.500	0.490	0.062	109.000	38.000	10.000
1256570.000	0.500	0.490	0.062	109.000	38.000	10.000
1256600.000	0.500	0.490	0.062	109.000	38.000	10.000
1256600.000	0.500	0.490	0.062	109.000	38.000	10.000
1256600.000	0.500	0.490	0.062	109.000	38.000	10.000
1256625.000	0.500	0.490	0.062	109.000	38.000	10.000
1256625.000	0.500	0.490	0.062	109.000	38.000	10.000
1256625.000	0.500	0.490	0.062	109.000	38.000	10.000
1256655.000	0.500	0.490	0.062	109.000	38.000	10.000
1256655.000	0.500	0.490	0.062	109.000	38.000	10.000
1256655.000	0.500	0.490	0.062	109.000	38.000	10.000
1256685.000	0.500	0.490	0.062	109.000	38.000	10.000
1256685.000	0.500	0.490	0.062	109.000	38.000	10.000
1256685.000	0.500	0.490	0.062	109.000	38.000	10.000
1256715.000	0.500	0.490	0.062	109.000	38.000	10.000
1256715.000	0.500	0.490	0.062	109.000	38.000	10.000
1256715.000	0.500	0.490	0.062	109.000	38.000	10.000
1256745.000	0.500	0.490	0.062	109.000	38.000	10.000
1256745.000	0.500	0.490	0.062	109.000	38.000	10.000
1256745.000	0.500	0.490	0.062	109.000	38.000	10.000
1256775.000	0.500	0.490	0.062	109.000	38.000	10.000
1256775.000	0.500	0.490	0.062	109.000	38.000	10.000
1256775.000	0.500	0.490	0.062	109.000	38.000	10.000
1256805.000	0.500	0.490	0.062	109.000	38.000	10.000
1256805.000	0.500	0.490	0.062	109.000	38.000	10.000
1256805.000	0.500	0.490	0.062	109.000	38.000	10.000
1256840.000	0.500	0.490	0.062	109.000	38.000	10.000
1256840.000	0.500	0.490	0.062	109.000	38.000	10.000
1256840.000	0.500	0.490	0.062	109.000	38.000	10.000
1256865.000	0.500	0.490	0.062	109.000	38.000	10.000
1256865.000	0.500	0.490	0.062	109.000	38.000	10.000
1256865.000	0.500	0.490	0.062	109.000	38.000	10.000
1256895.000	0.500	0.490	0.062	109.000	38.000	10.000
1256895.000	0.500	0.490	0.062	109.000	38.000	10.000
1256895.000	0.500	0.490	0.062	109.000	38.000	10.000
1256925.000	0.500	0.490	0.062	109.000	38.000	10.000
1256925.000	0.500	0.490	0.062	109.000	38.000	10.000
1256925.000	0.500	0.490	0.062	109.000	38.000	10.000
1256955.000	0.500	0.490	0.062	109.000	38.000	10.000
1256955.000	0.500	0.490	0.062	109.000	38.000	10.000
1256955.000	0.500	0.490	0.062	109.000	38.000	10.000
1256990.000	0.500	0.490	0.062	109.000	38.000	10.000
1256990.000	0.500	0.490	0.062	109.000	38.000	10.000
1256990.000	0.500	0.490	0.062	109.000	38.000	10.000
1257020.000	0.500	0.490	0.062	109.000	38.000	10.000
1257020.000	0.500	0.490	0.062	109.000	38.000	10.000
1257020.000	0.500	0.490	0.062	109.000	38.000	10.000
1257045.000	0.500	0.490	0.062	109.000	38.000	10.000
1257045.000	0.500	0.490	0.062	109.000	38.000	10.000
1257045.000	0.500	0.490	0.062	109.000	38.000	10.000
1257075.000	0.500	0.490	0.062	109.000	38.000	10.000
1257075.000	0.500	0.490	0.062	109.000	38.000	10.000
1257075.000	0.500	0.490	0.062	109.000	38.000	10.000
1257110.000	0.500	0.490	0.062	109.000	38.000	10.000
1257110.000	0.500	0.490	0.062	109.000	38.000	10.000
1257110.000	0.500	0.490	0.062	109.000	38.000	10.000
1257135.000	0.500	0.490	0.062	109.000	38.000	10.000
1257135.000	0.500	0.490	0.062	109.000	38.000	10.000
1257135.000	0.500	0.490	0.062	109.000	38.000	10.000
1257165.000	0.500	0.490	0.062	109.000	38.000	10.000
1257165.000	0.500	0.490	0.062	109.000	38.000	10.000
1257165.000	0.500	0.490	0.062	109.000	38.000	10.000
1257195.000	0.500	0.490	0.062	109.000	38.000	10.000
1257195.000	0.500	0.490	0.062	109.000	38.000	10.000
1257195.000	0.500	0.490	0.062	109.000	38.000	10.000
1257230.000	0.500	0.490	0.062	109.000	38.000	10.000
1257230.000	0.500	0.490	0.062	109.000	38.000	10.000
1257230.000	0.500	0.490	0.062	109.000	38.000	10.000
1257255.000	0.500	0.490	0.062	109.000	38.000	10.000
1257255.000	0.500	0.490	0.062	109.000	38.000	10.000
1257255.000	0.500	0.490	0.062	109.000	38.000	10.000
1257285.000	0.500	0.490	0.062	109.000	38.000	10.000
1257285.000	0.500	0.490	0.062	109.000	38.000	10.000
1257285.000	0.500	0.490	0.062	109.000	38.000	10.000
1257320.000	0.500	0.490	0.062	109.000	38.000	10.000
1257320.000	0.500	0.490	0.062	109.000	38.000	10.000
1257320.000	0.500	0.490	0.062	109.000	38.000	10.000
1257345.000	0.500	0.490	0.062	109.000	38.000	10.000
1257345.000	0.500	0.490	0.062	109.000	38.000	10.000
1257345.000	0.500	0.490	0.062	109.000	38.000	10.000
1257375.000	0.500	0.490	0.062	109.000	38.000	10.000
1257375.000	0.500	0.490	0.062	109.000	38.000	10.000
1257375.000	0.500	0.490	0.062	109.000	38.000	10.000
1257410.000	0.500	0.490	0.062	109.000	38.000	10.000
1257410.000	0.500	0.490	0.062	109.000	38.000	10.000
1257410.000	0.500	0.490	0.062	109.000	38.000	10.000
1257435.000	0.500	0.490	0.062	109.000	38.000	10.000
1257435.000	0.500	0.490	0.062	109.000	38.000	10.000
1257435.000	0.500	0.490	0.062	109.000	38.000	10.000
1257465.000	0.500	0.490	0.062	109.000	38.000	10.000
1257465.000	0.500	0.490	0.062	109.000	38.000	10.000
1257465.000	0.500	0.490	0.062	109.000	38.000	10.000
1257495.000	0.500	0.490	0.062	109.000	38.000	10.000
1257495.000	0.500	0.490	0.062	109.000	38.000	10.000
1257495.000	0.500	0.490	0.062	109.000	38.000	10.000
1257525.000	0.500	0.490	0.062	109.000	38.000	10.000
1257525.000	0.500	0.490	0.062	109.000	38.000	10.000
1257525.000	0.500	0.490	0.062	109.000	38.000	10.000
1257560.000	0.500	0.490	0.062	109.000	38.000	10.000
1257560.000	0.500	0.490	0.062	109.000	38.000	10.000
1257560.000	0.500	0.490	0.062	109.000	38.000	10.000
1257590.000	0.500	0.490	0.062	109.000	38.000	10.000
1257590.000	0.500	0.490	0.062	109.000	38.000	10.000
1257590.000	0.500	0.490	0.062	109.000	38.000	10.000
1257620.000	0.500	0.490	0.062	109.000	38.000	10.000
1257620.000	0.500	0.490	0.062	109.000	38.000	10.000
1257620.000	0.500	0.490	0.062	109.000	38.000	10.000
1257645.000	0.500	0.490	0.062	109.000	38.000	10.000
1257645.000	0.500	0.490	0.062	109.000	38.000	10.000
1257645.000	0.500	0.490	0.062	109.000	38.000	10.000
1257675.000	0.500	0.490	0.062	109.000	38.000	10.000
1257675.000	0.500	0.490	0.062	109.000	38.000	10.000
1257675.000	0.500	0.490	0.062	109.000	38.000	10.000
1257710.000	0.500	0.490	0.062	109.000	38.000	10.000
1257710.000	0.500	0.490	0.062	109.000	38.000	10.000
1257710.000	0.500	0.490	0.062	109.000	38.000	10.000
1257735.000	0.500	0.490	0.062	109.000	38.000	10.000
1257735.000	0.500	0.490	0.062	109.000	38.000	10.000
1257735.000	0.500	0.490	0.062	109.000	38.000	10.000
1257765.000	0.500	0.490	0.062	109.000	38.000	10.000
1257765.000	0.500	0.490	0.062	109.000	38.000	10.000
1257765.000	0.500	0.490	0.062	109.000	38.000	10.000
1257795.000	0.500	0.490	0.062	109.000	38.000	10.000
1257795.000	0.500	0.490	0.062	109.000	38.000	10.000
1257795.000	0.500	0.490	0.062	109.000	38.000	10.000
1257825.000	0.500	0.490	0.062	109.000	38.000	10.000
1257825.000	0.500	0.490	0.062	109.000	38.000	10.000
1257825.000	0.500	0.490	0.062	109.000	38.000	10.000
1257855.000	0.500	0.490	0.062	109.000	38.000	10.000
1257855.000	0.500	0.490	0.062	109.000	38.000	10.000
1257855.000	0.500	0.490	0.062	109.000	38.000	10.000
1257885.000	0.500	0.490	0.062	109.000	38.000	10.000
1257885.000	0.500	0.490	0.062	109.000	38.000	10.000
1257885.000	0.500	0.490	0.062	109.000	38.000	10.000
1257920.000	0.500	0.490	0.062	109.000	38.000	10.000
1257920.000	0.500	0.490	0.062	109.000	38.000	10.000
1257920.000	0.500	0.490	0.062	109.000	38.000	10.000
1257945.000	0.500	0.490	0.062	109.000	38.000	10.000
1257945.000	0.500	0.490	0.062	109.000	38.000	10.000
1257945.000	0.500	0.490	0.062	109.000	38.000	10.000
1257980.000	0.500	0.490	0.062	109.000	38.000	10.000
1257980.000	0.500	0.490	0.062	109.000	38.000	10.000
1257980.000	0.500	0.490	0.062	109.000	38.000	10.000
1258005.000	0.500	0.490	0.062	109.000	38.000	10.000
1258005.000	0.500	0.490	0.062	109.000	38.000	10.000
1258005.000	0.500	0.490	0.062	109.000	38.000	10.000
1258035.000	0.500	0.490	0.062	109.000	38.000	10.000
1258035.000	0.500	0.490	0.062	109.000	38.000	10.000
1258035.000	0.500	0.490	0.062	109.000	38.000	10.000
1258065.000	0.500	0.490	0.062	109.000	38.000	10.000
1258065.000	0.500	0.490	0.062	109.000	38.000	10.000
1258065.000	0.500	0.490	0.062	109.000	38.000	10.000
1258095.000	0.500	0.490	0.062	109.000	38.000	10.000
1258095.000	0.500	0.490	0.062	109.000	38.000	10.000
1258095.000	0.500	0.490	0.062	109.000	38.000	10.000
1258125.000	0.500	0.490	0.062	109.000	38.000	10.000
1258125.000	0.500	0.490	0.062	109.000	38.000	10.000
1258125.000	0.500	0.490	0.062	109.000	38.000	10.000
1258155.000	0.500	0.490	0.062	109.000	38.000	10.000
1258155.000	0.500	0.490	0.062	109.000	38.000	10.000
1258155.000	0.500	0.490	0.062	109.000	38.000	10.000
1258185.000	0.500	0.490	0.062	109.000	38.000	10.000
1258185.000	0.500	0.490	0.062	109.000	38.000	10.000
1258185.000	0.500	0.490	0.062	109.000	38.000	10.000
1258215.000	0.500	0.490	0.062	109.000	38.000	10.000
1258215.000	0.500	0.490	0.062	109.000	38.000	10.000
1258215.000	0.500	0.490	0.062	109.000	38.000	10.000
1258245.000	0.500	0.490	0.062	109.000	38.000	10.000
1258245.000	0.500	0.490	0.062	109.000	38.000	10.000
1258245.000	0.500	0.490	0.062	109.000	38.000	10.000
1258275.000	0.500	0.490	0.062	109.000	38.000	10.000
1258275.000	0.500	0.490	0.062	109.000	38.000	10.000
1258275.000	0.500	0.490	0.062	109.000	38.000	10.000
1258305.000	0.500	0.490	0.062	109.000	38.000	10.000
1258305.000	0.500	0.490	0.062	109.000	38.000	10.000
1258305.000	0.500	0.490	0.062	109.000	38.000	10.000
1258335.000	0.500	0.490	0.062	109.000	38.000	10.000
1258335.000	0.500	0.490	0.062	109.000	38.000	10.000
1258335.000	0.500	0.490	0.062	109.000	38.000	10.000
1258365.000	0.500	0.490	0.062	109.000	38.000	10.000
1258365.000	0.500	0.490	0.062	109.000	38.000	10.000
1258365.000	0.500	0.490	0.062	109.000	38.000	10.000
1258400.000	0.500	0.490	0.062	109.000	38.000	10.000
1258400.000	0.500	0.490	0.062	109.000	38.000	10.000
1258400.000	0.500	0.490	0.062	109.000	38.000	10.000
1258425.000	0.500	0.490	0.062	109.000	38.000	10.000
1258425.000	0.500	0.490	0.062	109.000	38.000	10.000
1258425.000	0.500	0.490	0.062	109.000	38.000	10.000
1258455.000	0.500	0.490	0.062	109.000	38.000	10.000
1258455.000	0.500	0.490	0.062	109.000	38.000	10.000
1258455.000	0.500	0.490	0.062	109.000	38.000	10.000
1258485.000	0.500	0.490	0.062	109.000	38.000	10.000
1258485.000	0.500	0.490	0.062	109.000	38.000	10.000
1258485.000	0.500	0.490	0.062	109.000	38.000	10.000
1258515.000	0.500	0.490	0.062	109.000	38.000	10.000
1258515.000	0.500	0.490	0.062	109.000	38.000	10.000
1258515.000	0.500	0.490	0.062	109.000	38.000	10.000
1258550.000	0.500	0.490	0.062	109.000	38.000	10.000
1258550.000	0.500	0.490	0.062	109.000	38.000	10.000
1258550.000	0.500	0.490	0.062	109.000	38.000	10.000
1258575.000	0.500	0.490	0.062	109.000	38.000	10.000
1258575.000	0.500	0.490	0.062	109.000	38.000	10.000
1258575.000	0.500	0.490	0.062	109.000	38.000	10.000
1258605.000	0.500	0.490	0.062	109.000	38.000	10.000
1258605.000	0.500	0.490	0.062	109.000	38.000	10.000
1258605.000	0.500	0.490	0.062	109.000	38.000	10.000
1258635.000	0.500	0.490	0.062	109.000	38.000	10.000
1258635.000	0.500	0.490	0.062	109.000	38.000	10.000
1258635.000	0.500	0.490	0.062	109.000	38.000	10.000
1258665.000	0.500	0.490	0.062	109.000	38.000	10.000
1258665.000	0.500	0.490	0.062	109.000	38.000	10.000
1258665.000	0.500	0.490	0.062	109.000	38.000	10.000
1258695.000	0.500	0.490	0.062	109.000	38.000	10.000
1258695.000	0.500	0.490	0.062	109.000	38.000	10.000
1258695.000	0.500	0.490	0.062	109.000	38.000	10.000
1258725.000	0.500	0.490	0.062	109.000	38.000	10.000
1258725.000	0.500	0.490	0.062	109.000	38.000	10.000
1258725.000	0.500	0.490	0.062	109.000	38.000	10.000
1258755.000	0.500	0.490	0.062	109.000	38.000	10.000
1258755.000	0.500	0.490	0.062	109.000	38.000	10.000
1258755.000	0.500	0.490	0.062	109.000	38.000	10.000
1258785.000	0.500	0.490	0.062	109.000	38.000	10.000
1258785.000	0.500	0.490	0.062	109.000	38.000	10.000
1258785.000	0.500	0.490	0.062	109.000	38.000	10.000
1258815.000	0.500	0.490	0.062	109.000	38.000	10.000
1258815.000	0.500	0.490	0.062	109.000	38.000	10.000
1258815.000	0.500	0.490	0.062	109.000	38.000	10.000
1258845.000	0.500	0.490	0.062	109.000	38.000	10.000
1258845.000	0.500	0.490	0.062	109.000	38.000	10.000
1258845.000	0.500	0.490	0.062	109.000	38.000	10.000
1258875.000	0.500	0.490	0.062	109.000	38.000	10.000
1258875.000	0.500	0.490	0.062	109.000	38.000	10.000
1258875.000	0.500	0.490	0.062	109.000	38.000	10.000
1258905.000	0.500	0.490	0.062	109.000	38.000	10.000
1258905.000	0.500	0.490	0.062	109.000	38.000	10.000
1258905.000	0.500	0.490	0.062	109.000	38.000	10.000
1258935.000	0.500	0.490	0.062	109.000	38.000	10.000
1258935.000	0.500	0.490	0.062	109.000	38.000	10.000
1258935.000	0.500	0.490	0.062	109.000	38.000	10.000
1258965.000	0.500	0.490	0.062	109.000	38.000	10.000
1258965.000	0.500	0.490	0.062	109.000	38.000	10.000
1258965.000	0.500	0.490	0.062	109.000	38.000	10.000
1258995.000	0.500	0.490	0.062	109.000	38.000	10.000
1258995.000	0.500	0.490	0.062	109.000	38.000	10.000
1258995.000	0.500	0.490	0.062	109.000	38.000	10.000
1259025.000	0.500	0.490	0.062	109.000	38.000	10.000
1259025.000	0.500	0.490	0.062	109.000	38.000	10.000
1259025.000	0.500	0.490	0.062	109.000	38.000	10.000
1259055.000	0.500	0.490	0.062	109.000	38.000	10.000
1259055.000	0.500	0.490	0.062	109.000	38.000	10.000
1259055.000	0.500	0.490	0.062	109.000	38.000	10.000
1259085.000	0.500	0.490	0.062	109.000	38.000	10.000
1259085.000	0.500	0.490	0.062	109.000	38.000	10.000
1259085.000	0.500	0.490	0.062	109.000	38.000	10.000
1259115.000	0.500	0.490	0.062	109.000	38.000	10.000
1259115.000	0.500	0.490	0.062	109.000	38.000	10.000
1259115.000	0.500	0.490	0.062	109.000	38.000	10.000
1259145.000	0.500	0.490	0.062	109.000	38.000	10.000
1259145.000	0.500	0.490	0.062	109.000	38.000	10.000
1259145.000	0.500	0.490	0.062	109.000	38.000	10.000
1259175.000	0.500	0.490	0.062	109.000	38.000	10.000
1259175.000	0.500	0.490	0.062	109.000	38.000	10.000
1259175.000	0.500	0.490	0.062	109.000	38.000	10.000
1259205.000	0.500	0.490	0.062	109.000	38.000	10.000
1259205.000	0.500	0.490	0.062	109.000	38.000	10.000
1259205.000	0.500	0.490	0.062	109.000	38.000	10.000
1259240.000	0.500	0.490	0.062	109.000	38.000	10.000
1259240.000	0.500	0.490	0.062	109.000	38.000	10.000
1259240.000	0.500	0.490	0.062	109.000	38.000	10.000
1259265.000	0.500	0.490	0.062	109.000	38.000	10.000
1259265.000	0.500	0.490	0.062	109.000	38.000	10.000
1259265.000	0.500	0.490	0.062	109.000	38.000	10.000
1259295.000	0.500	0.490	0.062	109.000	38.000	10.000
1259295.000	0.500	0.490	0.062	109.000	38.000	10.000
1259295.000	0.500	0.490	0.062	109.000	38.000	10.000
1259325.000	0.500	0.490	0.062	109.000	38.000	10.000
1259325.000	0.500	0.490	0.062	109.000	38.000	10.000
1259325.000	0.500	0.490	0.062	109.000	38.000	10.000
1259355.000	0.500	0.490	0.062	109.000	38.000	10.000
1259355.000	0.500	0.490	0.062	109.000	38.000	10.000
1259355.000	0.500	0.490	0.062	109.000	38.000	10.000
1259385.000	0.500	0.490	0.062	109.000	38.000	10.000
1259385.000	0.500	0.490	0.062	109.000	38.000	10.000
1259385.000	0.500	0.490	0.062	109.000	38.000	10.000
1259415.000	0.500	0.490	0.000	109.000	38.000	10.000
1259415.000	0.500	0.490	0.000	109.000	38.000	10.000
1259415.000	0.500	0.490	0.000	109.000	38.000	10.000
1259445.000	0.500	0.490	0.000	109.000	38.000	10.000
1259445.000	0.500	0.490	0.000	109.000	38.000	10.000
1259445.000	0.500	0.490	0.000	109.000	38.000	10.000
1259475.000	0.500	0.490	0.000	109.000	38.000	10.000
1259475.000	0.500	0.490	0.000	109.000	38.000	10.000
1259475.000	0.500	0.490	0.000	109.000	38.000	10.000
1259505.000	0.500	0.490	0.000	109.000	38.000	10.000
1259505.000	0.500	0.490	0.000	109.000	38.000	10.000
1259505.000	0.500	0.490	0.000	109.000	38.000	10.000
1259535.000	0.500	0.480	0.000	109.000	38.000	10.000
1259535.000	0.500	0.480	0.000	109.000	38.000	10.000
1259535.000	0.500	0.480	0.000	109.000	38.000	10.000
1259565.000	0.500	0.480	0.000	109.000	38.000	10.000
1259565.000	0.500	0.480	0.000	109.000	38.000	10.000
1259565.000	0.500	0.480	0.000	109.000	38.000	10.000
1259595.000	0.500	0.480	0.000	109.000	38.000	10.000
1259595.000	0.500	0.480	0.000	109.000	38.000	10.000
1259595.000	0.500	0.480	0.000	109.000	38.000	10.000
1259625.000	0.500	0.480	0.000	109.000	38.000	10.000
1259625.000	0.500	0.480	0.000	109.000	38.000	10.000
1259625.000	0.500	0.480	0.000	109.000	38.000	10.000
1259655.000	0.500	0.480	0.000	109.000	38.000	10.000
1259655.000	0.500	0.480	0.000	109.000	38.000	10.000
1259655.000	0.500	0.480	0.000	109.000	38.000	10.000
1259685.000	0.500	0.480	0.000	109.000	38.000	10.000
1259685.000	0.500	0.480	0.000	109.000	38.000	10.000
1259685.000	0.500	0.480	0.000	109.000	38.000	10.000
1259715.000	0.500	0.470	0.000	109.000	38.000	10.000
1259715.000	0.500	0.470	0.000	109.000	38.000	10.000
1259715.000	0.500	0.470	0.000	109.000	38.000	10.000
1259745.000	0.500	0.470	0.000	109.000	38.000	10.000
1259745.000	0.500	0.470	0.000	109.000	38.000	10.000
1259745.000	0.500	0.470	0.000	109.000	38.000	10.000
1259775.000	0.500	0.470	0.000	109.000	38.000	10.000
1259775.000	0.500	0.470	0.000	109.000	38.000	10.000
1259775.000	0.500	0.470	0.000	109.000	38.000	10.000
1259805.000	0.500	0.470	0.000	109.000	38.000	10.000
1259805.000	0.500	0.470	0.000	109.000	38.000	10.000
1259805.000	0.500	0.470	0.000	109.000	38.000	10.000
1259835.000	0.500	0.470	0.000	109.000	38.000	10.000
1259835.000	0.500	0.470	0.000	109.000	38.000	10.000
1259835.000	0.500	0.470	0.000	109.000	38.000	10.000
1259865.000	0.500	0.460	0.000	109.000	38.000	10.000
1259865.000	0.500	0.460	0.000	109.000	38.000	10.000
1259865.000	0.500	0.460	0.000	109.000	38.000	10.000
1259895.000	0.500	0.460	0.000	109.000	38.000	10.000
1259895.000	0.500	0.460	0.000	109.000	38.000	10.000
1259895.000	0.500	0.460	0.000	109.000	38.000	10.000
1259925.000	0.500	0.460	0.000	109.000	38.000	10.000
1259925.000	0.500	0.460	0.000	109.000	38.000	10.000
1259925.000	0.500	0.460	0.000	109.000	38.000	10.000
1259955.000	0.500	0.460	0.000	109.000	38.000	10.000
1259955.000	0.500	0.460	0.000	109.000	38.000	10.000
1259955.000	0.500	0.460	0.000	109.000	38.000	10.000
1259985.000	0.500	0.460	0.000	109.000	38.000	10.000
1259985.000	0.500	0.460	0.000	109.000	38.000	10.000
1259985.000	0.500	0.460	0.000	109.000	38.000	10.000
1260015.000	0.500	0.450	0.000	109.000	38.000	10.000
1260015.000	0.500	0.450	0.000	109.000	38.000	10.000
1260015.000	0.500	0.450	0.000	109.000	38.000	10.000
1260045.000	0.500	0.450	0.000	109.000	38.000	10.000
1260045.000	0.500	0.450	0.000	109.000	38.000	10.000
1260045.000	0.500	0.450	0.000	109.000	38.000	10.000
1260075.000	0.500	0.450	0.000	109.000	38.000	10.000
1260075.000	0.500	0.450	0.000	109.000	38.000	10.000
1260075.000	0.500	0.450	0.000	109.000	38.000	10.000
1260105.000	0.500	0.450	0.000	109.000	38.000	10.000
1260105.000	0.500	0.450	0.000	109.000	38.000	10.000
1260105.000	0.500	0.450	0.000	109.000	38.000	10.000
1260135.000	0.500	0.450	0.000	109.000	38.000	10.000
1260135.000	0.500	0.450	0.000	109.000	38.000	10.000
1260135.000	0.500	0.450	0.000	109.000	38.000	10.000
1260165.000	0.500	0.450	0.000	109.000	38.000	10.000
1260165.000	0.500	0.450	0.000	109.000	38.000	10.000
1260165.000	0.500	0.450	0.000	109.000	38.000	10.000
1260195.000	0.500	0.450	0.000	109.000	38.000	10.000
