%ArduinoTime [ms]	Reference Position [rad]	Measured Position [rad]	Actual Current [A]	Proportional Gain [Kp]	Derivative Gain [Kd]	Integral Gain [Ki]	%3/17/20231:38 PM
0.000	0.000	0.000	0.000	0.000	0.000	0.000
1107340.000	0.000	0.030	0.000	109.000	38.000	0.500
1107340.000	0.000	0.030	0.000	109.000	38.000	0.500
1107370.000	0.000	0.030	0.000	109.000	38.000	0.500
1107370.000	0.000	0.030	0.000	109.000	38.000	0.500
1107370.000	0.000	0.030	0.000	109.000	38.000	0.500
1107400.000	0.000	0.030	0.000	109.000	38.000	0.500
1107400.000	0.000	0.030	0.000	109.000	38.000	0.500
1107400.000	0.000	0.030	0.000	109.000	38.000	0.500
1107430.000	0.000	0.030	0.000	109.000	38.000	0.500
1107430.000	0.000	0.030	0.000	109.000	38.000	0.500
1107430.000	0.000	0.030	0.000	109.000	38.000	0.500
1107460.000	0.000	0.030	0.000	109.000	38.000	0.500
1107460.000	0.000	0.030	0.000	109.000	38.000	0.500
1107460.000	0.000	0.030	0.000	109.000	38.000	0.500
1107490.000	0.000	0.030	0.000	109.000	38.000	0.500
1107490.000	0.000	0.030	0.000	109.000	38.000	0.500
1107490.000	0.000	0.030	0.000	109.000	38.000	0.500
1107520.000	0.000	0.030	0.000	109.000	38.000	0.500
1107520.000	0.000	0.030	0.000	109.000	38.000	0.500
1107520.000	0.000	0.030	0.000	109.000	38.000	0.500
1107550.000	0.000	0.030	0.000	109.000	38.000	0.500
1107550.000	0.000	0.030	0.000	109.000	38.000	0.500
1107550.000	0.000	0.030	0.000	109.000	38.000	0.500
1107580.000	0.000	0.030	0.000	109.000	38.000	0.500
1107580.000	0.000	0.030	0.000	109.000	38.000	0.500
1107580.000	0.000	0.030	0.000	109.000	38.000	0.500
1107610.000	0.000	0.030	0.000	109.000	38.000	0.500
1107610.000	0.000	0.030	0.000	109.000	38.000	0.500
1107610.000	0.000	0.030	0.000	109.000	38.000	0.500
1107640.000	0.000	0.030	0.000	109.000	38.000	0.500
1107640.000	0.000	0.030	0.000	109.000	38.000	0.500
1107640.000	0.000	0.030	0.000	109.000	38.000	0.500
1107670.000	0.000	0.030	0.000	109.000	38.000	0.500
1107670.000	0.000	0.030	0.000	109.000	38.000	0.500
1107670.000	0.000	0.030	0.000	109.000	38.000	0.500
1107700.000	0.000	0.030	0.000	109.000	38.000	0.500
1107700.000	0.000	0.030	0.000	109.000	38.000	0.500
1107700.000	0.000	0.030	0.000	109.000	38.000	0.500
1107730.000	0.000	0.030	0.000	109.000	38.000	0.500
1107730.000	0.000	0.030	0.000	109.000	38.000	0.500
1107730.000	0.000	0.030	0.000	109.000	38.000	0.500
1107760.000	0.000	0.030	0.000	109.000	38.000	0.500
1107760.000	0.000	0.030	0.000	109.000	38.000	0.500
1107760.000	0.000	0.030	0.000	109.000	38.000	0.500
1107790.000	0.000	0.030	0.000	109.000	38.000	0.500
1107790.000	0.000	0.030	0.000	109.000	38.000	0.500
1107790.000	0.000	0.030	0.000	109.000	38.000	0.500
1107820.000	0.000	0.030	0.000	109.000	38.000	0.500
1107820.000	0.000	0.030	0.000	109.000	38.000	0.500
1107820.000	0.000	0.030	0.000	109.000	38.000	0.500
1107850.000	0.000	0.030	0.000	109.000	38.000	0.500
1107850.000	0.000	0.030	0.000	109.000	38.000	0.500
1107850.000	0.000	0.030	0.000	109.000	38.000	0.500
1107880.000	0.000	0.030	0.000	109.000	38.000	0.500
1107880.000	0.000	0.030	0.000	109.000	38.000	0.500
1107880.000	0.000	0.030	0.000	109.000	38.000	0.500
1107910.000	0.000	0.030	0.000	109.000	38.000	0.500
1107910.000	0.000	0.030	0.000	109.000	38.000	0.500
1107910.000	0.000	0.030	0.000	109.000	38.000	0.500
1107940.000	0.000	0.030	0.000	109.000	38.000	0.500
1107940.000	0.000	0.030	0.000	109.000	38.000	0.500
1107940.000	0.000	0.030	0.000	109.000	38.000	0.500
1107970.000	0.000	0.030	0.000	109.000	38.000	0.500
1107970.000	0.000	0.030	0.000	109.000	38.000	0.500
1107970.000	0.000	0.030	0.000	109.000	38.000	0.500
1108000.000	0.000	0.030	0.000	109.000	38.000	0.500
1108000.000	0.000	0.030	0.000	109.000	38.000	0.500
1108000.000	0.000	0.030	0.000	109.000	38.000	0.500
1108030.000	0.000	0.030	0.000	109.000	38.000	0.500
1108030.000	0.000	0.030	0.000	109.000	38.000	0.500
1108030.000	0.000	0.030	0.000	109.000	38.000	0.500
1108060.000	0.000	0.030	0.000	109.000	38.000	0.500
1108060.000	0.000	0.030	0.000	109.000	38.000	0.500
1108060.000	0.000	0.030	0.000	109.000	38.000	0.500
1108090.000	0.000	0.030	0.000	109.000	38.000	0.500
1108090.000	0.000	0.030	0.000	109.000	38.000	0.500
1108090.000	0.000	0.030	0.000	109.000	38.000	0.500
1108120.000	0.000	0.030	0.000	109.000	38.000	0.500
1108120.000	0.000	0.030	0.000	109.000	38.000	0.500
1108120.000	0.000	0.030	0.000	109.000	38.000	0.500
1108150.000	0.500	0.030	1.141	109.000	38.000	0.500
1108150.000	0.500	0.030	1.141	109.000	38.000	0.500
1108150.000	0.500	0.030	1.141	109.000	38.000	0.500
1108180.000	0.500	0.040	0.906	109.000	38.000	0.500
1108180.000	0.500	0.040	0.906	109.000	38.000	0.500
1108180.000	0.500	0.040	0.906	109.000	38.000	0.500
1108210.000	0.500	0.050	0.719	109.000	38.000	0.500
1108210.000	0.500	0.050	0.719	109.000	38.000	0.500
1108210.000	0.500	0.050	0.719	109.000	38.000	0.500
1108240.000	0.500	0.060	0.562	109.000	38.000	0.500
1108240.000	0.500	0.060	0.562	109.000	38.000	0.500
1108240.000	0.500	0.060	0.562	109.000	38.000	0.500
1108270.000	0.500	0.080	0.453	109.000	38.000	0.500
1108270.000	0.500	0.080	0.453	109.000	38.000	0.500
1108270.000	0.500	0.080	0.453	109.000	38.000	0.500
1108300.000	0.500	0.110	0.328	109.000	38.000	0.500
1108300.000	0.500	0.110	0.328	109.000	38.000	0.500
1108300.000	0.500	0.110	0.328	109.000	38.000	0.500
1108330.000	0.500	0.130	0.203	109.000	38.000	0.500
1108330.000	0.500	0.130	0.203	109.000	38.000	0.500
1108330.000	0.500	0.130	0.203	109.000	38.000	0.500
1108360.000	0.500	0.160	0.109	109.000	38.000	0.500
1108360.000	0.500	0.160	0.109	109.000	38.000	0.500
1108360.000	0.500	0.160	0.109	109.000	38.000	0.500
1108390.000	0.500	0.180	0.047	109.000	38.000	0.500
1108390.000	0.500	0.180	0.047	109.000	38.000	0.500
1108390.000	0.500	0.180	0.047	109.000	38.000	0.500
1108420.000	0.500	0.210	0.000	109.000	38.000	0.500
1108420.000	0.500	0.210	0.000	109.000	38.000	0.500
1108420.000	0.500	0.210	0.000	109.000	38.000	0.500
1108450.000	0.500	0.230	-0.062	109.000	38.000	0.500
1108450.000	0.500	0.230	-0.062	109.000	38.000	0.500
1108450.000	0.500	0.230	-0.062	109.000	38.000	0.500
1108480.000	0.500	0.250	-0.094	109.000	38.000	0.500
1108480.000	0.500	0.250	-0.094	109.000	38.000	0.500
1108480.000	0.500	0.250	-0.094	109.000	38.000	0.500
1108510.000	0.500	0.280	-0.109	109.000	38.000	0.500
1108510.000	0.500	0.280	-0.109	109.000	38.000	0.500
1108510.000	0.500	0.280	-0.109	109.000	38.000	0.500
1108540.000	0.500	0.300	-0.125	109.000	38.000	0.500
1108540.000	0.500	0.300	-0.125	109.000	38.000	0.500
1108540.000	0.500	0.300	-0.125	109.000	38.000	0.500
1108570.000	0.500	0.320	-0.141	109.000	38.000	0.500
1108570.000	0.500	0.320	-0.141	109.000	38.000	0.500
1108570.000	0.500	0.320	-0.141	109.000	38.000	0.500
1108600.000	0.500	0.340	-0.141	109.000	38.000	0.500
1108600.000	0.500	0.340	-0.141	109.000	38.000	0.500
1108600.000	0.500	0.340	-0.141	109.000	38.000	0.500
1108630.000	0.500	0.350	-0.141	109.000	38.000	0.500
1108630.000	0.500	0.350	-0.141	109.000	38.000	0.500
1108630.000	0.500	0.350	-0.141	109.000	38.000	0.500
1108660.000	0.500	0.370	-0.156	109.000	38.000	0.500
1108660.000	0.500	0.370	-0.156	109.000	38.000	0.500
1108660.000	0.500	0.370	-0.156	109.000	38.000	0.500
1108690.000	0.500	0.390	-0.141	109.000	38.000	0.500
1108690.000	0.500	0.390	-0.141	109.000	38.000	0.500
1108690.000	0.500	0.390	-0.141	109.000	38.000	0.500
1108720.000	0.500	0.400	-0.141	109.000	38.000	0.500
1108720.000	0.500	0.400	-0.141	109.000	38.000	0.500
1108720.000	0.500	0.400	-0.141	109.000	38.000	0.500
1108750.000	0.500	0.410	-0.109	109.000	38.000	0.500
1108750.000	0.500	0.410	-0.109	109.000	38.000	0.500
1108750.000	0.500	0.410	-0.109	109.000	38.000	0.500
1108780.000	0.500	0.420	-0.094	109.000	38.000	0.500
1108780.000	0.500	0.420	-0.094	109.000	38.000	0.500
1108780.000	0.500	0.420	-0.094	109.000	38.000	0.500
1108810.000	0.500	0.430	-0.078	109.000	38.000	0.500
1108810.000	0.500	0.430	-0.078	109.000	38.000	0.500
1108810.000	0.500	0.430	-0.078	109.000	38.000	0.500
1108840.000	0.500	0.440	-0.078	109.000	38.000	0.500
1108840.000	0.500	0.440	-0.078	109.000	38.000	0.500
1108840.000	0.500	0.440	-0.078	109.000	38.000	0.500
1108870.000	0.500	0.440	-0.062	109.000	38.000	0.500
1108870.000	0.500	0.440	-0.062	109.000	38.000	0.500
1108870.000	0.500	0.440	-0.062	109.000	38.000	0.500
1108900.000	0.500	0.450	-0.062	109.000	38.000	0.500
1108900.000	0.500	0.450	-0.062	109.000	38.000	0.500
1108900.000	0.500	0.450	-0.062	109.000	38.000	0.500
1108930.000	0.500	0.450	-0.047	109.000	38.000	0.500
1108930.000	0.500	0.450	-0.047	109.000	38.000	0.500
1108930.000	0.500	0.450	-0.047	109.000	38.000	0.500
1108960.000	0.500	0.460	-0.031	109.000	38.000	0.500
1108960.000	0.500	0.460	-0.031	109.000	38.000	0.500
1108960.000	0.500	0.460	-0.031	109.000	38.000	0.500
1108990.000	0.500	0.460	-0.016	109.000	38.000	0.500
1108990.000	0.500	0.460	-0.016	109.000	38.000	0.500
1108990.000	0.500	0.460	-0.016	109.000	38.000	0.500
1109020.000	0.500	0.470	-0.016	109.000	38.000	0.500
1109020.000	0.500	0.470	-0.016	109.000	38.000	0.500
1109020.000	0.500	0.470	-0.016	109.000	38.000	0.500
1109050.000	0.500	0.470	0.000	109.000	38.000	0.500
1109050.000	0.500	0.470	0.000	109.000	38.000	0.500
1109050.000	0.500	0.470	0.000	109.000	38.000	0.500
1109080.000	0.500	0.470	0.000	109.000	38.000	0.500
1109080.000	0.500	0.470	0.000	109.000	38.000	0.500
1109080.000	0.500	0.470	0.000	109.000	38.000	0.500
1109110.000	0.500	0.470	0.016	109.000	38.000	0.500
1109110.000	0.500	0.470	0.016	109.000	38.000	0.500
1109110.000	0.500	0.470	0.016	109.000	38.000	0.500
1109140.000	0.500	0.470	0.031	109.000	38.000	0.500
1109140.000	0.500	0.470	0.031	109.000	38.000	0.500
1109140.000	0.500	0.470	0.031	109.000	38.000	0.500
1109170.000	0.500	0.470	0.031	109.000	38.000	0.500
1109170.000	0.500	0.470	0.031	109.000	38.000	0.500
1109170.000	0.500	0.470	0.031	109.000	38.000	0.500
1109200.000	0.500	0.470	0.031	109.000	38.000	0.500
1109200.000	0.500	0.470	0.031	109.000	38.000	0.500
1109200.000	0.500	0.470	0.031	109.000	38.000	0.500
1109230.000	0.500	0.470	0.047	109.000	38.000	0.500
1109230.000	0.500	0.470	0.047	109.000	38.000	0.500
1109230.000	0.500	0.470	0.047	109.000	38.000	0.500
1109260.000	0.500	0.470	0.047	109.000	38.000	0.500
1109260.000	0.500	0.470	0.047	109.000	38.000	0.500
1109260.000	0.500	0.470	0.047	109.000	38.000	0.500
1109290.000	0.500	0.470	0.047	109.000	38.000	0.500
1109290.000	0.500	0.470	0.047	109.000	38.000	0.500
1109290.000	0.500	0.470	0.047	109.000	38.000	0.500
1109320.000	0.500	0.470	0.047	109.000	38.000	0.500
1109320.000	0.500	0.470	0.047	109.000	38.000	0.500
1109320.000	0.500	0.470	0.047	109.000	38.000	0.500
1109350.000	0.500	0.470	0.062	109.000	38.000	0.500
1109350.000	0.500	0.470	0.062	109.000	38.000	0.500
1109350.000	0.500	0.470	0.062	109.000	38.000	0.500
1109380.000	0.500	0.470	0.062	109.000	38.000	0.500
1109380.000	0.500	0.470	0.062	109.000	38.000	0.500
1109380.000	0.500	0.470	0.062	109.000	38.000	0.500
1109410.000	0.500	0.470	0.062	109.000	38.000	0.500
1109410.000	0.500	0.470	0.062	109.000	38.000	0.500
1109410.000	0.500	0.470	0.062	109.000	38.000	0.500
1109440.000	0.500	0.470	0.062	109.000	38.000	0.500
1109440.000	0.500	0.470	0.062	109.000	38.000	0.500
1109440.000	0.500	0.470	0.062	109.000	38.000	0.500
1109470.000	0.500	0.470	0.062	109.000	38.000	0.500
1109470.000	0.500	0.470	0.062	109.000	38.000	0.500
1109470.000	0.500	0.470	0.062	109.000	38.000	0.500
1109500.000	0.500	0.470	0.062	109.000	38.000	0.500
1109500.000	0.500	0.470	0.062	109.000	38.000	0.500
1109500.000	0.500	0.470	0.062	109.000	38.000	0.500
1109530.000	0.500	0.470	0.062	109.000	38.000	0.500
1109530.000	0.500	0.470	0.062	109.000	38.000	0.500
1109530.000	0.500	0.470	0.062	109.000	38.000	0.500
1109560.000	0.500	0.470	0.062	109.000	38.000	0.500
1109560.000	0.500	0.470	0.062	109.000	38.000	0.500
1109560.000	0.500	0.470	0.062	109.000	38.000	0.500
1109590.000	0.500	0.470	0.062	109.000	38.000	0.500
1109590.000	0.500	0.470	0.062	109.000	38.000	0.500
1109590.000	0.500	0.470	0.062	109.000	38.000	0.500
1109620.000	0.500	0.470	0.062	109.000	38.000	0.500
1109620.000	0.500	0.470	0.062	109.000	38.000	0.500
1109620.000	0.500	0.470	0.062	109.000	38.000	0.500
1109650.000	0.500	0.470	0.062	109.000	38.000	0.500
1109650.000	0.500	0.470	0.062	109.000	38.000	0.500
1109650.000	0.500	0.470	0.062	109.000	38.000	0.500
1109680.000	0.500	0.470	0.062	109.000	38.000	0.500
1109680.000	0.500	0.470	0.062	109.000	38.000	0.500
1109680.000	0.500	0.470	0.062	109.000	38.000	0.500
1109710.000	0.500	0.470	0.062	109.000	38.000	0.500
1109710.000	0.500	0.470	0.062	109.000	38.000	0.500
1109710.000	0.500	0.470	0.062	109.000	38.000	0.500
1109740.000	0.500	0.470	0.062	109.000	38.000	0.500
1109740.000	0.500	0.470	0.062	109.000	38.000	0.500
1109740.000	0.500	0.470	0.062	109.000	38.000	0.500
1109770.000	0.500	0.470	0.047	109.000	38.000	0.500
1109770.000	0.500	0.470	0.047	109.000	38.000	0.500
1109770.000	0.500	0.470	0.047	109.000	38.000	0.500
1109800.000	0.500	0.470	0.062	109.000	38.000	0.500
1109800.000	0.500	0.470	0.062	109.000	38.000	0.500
1109800.000	0.500	0.470	0.062	109.000	38.000	0.500
1109830.000	0.500	0.470	0.047	109.000	38.000	0.500
1109830.000	0.500	0.470	0.047	109.000	38.000	0.500
1109830.000	0.500	0.470	0.047	109.000	38.000	0.500
1109860.000	0.500	0.470	0.062	109.000	38.000	0.500
1109860.000	0.500	0.470	0.062	109.000	38.000	0.500
1109860.000	0.500	0.470	0.062	109.000	38.000	0.500
1109890.000	0.500	0.470	0.062	109.000	38.000	0.500
1109890.000	0.500	0.470	0.062	109.000	38.000	0.500
1109890.000	0.500	0.470	0.062	109.000	38.000	0.500
1109920.000	0.500	0.470	0.062	109.000	38.000	0.500
1109920.000	0.500	0.470	0.062	109.000	38.000	0.500
1109920.000	0.500	0.470	0.062	109.000	38.000	0.500
1109950.000	0.500	0.470	0.047	109.000	38.000	0.500
1109950.000	0.500	0.470	0.047	109.000	38.000	0.500
1109950.000	0.500	0.470	0.047	109.000	38.000	0.500
1109980.000	0.500	0.470	0.047	109.000	38.000	0.500
1109980.000	0.500	0.470	0.047	109.000	38.000	0.500
1109980.000	0.500	0.470	0.047	109.000	38.000	0.500
1110010.000	0.500	0.470	0.047	109.000	38.000	0.500
1110010.000	0.500	0.470	0.047	109.000	38.000	0.500
1110010.000	0.500	0.470	0.047	109.000	38.000	0.500
1110040.000	0.500	0.470	0.062	109.000	38.000	0.500
1110040.000	0.500	0.470	0.062	109.000	38.000	0.500
1110040.000	0.500	0.470	0.062	109.000	38.000	0.500
1110070.000	0.500	0.470	0.047	109.000	38.000	0.500
1110070.000	0.500	0.470	0.047	109.000	38.000	0.500
1110070.000	0.500	0.470	0.047	109.000	38.000	0.500
1110100.000	0.500	0.470	0.062	109.000	38.000	0.500
1110100.000	0.500	0.470	0.062	109.000	38.000	0.500
1110100.000	0.500	0.470	0.062	109.000	38.000	0.500
1110130.000	0.500	0.470	0.062	109.000	38.000	0.500
1110130.000	0.500	0.470	0.062	109.000	38.000	0.500
1110130.000	0.500	0.470	0.062	109.000	38.000	0.500
1110160.000	0.500	0.470	0.047	109.000	38.000	0.500
1110160.000	0.500	0.470	0.047	109.000	38.000	0.500
1110160.000	0.500	0.470	0.047	109.000	38.000	0.500
1110190.000	0.500	0.470	0.062	109.000	38.000	0.500
1110190.000	0.500	0.470	0.062	109.000	38.000	0.500
1110190.000	0.500	0.470	0.062	109.000	38.000	0.500
1110220.000	0.500	0.470	0.047	109.000	38.000	0.500
1110220.000	0.500	0.470	0.047	109.000	38.000	0.500
1110220.000	0.500	0.470	0.047	109.000	38.000	0.500
1110250.000	0.500	0.470	0.062	109.000	38.000	0.500
1110250.000	0.500	0.470	0.062	109.000	38.000	0.500
1110250.000	0.500	0.470	0.062	109.000	38.000	0.500
1110280.000	0.500	0.470	0.062	109.000	38.000	0.500
1110280.000	0.500	0.470	0.062	109.000	38.000	0.500
1110280.000	0.500	0.470	0.062	109.000	38.000	0.500
1110310.000	0.500	0.470	0.047	109.000	38.000	0.500
1110310.000	0.500	0.470	0.047	109.000	38.000	0.500
1110310.000	0.500	0.470	0.047	109.000	38.000	0.500
1110340.000	0.500	0.470	0.047	109.000	38.000	0.500
1110340.000	0.500	0.470	0.047	109.000	38.000	0.500
1110340.000	0.500	0.470	0.047	109.000	38.000	0.500
1110370.000	0.500	0.470	0.062	109.000	38.000	0.500
1110370.000	0.500	0.470	0.062	109.000	38.000	0.500
1110370.000	0.500	0.470	0.062	109.000	38.000	0.500
1110400.000	0.500	0.470	0.062	109.000	38.000	0.500
1110400.000	0.500	0.470	0.062	109.000	38.000	0.500
1110400.000	0.500	0.470	0.062	109.000	38.000	0.500
1110430.000	0.500	0.470	0.047	109.000	38.000	0.500
1110430.000	0.500	0.470	0.047	109.000	38.000	0.500
1110430.000	0.500	0.470	0.047	109.000	38.000	0.500
1110460.000	0.500	0.470	0.062	109.000	38.000	0.500
1110460.000	0.500	0.470	0.062	109.000	38.000	0.500
1110460.000	0.500	0.470	0.062	109.000	38.000	0.500
1110490.000	0.500	0.470	0.047	109.000	38.000	0.500
1110490.000	0.500	0.470	0.047	109.000	38.000	0.500
1110490.000	0.500	0.470	0.047	109.000	38.000	0.500
1110520.000	0.500	0.470	0.047	109.000	38.000	0.500
1110520.000	0.500	0.470	0.047	109.000	38.000	0.500
1110520.000	0.500	0.470	0.047	109.000	38.000	0.500
1110550.000	0.500	0.470	0.062	109.000	38.000	0.500
1110550.000	0.500	0.470	0.062	109.000	38.000	0.500
1110550.000	0.500	0.470	0.062	109.000	38.000	0.500
1110580.000	0.500	0.470	0.062	109.000	38.000	0.500
1110580.000	0.500	0.470	0.062	109.000	38.000	0.500
1110580.000	0.500	0.470	0.062	109.000	38.000	0.500
1110610.000	0.500	0.470	0.062	109.000	38.000	0.500
1110610.000	0.500	0.470	0.062	109.000	38.000	0.500
1110610.000	0.500	0.470	0.062	109.000	38.000	0.500
1110640.000	0.500	0.470	0.047	109.000	38.000	0.500
1110640.000	0.500	0.470	0.047	109.000	38.000	0.500
1110640.000	0.500	0.470	0.047	109.000	38.000	0.500
1110670.000	0.500	0.470	0.047	109.000	38.000	0.500
1110670.000	0.500	0.470	0.047	109.000	38.000	0.500
1110670.000	0.500	0.470	0.047	109.000	38.000	0.500
1110700.000	0.500	0.470	0.062	109.000	38.000	0.500
1110700.000	0.500	0.470	0.062	109.000	38.000	0.500
1110700.000	0.500	0.470	0.062	109.000	38.000	0.500
1110730.000	0.500	0.470	0.047	109.000	38.000	0.500
1110730.000	0.500	0.470	0.047	109.000	38.000	0.500
1110730.000	0.500	0.470	0.047	109.000	38.000	0.500
1110760.000	0.500	0.470	0.047	109.000	38.000	0.500
1110760.000	0.500	0.470	0.047	109.000	38.000	0.500
1110760.000	0.500	0.470	0.047	109.000	38.000	0.500
1110790.000	0.500	0.470	0.062	109.000	38.000	0.500
1110790.000	0.500	0.470	0.062	109.000	38.000	0.500
1110790.000	0.500	0.470	0.062	109.000	38.000	0.500
1110820.000	0.500	0.470	0.047	109.000	38.000	0.500
1110820.000	0.500	0.470	0.047	109.000	38.000	0.500
1110820.000	0.500	0.470	0.047	109.000	38.000	0.500
1110850.000	0.500	0.470	0.062	109.000	38.000	0.500
1110850.000	0.500	0.470	0.062	109.000	38.000	0.500
1110850.000	0.500	0.470	0.062	109.000	38.000	0.500
1110880.000	0.500	0.470	0.047	109.000	38.000	0.500
1110880.000	0.500	0.470	0.047	109.000	38.000	0.500
1110880.000	0.500	0.470	0.047	109.000	38.000	0.500
1110910.000	0.500	0.470	0.047	109.000	38.000	0.500
1110910.000	0.500	0.470	0.047	109.000	38.000	0.500
1110910.000	0.500	0.470	0.047	109.000	38.000	0.500
1110940.000	0.500	0.470	0.062	109.000	38.000	0.500
1110940.000	0.500	0.470	0.062	109.000	38.000	0.500
1110940.000	0.500	0.470	0.062	109.000	38.000	0.500
1110970.000	0.500	0.470	0.047	109.000	38.000	0.500
1110970.000	0.500	0.470	0.047	109.000	38.000	0.500
1110970.000	0.500	0.470	0.047	109.000	38.000	0.500
1111000.000	0.500	0.470	0.047	109.000	38.000	0.500
1111000.000	0.500	0.470	0.047	109.000	38.000	0.500
1111000.000	0.500	0.470	0.047	109.000	38.000	0.500
1111030.000	0.500	0.470	0.062	109.000	38.000	0.500
1111030.000	0.500	0.470	0.062	109.000	38.000	0.500
1111030.000	0.500	0.470	0.062	109.000	38.000	0.500
1111060.000	0.500	0.470	0.047	109.000	38.000	0.500
1111060.000	0.500	0.470	0.047	109.000	38.000	0.500
1111060.000	0.500	0.470	0.047	109.000	38.000	0.500
1111090.000	0.500	0.470	0.062	109.000	38.000	0.500
1111090.000	0.500	0.470	0.062	109.000	38.000	0.500
1111090.000	0.500	0.470	0.062	109.000	38.000	0.500
1111120.000	0.500	0.470	0.062	109.000	38.000	0.500
1111120.000	0.500	0.470	0.062	109.000	38.000	0.500
1111120.000	0.500	0.470	0.062	109.000	38.000	0.500
1111150.000	0.500	0.470	0.062	109.000	38.000	0.500
1111150.000	0.500	0.470	0.062	109.000	38.000	0.500
1111150.000	0.500	0.470	0.062	109.000	38.000	0.500
1111180.000	0.500	0.470	0.047	109.000	38.000	0.500
1111180.000	0.500	0.470	0.047	109.000	38.000	0.500
1111180.000	0.500	0.470	0.047	109.000	38.000	0.500
1111210.000	0.500	0.470	0.062	109.000	38.000	0.500
1111210.000	0.500	0.470	0.062	109.000	38.000	0.500
1111210.000	0.500	0.470	0.062	109.000	38.000	0.500
1111240.000	0.500	0.470	0.062	109.000	38.000	0.500
1111240.000	0.500	0.470	0.062	109.000	38.000	0.500
1111240.000	0.500	0.470	0.062	109.000	38.000	0.500
1111270.000	0.500	0.470	0.047	109.000	38.000	0.500
1111270.000	0.500	0.470	0.047	109.000	38.000	0.500
1111270.000	0.500	0.470	0.047	109.000	38.000	0.500
1111300.000	0.500	0.470	0.062	109.000	38.000	0.500
1111300.000	0.500	0.470	0.062	109.000	38.000	0.500
1111300.000	0.500	0.470	0.062	109.000	38.000	0.500
1111330.000	0.500	0.470	0.062	109.000	38.000	0.500
1111330.000	0.500	0.470	0.062	109.000	38.000	0.500
1111330.000	0.500	0.470	0.062	109.000	38.000	0.500
1111360.000	0.500	0.470	0.062	109.000	38.000	0.500
1111360.000	0.500	0.470	0.062	109.000	38.000	0.500
1111360.000	0.500	0.470	0.062	109.000	38.000	0.500
1111390.000	0.500	0.470	0.047	109.000	38.000	0.500
1111390.000	0.500	0.470	0.047	109.000	38.000	0.500
1111390.000	0.500	0.470	0.047	109.000	38.000	0.500
1111420.000	0.500	0.470	0.047	109.000	38.000	0.500
1111420.000	0.500	0.470	0.047	109.000	38.000	0.500
1111420.000	0.500	0.470	0.047	109.000	38.000	0.500
1111450.000	0.500	0.470	0.062	109.000	38.000	0.500
1111450.000	0.500	0.470	0.062	109.000	38.000	0.500
1111450.000	0.500	0.470	0.062	109.000	38.000	0.500
1111480.000	0.500	0.470	0.047	109.000	38.000	0.500
1111480.000	0.500	0.470	0.047	109.000	38.000	0.500
1111480.000	0.500	0.470	0.047	109.000	38.000	0.500
1111510.000	0.500	0.470	0.047	109.000	38.000	0.500
1111510.000	0.500	0.470	0.047	109.000	38.000	0.500
1111510.000	0.500	0.470	0.047	109.000	38.000	0.500
1111540.000	0.500	0.470	0.047	109.000	38.000	0.500
1111540.000	0.500	0.470	0.047	109.000	38.000	0.500
1111540.000	0.500	0.470	0.047	109.000	38.000	0.500
1111570.000	0.500	0.470	0.062	109.000	38.000	0.500
1111570.000	0.500	0.470	0.062	109.000	38.000	0.500
1111570.000	0.500	0.470	0.062	109.000	38.000	0.500
1111600.000	0.500	0.470	0.062	109.000	38.000	0.500
1111600.000	0.500	0.470	0.062	109.000	38.000	0.500
1111600.000	0.500	0.470	0.062	109.000	38.000	0.500
1111630.000	0.500	0.470	0.047	109.000	38.000	0.500
1111630.000	0.500	0.470	0.047	109.000	38.000	0.500
1111630.000	0.500	0.470	0.047	109.000	38.000	0.500
1111660.000	0.500	0.470	0.047	109.000	38.000	0.500
1111660.000	0.500	0.470	0.047	109.000	38.000	0.500
1111660.000	0.500	0.470	0.047	109.000	38.000	0.500
1111690.000	0.500	0.470	0.062	109.000	38.000	0.500
1111690.000	0.500	0.470	0.062	109.000	38.000	0.500
1111690.000	0.500	0.470	0.062	109.000	38.000	0.500
1111720.000	0.500	0.470	0.047	109.000	38.000	0.500
1111720.000	0.500	0.470	0.047	109.000	38.000	0.500
1111720.000	0.500	0.470	0.047	109.000	38.000	0.500
1111750.000	0.500	0.470	0.047	109.000	38.000	0.500
1111750.000	0.500	0.470	0.047	109.000	38.000	0.500
1111750.000	0.500	0.470	0.047	109.000	38.000	0.500
1111780.000	0.500	0.470	0.047	109.000	38.000	0.500
1111780.000	0.500	0.470	0.047	109.000	38.000	0.500
1111780.000	0.500	0.470	0.047	109.000	38.000	0.500
1111810.000	0.500	0.470	0.047	109.000	38.000	0.500
1111810.000	0.500	0.470	0.047	109.000	38.000	0.500
1111810.000	0.500	0.470	0.047	109.000	38.000	0.500
1111840.000	0.500	0.470	0.062	109.000	38.000	0.500
1111840.000	0.500	0.470	0.062	109.000	38.000	0.500
1111840.000	0.500	0.470	0.062	109.000	38.000	0.500
1111870.000	0.500	0.470	0.047	109.000	38.000	0.500
1111870.000	0.500	0.470	0.047	109.000	38.000	0.500
1111870.000	0.500	0.470	0.047	109.000	38.000	0.500
1111900.000	0.500	0.470	0.047	109.000	38.000	0.500
1111900.000	0.500	0.470	0.047	109.000	38.000	0.500
1111900.000	0.500	0.470	0.047	109.000	38.000	0.500
1111930.000	0.500	0.470	0.047	109.000	38.000	0.500
1111930.000	0.500	0.470	0.047	109.000	38.000	0.500
1111930.000	0.500	0.470	0.047	109.000	38.000	0.500
1111960.000	0.500	0.470	0.062	109.000	38.000	0.500
1111960.000	0.500	0.470	0.062	109.000	38.000	0.500
1111960.000	0.500	0.470	0.062	109.000	38.000	0.500
1111990.000	0.500	0.470	0.062	109.000	38.000	0.500
1111990.000	0.500	0.470	0.062	109.000	38.000	0.500
1111990.000	0.500	0.470	0.062	109.000	38.000	0.500
1112020.000	0.500	0.470	0.047	109.000	38.000	0.500
1112020.000	0.500	0.470	0.047	109.000	38.000	0.500
1112020.000	0.500	0.470	0.047	109.000	38.000	0.500
1112050.000	0.500	0.470	0.047	109.000	38.000	0.500
1112050.000	0.500	0.470	0.047	109.000	38.000	0.500
1112050.000	0.500	0.470	0.047	109.000	38.000	0.500
1112080.000	0.500	0.470	0.047	109.000	38.000	0.500
1112080.000	0.500	0.470	0.047	109.000	38.000	0.500
1112080.000	0.500	0.470	0.047	109.000	38.000	0.500
1112110.000	0.500	0.470	0.062	109.000	38.000	0.500
1112110.000	0.500	0.470	0.062	109.000	38.000	0.500
1112110.000	0.500	0.470	0.062	109.000	38.000	0.500
1112140.000	0.500	0.470	0.062	109.000	38.000	0.500
1112140.000	0.500	0.470	0.062	109.000	38.000	0.500
1112140.000	0.500	0.470	0.062	109.000	38.000	0.500
1112170.000	0.500	0.470	0.047	109.000	38.000	0.500
1112170.000	0.500	0.470	0.047	109.000	38.000	0.500
1112170.000	0.500	0.470	0.047	109.000	38.000	0.500
1112200.000	0.500	0.470	0.047	109.000	38.000	0.500
1112200.000	0.500	0.470	0.047	109.000	38.000	0.500
1112200.000	0.500	0.470	0.047	109.000	38.000	0.500
1112230.000	0.500	0.470	0.047	109.000	38.000	0.500
1112230.000	0.500	0.470	0.047	109.000	38.000	0.500
1112230.000	0.500	0.470	0.047	109.000	38.000	0.500
1112260.000	0.500	0.470	0.062	109.000	38.000	0.500
1112260.000	0.500	0.470	0.062	109.000	38.000	0.500
1112260.000	0.500	0.470	0.062	109.000	38.000	0.500
1112290.000	0.500	0.470	0.062	109.000	38.000	0.500
1112290.000	0.500	0.470	0.062	109.000	38.000	0.500
1112290.000	0.500	0.470	0.062	109.000	38.000	0.500
1112320.000	0.500	0.470	0.062	109.000	38.000	0.500
1112320.000	0.500	0.470	0.062	109.000	38.000	0.500
1112320.000	0.500	0.470	0.062	109.000	38.000	0.500
1112350.000	0.500	0.470	0.047	109.000	38.000	0.500
1112350.000	0.500	0.470	0.047	109.000	38.000	0.500
1112350.000	0.500	0.470	0.047	109.000	38.000	0.500
1112380.000	0.500	0.470	0.047	109.000	38.000	0.500
1112380.000	0.500	0.470	0.047	109.000	38.000	0.500
1112380.000	0.500	0.470	0.047	109.000	38.000	0.500
1112410.000	0.500	0.470	0.047	109.000	38.000	0.500
1112410.000	0.500	0.470	0.047	109.000	38.000	0.500
1112410.000	0.500	0.470	0.047	109.000	38.000	0.500
1112440.000	0.500	0.470	0.062	109.000	38.000	0.500
1112440.000	0.500	0.470	0.062	109.000	38.000	0.500
1112440.000	0.500	0.470	0.062	109.000	38.000	0.500
1112470.000	0.500	0.470	0.062	109.000	38.000	0.500
1112470.000	0.500	0.470	0.062	109.000	38.000	0.500
1112470.000	0.500	0.470	0.062	109.000	38.000	0.500
1112500.000	0.500	0.470	0.062	109.000	38.000	0.500
1112500.000	0.500	0.470	0.062	109.000	38.000	0.500
1112500.000	0.500	0.470	0.062	109.000	38.000	0.500
1112530.000	0.500	0.470	0.047	109.000	38.000	0.500
1112530.000	0.500	0.470	0.047	109.000	38.000	0.500
1112530.000	0.500	0.470	0.047	109.000	38.000	0.500
1112560.000	0.500	0.470	0.047	109.000	38.000	0.500
1112560.000	0.500	0.470	0.047	109.000	38.000	0.500
1112560.000	0.500	0.470	0.047	109.000	38.000	0.500
1112590.000	0.500	0.470	0.062	109.000	38.000	0.500
1112590.000	0.500	0.470	0.062	109.000	38.000	0.500
1112590.000	0.500	0.470	0.062	109.000	38.000	0.500
1112620.000	0.500	0.470	0.047	109.000	38.000	0.500
1112620.000	0.500	0.470	0.047	109.000	38.000	0.500
1112620.000	0.500	0.470	0.047	109.000	38.000	0.500
1112650.000	0.500	0.470	0.062	109.000	38.000	0.500
1112650.000	0.500	0.470	0.062	109.000	38.000	0.500
1112650.000	0.500	0.470	0.062	109.000	38.000	0.500
1112680.000	0.500	0.470	0.062	109.000	38.000	0.500
1112680.000	0.500	0.470	0.062	109.000	38.000	0.500
1112680.000	0.500	0.470	0.062	109.000	38.000	0.500
1112710.000	0.500	0.470	0.062	109.000	38.000	0.500
1112710.000	0.500	0.470	0.062	109.000	38.000	0.500
1112710.000	0.500	0.470	0.062	109.000	38.000	0.500
1112740.000	0.500	0.470	0.047	109.000	38.000	0.500
1112740.000	0.500	0.470	0.047	109.000	38.000	0.500
1112740.000	0.500	0.470	0.047	109.000	38.000	0.500
1112770.000	0.500	0.470	0.062	109.000	38.000	0.500
1112770.000	0.500	0.470	0.062	109.000	38.000	0.500
1112770.000	0.500	0.470	0.062	109.000	38.000	0.500
1112800.000	0.500	0.470	0.047	109.000	38.000	0.500
1112800.000	0.500	0.470	0.047	109.000	38.000	0.500
1112800.000	0.500	0.470	0.047	109.000	38.000	0.500
1112830.000	0.500	0.470	0.062	109.000	38.000	0.500
1112830.000	0.500	0.470	0.062	109.000	38.000	0.500
1112830.000	0.500	0.470	0.062	109.000	38.000	0.500
1112860.000	0.500	0.470	0.047	109.000	38.000	0.500
1112860.000	0.500	0.470	0.047	109.000	38.000	0.500
1112860.000	0.500	0.470	0.047	109.000	38.000	0.500
1112890.000	0.500	0.470	0.047	109.000	38.000	0.500
1112890.000	0.500	0.470	0.047	109.000	38.000	0.500
1112890.000	0.500	0.470	0.047	109.000	38.000	0.500
1112920.000	0.500	0.470	0.047	109.000	38.000	0.500
1112920.000	0.500	0.470	0.047	109.000	38.000	0.500
1112920.000	0.500	0.470	0.047	109.000	38.000	0.500
1112950.000	0.500	0.470	0.062	109.000	38.000	0.500
1112950.000	0.500	0.470	0.062	109.000	38.000	0.500
1112950.000	0.500	0.470	0.062	109.000	38.000	0.500
1112980.000	0.500	0.470	0.062	109.000	38.000	0.500
1112980.000	0.500	0.470	0.062	109.000	38.000	0.500
1112980.000	0.500	0.470	0.062	109.000	38.000	0.500
1113010.000	0.500	0.470	0.078	109.000	38.000	0.500
1113010.000	0.500	0.470	0.078	109.000	38.000	0.500
1113010.000	0.500	0.470	0.078	109.000	38.000	0.500
1113040.000	0.500	0.470	0.078	109.000	38.000	0.500
1113040.000	0.500	0.470	0.078	109.000	38.000	0.500
1113040.000	0.500	0.470	0.078	109.000	38.000	0.500
1113070.000	0.500	0.470	0.062	109.000	38.000	0.500
1113070.000	0.500	0.470	0.062	109.000	38.000	0.500
1113070.000	0.500	0.470	0.062	109.000	38.000	0.500
1113100.000	0.500	0.470	0.062	109.000	38.000	0.500
1113100.000	0.500	0.470	0.062	109.000	38.000	0.500
1113100.000	0.500	0.470	0.062	109.000	38.000	0.500
1113130.000	0.500	0.470	0.062	109.000	38.000	0.500
1113130.000	0.500	0.470	0.062	109.000	38.000	0.500
1113130.000	0.500	0.470	0.062	109.000	38.000	0.500
1113160.000	0.500	0.470	0.047	109.000	38.000	0.500
1113160.000	0.500	0.470	0.047	109.000	38.000	0.500
1113160.000	0.500	0.470	0.047	109.000	38.000	0.500
1113190.000	0.500	0.470	0.047	109.000	38.000	0.500
1113190.000	0.500	0.470	0.047	109.000	38.000	0.500
1113190.000	0.500	0.470	0.047	109.000	38.000	0.500
1113220.000	0.500	0.470	0.047	109.000	38.000	0.500
1113220.000	0.500	0.470	0.047	109.000	38.000	0.500
1113220.000	0.500	0.470	0.047	109.000	38.000	0.500
1113250.000	0.500	0.470	0.047	109.000	38.000	0.500
1113250.000	0.500	0.470	0.047	109.000	38.000	0.500
1113250.000	0.500	0.470	0.047	109.000	38.000	0.500
1113280.000	0.500	0.470	0.047	109.000	38.000	0.500
1113280.000	0.500	0.470	0.047	109.000	38.000	0.500
1113280.000	0.500	0.470	0.047	109.000	38.000	0.500
1113310.000	0.500	0.470	0.047	109.000	38.000	0.500
1113310.000	0.500	0.470	0.047	109.000	38.000	0.500
1113310.000	0.500	0.470	0.047	109.000	38.000	0.500
1113340.000	0.500	0.470	0.047	109.000	38.000	0.500
1113340.000	0.500	0.470	0.047	109.000	38.000	0.500
1113340.000	0.500	0.470	0.047	109.000	38.000	0.500
1113370.000	0.500	0.470	0.047	109.000	38.000	0.500
1113370.000	0.500	0.470	0.047	109.000	38.000	0.500
1113370.000	0.500	0.470	0.047	109.000	38.000	0.500
1113400.000	0.500	0.470	0.062	109.000	38.000	0.500
1113400.000	0.500	0.470	0.062	109.000	38.000	0.500
1113400.000	0.500	0.470	0.062	109.000	38.000	0.500
1113430.000	0.500	0.470	0.062	109.000	38.000	0.500
1113430.000	0.500	0.470	0.062	109.000	38.000	0.500
1113430.000	0.500	0.470	0.062	109.000	38.000	0.500
1113460.000	0.500	0.470	0.062	109.000	38.000	0.500
1113460.000	0.500	0.470	0.062	109.000	38.000	0.500
1113460.000	0.500	0.470	0.062	109.000	38.000	0.500
1113490.000	0.500	0.470	0.062	109.000	38.000	0.500
1113490.000	0.500	0.470	0.062	109.000	38.000	0.500
1113490.000	0.500	0.470	0.062	109.000	38.000	0.500
1113520.000	0.500	0.470	0.062	109.000	38.000	0.500
1113520.000	0.500	0.470	0.062	109.000	38.000	0.500
1113520.000	0.500	0.470	0.062	109.000	38.000	0.500
1113550.000	0.500	0.470	0.062	109.000	38.000	0.500
1113550.000	0.500	0.470	0.062	109.000	38.000	0.500
1113550.000	0.500	0.470	0.062	109.000	38.000	0.500
1113580.000	0.500	0.470	0.062	109.000	38.000	0.500
1113580.000	0.500	0.470	0.062	109.000	38.000	0.500
1113580.000	0.500	0.470	0.062	109.000	38.000	0.500
1113610.000	0.500	0.470	0.062	109.000	38.000	0.500
1113610.000	0.500	0.470	0.062	109.000	38.000	0.500
1113610.000	0.500	0.470	0.062	109.000	38.000	0.500
1113640.000	0.500	0.470	0.062	109.000	38.000	0.500
1113640.000	0.500	0.470	0.062	109.000	38.000	0.500
1113640.000	0.500	0.470	0.062	109.000	38.000	0.500
1113670.000	0.500	0.470	0.062	109.000	38.000	0.500
1113670.000	0.500	0.470	0.062	109.000	38.000	0.500
1113670.000	0.500	0.470	0.062	109.000	38.000	0.500
1113700.000	0.500	0.470	0.062	109.000	38.000	0.500
1113700.000	0.500	0.470	0.062	109.000	38.000	0.500
1113700.000	0.500	0.470	0.062	109.000	38.000	0.500
1113730.000	0.500	0.470	0.062	109.000	38.000	0.500
1113730.000	0.500	0.470	0.062	109.000	38.000	0.500
1113730.000	0.500	0.470	0.062	109.000	38.000	0.500
1113760.000	0.500	0.470	0.062	109.000	38.000	0.500
1113760.000	0.500	0.470	0.062	109.000	38.000	0.500
1113760.000	0.500	0.470	0.062	109.000	38.000	0.500
1113790.000	0.500	0.470	0.062	109.000	38.000	0.500
1113790.000	0.500	0.470	0.062	109.000	38.000	0.500
1113790.000	0.500	0.470	0.062	109.000	38.000	0.500
1113820.000	0.500	0.470	0.047	109.000	38.000	0.500
1113820.000	0.500	0.470	0.047	109.000	38.000	0.500
1113820.000	0.500	0.470	0.047	109.000	38.000	0.500
1113850.000	0.500	0.470	0.047	109.000	38.000	0.500
1113850.000	0.500	0.470	0.047	109.000	38.000	0.500
1113850.000	0.500	0.470	0.047	109.000	38.000	0.500
1113880.000	0.500	0.470	0.047	109.000	38.000	0.500
1113880.000	0.500	0.470	0.047	109.000	38.000	0.500
1113880.000	0.500	0.470	0.047	109.000	38.000	0.500
1113910.000	0.500	0.470	0.047	109.000	38.000	0.500
1113910.000	0.500	0.470	0.047	109.000	38.000	0.500
1113910.000	0.500	0.470	0.047	109.000	38.000	0.500
1113940.000	0.500	0.470	0.047	109.000	38.000	0.500
1113940.000	0.500	0.470	0.047	109.000	38.000	0.500
1113940.000	0.500	0.470	0.047	109.000	38.000	0.500
1113970.000	0.500	0.470	0.047	109.000	38.000	0.500
1113970.000	0.500	0.470	0.047	109.000	38.000	0.500
1113970.000	0.500	0.470	0.047	109.000	38.000	0.500
1114000.000	0.500	0.470	0.047	109.000	38.000	0.500
1114000.000	0.500	0.470	0.047	109.000	38.000	0.500
1114000.000	0.500	0.470	0.047	109.000	38.000	0.500
1114030.000	0.500	0.470	0.047	109.000	38.000	0.500
1114030.000	0.500	0.470	0.047	109.000	38.000	0.500
1114030.000	0.500	0.470	0.047	109.000	38.000	0.500
1114060.000	0.500	0.470	0.047	109.000	38.000	0.500
1114060.000	0.500	0.470	0.047	109.000	38.000	0.500
1114060.000	0.500	0.470	0.047	109.000	38.000	0.500
1114090.000	0.500	0.470	0.047	109.000	38.000	0.500
1114090.000	0.500	0.470	0.047	109.000	38.000	0.500
1114090.000	0.500	0.470	0.047	109.000	38.000	0.500
1114120.000	0.500	0.470	0.047	109.000	38.000	0.500
1114120.000	0.500	0.470	0.047	109.000	38.000	0.500
1114120.000	0.500	0.470	0.047	109.000	38.000	0.500
1114150.000	0.500	0.470	0.047	109.000	38.000	0.500
1114150.000	0.500	0.470	0.047	109.000	38.000	0.500
1114150.000	0.500	0.470	0.047	109.000	38.000	0.500
1114180.000	0.500	0.470	0.047	109.000	38.000	0.500
1114180.000	0.500	0.470	0.047	109.000	38.000	0.500
1114180.000	0.500	0.470	0.047	109.000	38.000	0.500
1114210.000	0.500	0.470	0.047	109.000	38.000	0.500
1114210.000	0.500	0.470	0.047	109.000	38.000	0.500
1114210.000	0.500	0.470	0.047	109.000	38.000	0.500
1114240.000	0.500	0.470	0.047	109.000	38.000	0.500
1114240.000	0.500	0.470	0.047	109.000	38.000	0.500
1114240.000	0.500	0.470	0.047	109.000	38.000	0.500
1114270.000	0.500	0.470	0.062	109.000	38.000	0.500
1114270.000	0.500	0.470	0.062	109.000	38.000	0.500
1114270.000	0.500	0.470	0.062	109.000	38.000	0.500
1114300.000	0.500	0.470	0.047	109.000	38.000	0.500
1114300.000	0.500	0.470	0.047	109.000	38.000	0.500
1114300.000	0.500	0.470	0.047	109.000	38.000	0.500
1114330.000	0.500	0.470	0.062	109.000	38.000	0.500
1114330.000	0.500	0.470	0.062	109.000	38.000	0.500
1114330.000	0.500	0.470	0.062	109.000	38.000	0.500
1114360.000	0.500	0.470	0.062	109.000	38.000	0.500
1114360.000	0.500	0.470	0.062	109.000	38.000	0.500
1114360.000	0.500	0.470	0.062	109.000	38.000	0.500
1114390.000	0.500	0.470	0.062	109.000	38.000	0.500
1114390.000	0.500	0.470	0.062	109.000	38.000	0.500
1114390.000	0.500	0.470	0.062	109.000	38.000	0.500
1114420.000	0.500	0.470	0.062	109.000	38.000	0.500
1114420.000	0.500	0.470	0.062	109.000	38.000	0.500
1114420.000	0.500	0.470	0.062	109.000	38.000	0.500
1114450.000	0.500	0.470	0.062	109.000	38.000	0.500
1114450.000	0.500	0.470	0.062	109.000	38.000	0.500
1114450.000	0.500	0.470	0.062	109.000	38.000	0.500
1114480.000	0.500	0.470	0.062	109.000	38.000	0.500
1114480.000	0.500	0.470	0.062	109.000	38.000	0.500
1114480.000	0.500	0.470	0.062	109.000	38.000	0.500
1114510.000	0.500	0.470	0.062	109.000	38.000	0.500
1114510.000	0.500	0.470	0.062	109.000	38.000	0.500
1114510.000	0.500	0.470	0.062	109.000	38.000	0.500
1114540.000	0.500	0.470	0.000	109.000	38.000	0.500
1114540.000	0.500	0.470	0.000	109.000	38.000	0.500
1114540.000	0.500	0.470	0.000	109.000	38.000	0.500
1114570.000	0.500	0.470	0.000	109.000	38.000	0.500
1114570.000	0.500	0.470	0.000	109.000	38.000	0.500
1114570.000	0.500	0.470	0.000	109.000	38.000	0.500
1114600.000	0.500	0.470	0.000	109.000	38.000	0.500
1114600.000	0.500	0.470	0.000	109.000	38.000	0.500
1114600.000	0.500	0.470	0.000	109.000	38.000	0.500
1114630.000	0.500	0.470	0.000	109.000	38.000	0.500
1114630.000	0.500	0.470	0.000	109.000	38.000	0.500
1114630.000	0.500	0.470	0.000	109.000	38.000	0.500
1114660.000	0.500	0.470	0.000	109.000	38.000	0.500
1114660.000	0.500	0.470	0.000	109.000	38.000	0.500
1114660.000	0.500	0.470	0.000	109.000	38.000	0.500
1114690.000	0.500	0.470	0.000	109.000	38.000	0.500
1114690.000	0.500	0.470	0.000	109.000	38.000	0.500
1114690.000	0.500	0.470	0.000	109.000	38.000	0.500
1114720.000	0.500	0.470	0.000	109.000	38.000	0.500
1114720.000	0.500	0.470	0.000	109.000	38.000	0.500
1114720.000	0.500	0.470	0.000	109.000	38.000	0.500
1114750.000	0.500	0.470	0.000	109.000	38.000	0.500
1114750.000	0.500	0.470	0.000	109.000	38.000	0.500
1114750.000	0.500	0.470	0.000	109.000	38.000	0.500
1114780.000	0.500	0.470	0.000	109.000	38.000	0.500
1114780.000	0.500	0.470	0.000	109.000	38.000	0.500
1114780.000	0.500	0.470	0.000	109.000	38.000	0.500
1114810.000	0.500	0.470	0.000	109.000	38.000	0.500
1114810.000	0.500	0.470	0.000	109.000	38.000	0.500
1114810.000	0.500	0.470	0.000	109.000	38.000	0.500
1114840.000	0.500	0.470	0.000	109.000	38.000	0.500
1114840.000	0.500	0.470	0.000	109.000	38.000	0.500
1114840.000	0.500	0.470	0.000	109.000	38.000	0.500
1114870.000	0.500	0.470	0.000	109.000	38.000	0.500
1114870.000	0.500	0.470	0.000	109.000	38.000	0.500
1114870.000	0.500	0.470	0.000	109.000	38.000	0.500
1114900.000	0.500	0.470	0.000	109.000	38.000	0.500
1114900.000	0.500	0.470	0.000	109.000	38.000	0.500
1114900.000	0.500	0.470	0.000	109.000	38.000	0.500
1114930.000	0.500	0.470	0.000	109.000	38.000	0.500
1114930.000	0.500	0.470	0.000	109.000	38.000	0.500
1114930.000	0.500	0.470	0.000	109.000	38.000	0.500
1114960.000	0.500	0.470	0.000	109.000	38.000	0.500
1114960.000	0.500	0.470	0.000	109.000	38.000	0.500
1114960.000	0.500	0.470	0.000	109.000	38.000	0.500
1114990.000	0.500	0.470	0.000	109.000	38.000	0.500
1114990.000	0.500	0.470	0.000	109.000	38.000	0.500
1114990.000	0.500	0.470	0.000	109.000	38.000	0.500
1115020.000	0.500	0.470	0.000	109.000	38.000	0.500
1115020.000	0.500	0.470	0.000	109.000	38.000	0.500
1115020.000	0.500	0.470	0.000	109.000	38.000	0.500
1115050.000	0.500	0.470	0.000	109.000	38.000	0.500
1115050.000	0.500	0.470	0.000	109.000	38.000	0.500
1115050.000	0.500	0.470	0.000	109.000	38.000	0.500
1115080.000	0.500	0.470	0.000	109.000	38.000	0.500
1115080.000	0.500	0.470	0.000	109.000	38.000	0.500
1115080.000	0.500	0.470	0.000	109.000	38.000	0.500
1115110.000	0.500	0.470	0.000	109.000	38.000	0.500
1115110.000	0.500	0.470	0.000	109.000	38.000	0.500
1115110.000	0.500	0.470	0.000	109.000	38.000	0.500
1115140.000	0.500	0.470	0.000	109.000	38.000	0.500
1115140.000	0.500	0.470	0.000	109.000	38.000	0.500
1115140.000	0.500	0.470	0.000	109.000	38.000	0.500
1115170.000	0.500	0.470	0.000	109.000	38.000	0.500
1115170.000	0.500	0.470	0.000	109.000	38.000	0.500
1115170.000	0.500	0.470	0.000	109.000	38.000	0.500
1115200.000	0.500	0.470	0.000	109.000	38.000	0.500
1115200.000	0.500	0.470	0.000	109.000	38.000	0.500
1115200.000	0.500	0.470	0.000	109.000	38.000	0.500
1115230.000	0.500	0.470	0.000	109.000	38.000	0.500
1115230.000	0.500	0.470	0.000	109.000	38.000	0.500
1115230.000	0.500	0.470	0.000	109.000	38.000	0.500
1115260.000	0.500	0.470	0.000	109.000	38.000	0.500
1115260.000	0.500	0.470	0.000	109.000	38.000	0.500
1115260.000	0.500	0.470	0.000	109.000	38.000	0.500
1115290.000	0.500	0.470	0.000	109.000	38.000	0.500
1115290.000	0.500	0.470	0.000	109.000	38.000	0.500
1115290.000	0.500	0.470	0.000	109.000	38.000	0.500
1115320.000	0.500	0.470	0.000	109.000	38.000	0.500
1115320.000	0.500	0.470	0.000	109.000	38.000	0.500
1115320.000	0.500	0.470	0.000	109.000	38.000	0.500
1115350.000	0.500	0.470	0.000	109.000	38.000	0.500
1115350.000	0.500	0.470	0.000	109.000	38.000	0.500
1115350.000	0.500	0.470	0.000	109.000	38.000	0.500
1115380.000	0.500	0.470	0.000	109.000	38.000	0.500
1115380.000	0.500	0.470	0.000	109.000	38.000	0.500
1115380.000	0.500	0.470	0.000	109.000	38.000	0.500
1115410.000	0.500	0.470	0.000	109.000	38.000	0.500
1115410.000	0.500	0.470	0.000	109.000	38.000	0.500
1115410.000	0.500	0.470	0.000	109.000	38.000	0.500
1115440.000	0.500	0.470	0.000	109.000	38.000	0.500
1115440.000	0.500	0.470	0.000	109.000	38.000	0.500
1115440.000	0.500	0.470	0.000	109.000	38.000	0.500
1115470.000	0.500	0.470	0.000	109.000	38.000	0.500
1115470.000	0.500	0.470	0.000	109.000	38.000	0.500
1115470.000	0.500	0.470	0.000	109.000	38.000	0.500
1115500.000	0.500	0.470	0.000	109.000	38.000	0.500
1115500.000	0.500	0.470	0.000	109.000	38.000	0.500
1115500.000	0.500	0.470	0.000	109.000	38.000	0.500
1115530.000	0.500	0.470	0.000	109.000	38.000	0.500
1115530.000	0.500	0.470	0.000	109.000	38.000	0.500
1115530.000	0.500	0.470	0.000	109.000	38.000	0.500
1115560.000	0.500	0.470	0.000	109.000	38.000	0.500
1115560.000	0.500	0.470	0.000	109.000	38.000	0.500
1115560.000	0.500	0.470	0.000	109.000	38.000	0.500
1115590.000	0.500	0.470	0.000	109.000	38.000	0.500
1115590.000	0.500	0.470	0.000	109.000	38.000	0.500
1115590.000	0.500	0.470	0.000	109.000	38.000	0.500
1115620.000	0.500	0.470	0.000	109.000	38.000	0.500
1115620.000	0.500	0.470	0.000	109.000	38.000	0.500
1115620.000	0.500	0.470	0.000	109.000	38.000	0.500
1115650.000	0.500	0.470	0.000	109.000	38.000	0.500
1115650.000	0.500	0.470	0.000	109.000	38.000	0.500
1115650.000	0.500	0.470	0.000	109.000	38.000	0.500
1115680.000	0.500	0.470	0.000	109.000	38.000	0.500
1115680.000	0.500	0.470	0.000	109.000	38.000	0.500
1115680.000	0.500	0.470	0.000	109.000	38.000	0.500
1115710.000	0.500	0.470	0.000	109.000	38.000	0.500
1115710.000	0.500	0.470	0.000	109.000	38.000	0.500
1115710.000	0.500	0.470	0.000	109.000	38.000	0.500
1115735.000	0.500	0.470	0.000	109.000	38.000	0.500
1115735.000	0.500	0.470	0.000	109.000	38.000	0.500
1115735.000	0.500	0.470	0.000	109.000	38.000	0.500
1115770.000	0.500	0.470	0.000	109.000	38.000	0.500
1115770.000	0.500	0.470	0.000	109.000	38.000	0.500
1115770.000	0.500	0.470	0.000	109.000	38.000	0.500
1115800.000	0.500	0.470	0.000	109.000	38.000	0.500
1115800.000	0.500	0.470	0.000	109.000	38.000	0.500
1115800.000	0.500	0.470	0.000	109.000	38.000	0.500
1115830.000	0.500	0.470	0.000	109.000	38.000	0.500
1115830.000	0.500	0.470	0.000	109.000	38.000	0.500
1115830.000	0.500	0.470	0.000	109.000	38.000	0.500
1115855.000	0.500	0.470	0.000	109.000	38.000	0.500
1115855.000	0.500	0.470	0.000	109.000	38.000	0.500
1115855.000	0.500	0.470	0.000	109.000	38.000	0.500
1115885.000	0.500	0.470	0.000	109.000	38.000	0.500
1115885.000	0.500	0.470	0.000	109.000	38.000	0.500
1115885.000	0.500	0.470	0.000	109.000	38.000	0.500
1115915.000	0.500	0.470	0.000	109.000	38.000	0.500
1115915.000	0.500	0.470	0.000	109.000	38.000	0.500
1115915.000	0.500	0.470	0.000	109.000	38.000	0.500
1115950.000	0.500	0.470	0.000	109.000	38.000	0.500
1115950.000	0.500	0.470	0.000	109.000	38.000	0.500
1115950.000	0.500	0.470	0.000	109.000	38.000	0.500
1115980.000	0.500	0.470	0.000	109.000	38.000	0.500
1115980.000	0.500	0.470	0.000	109.000	38.000	0.500
1115980.000	0.500	0.470	0.000	109.000	38.000	0.500
1116005.000	0.500	0.470	0.000	109.000	38.000	0.500
1116005.000	0.500	0.470	0.000	109.000	38.000	0.500
1116005.000	0.500	0.470	0.000	109.000	38.000	0.500
1116035.000	0.500	0.470	0.000	109.000	38.000	0.500
1116035.000	0.500	0.470	0.000	109.000	38.000	0.500
1116035.000	0.500	0.470	0.000	109.000	38.000	0.500
1116070.000	0.500	0.470	0.000	109.000	38.000	0.500
1116070.000	0.500	0.470	0.000	109.000	38.000	0.500
1116070.000	0.500	0.470	0.000	109.000	38.000	0.500
1116100.000	0.500	0.470	0.000	109.000	38.000	0.500
1116100.000	0.500	0.470	0.000	109.000	38.000	0.500
1116100.000	0.500	0.470	0.000	109.000	38.000	0.500
1116125.000	0.500	0.470	0.000	109.000	38.000	0.500
1116125.000	0.500	0.470	0.000	109.000	38.000	0.500
1116125.000	0.500	0.470	0.000	109.000	38.000	0.500
1116155.000	0.500	0.470	0.000	109.000	38.000	0.500
