%ArduinoTime [ms]	Reference Position [rad]	Measured Position [rad]	Actual Current [A]	Proportional Gain [Kp]	Derivative Gain [Kd]	Integral Gain [Ki]	%3/17/20231:42 PM
0.000	0.000	0.000	0.000	0.000	0.000	0.000
1299490.000	0.000	0.050	0.000	109.000	38.000	100.000
1299520.000	0.000	0.050	0.000	109.000	38.000	100.000
1299520.000	0.000	0.050	0.000	109.000	38.000	100.000
1299520.000	0.000	0.050	0.000	109.000	38.000	100.000
1299550.000	0.000	0.050	0.000	109.000	38.000	100.000
1299550.000	0.000	0.050	0.000	109.000	38.000	100.000
1299550.000	0.000	0.050	0.000	109.000	38.000	100.000
1299580.000	0.000	0.050	0.000	109.000	38.000	100.000
1299580.000	0.000	0.050	0.000	109.000	38.000	100.000
1299580.000	0.000	0.050	0.000	109.000	38.000	100.000
1299610.000	0.000	0.050	0.000	109.000	38.000	100.000
1299610.000	0.000	0.050	0.000	109.000	38.000	100.000
1299610.000	0.000	0.050	0.000	109.000	38.000	100.000
1299640.000	0.000	0.050	0.000	109.000	38.000	100.000
1299640.000	0.000	0.050	0.000	109.000	38.000	100.000
1299640.000	0.000	0.050	0.000	109.000	38.000	100.000
1299670.000	0.000	0.050	0.000	109.000	38.000	100.000
1299670.000	0.000	0.050	0.000	109.000	38.000	100.000
1299670.000	0.000	0.050	0.000	109.000	38.000	100.000
1299700.000	0.000	0.050	0.000	109.000	38.000	100.000
1299700.000	0.000	0.050	0.000	109.000	38.000	100.000
1299700.000	0.000	0.050	0.000	109.000	38.000	100.000
1299730.000	0.000	0.050	0.000	109.000	38.000	100.000
1299730.000	0.000	0.050	0.000	109.000	38.000	100.000
1299730.000	0.000	0.050	0.000	109.000	38.000	100.000
1299760.000	0.000	0.050	0.000	109.000	38.000	100.000
1299760.000	0.000	0.050	0.000	109.000	38.000	100.000
1299760.000	0.000	0.050	0.000	109.000	38.000	100.000
1299790.000	0.000	0.050	0.000	109.000	38.000	100.000
1299790.000	0.000	0.050	0.000	109.000	38.000	100.000
1299790.000	0.000	0.050	0.000	109.000	38.000	100.000
1299820.000	0.000	0.050	0.000	109.000	38.000	100.000
1299820.000	0.000	0.050	0.000	109.000	38.000	100.000
1299820.000	0.000	0.050	0.000	109.000	38.000	100.000
1299850.000	0.000	0.050	0.000	109.000	38.000	100.000
1299850.000	0.000	0.050	0.000	109.000	38.000	100.000
1299850.000	0.000	0.050	0.000	109.000	38.000	100.000
1299880.000	0.000	0.050	0.000	109.000	38.000	100.000
1299880.000	0.000	0.050	0.000	109.000	38.000	100.000
1299880.000	0.000	0.050	0.000	109.000	38.000	100.000
1299910.000	0.000	0.050	0.000	109.000	38.000	100.000
1299910.000	0.000	0.050	0.000	109.000	38.000	100.000
1299910.000	0.000	0.050	0.000	109.000	38.000	100.000
1299940.000	0.000	0.050	0.000	109.000	38.000	100.000
1299940.000	0.000	0.050	0.000	109.000	38.000	100.000
1299940.000	0.000	0.050	0.000	109.000	38.000	100.000
1299970.000	0.000	0.050	0.000	109.000	38.000	100.000
1299970.000	0.000	0.050	0.000	109.000	38.000	100.000
1299970.000	0.000	0.050	0.000	109.000	38.000	100.000
1300000.000	0.500	0.050	1.125	109.000	38.000	100.000
1300000.000	0.500	0.050	1.125	109.000	38.000	100.000
1300000.000	0.500	0.050	1.125	109.000	38.000	100.000
1300030.000	0.500	0.050	0.937	109.000	38.000	100.000
1300030.000	0.500	0.050	0.937	109.000	38.000	100.000
1300030.000	0.500	0.050	0.937	109.000	38.000	100.000
1300060.000	0.500	0.060	0.766	109.000	38.000	100.000
1300060.000	0.500	0.060	0.766	109.000	38.000	100.000
1300060.000	0.500	0.060	0.766	109.000	38.000	100.000
1300090.000	0.500	0.080	0.641	109.000	38.000	100.000
1300090.000	0.500	0.080	0.641	109.000	38.000	100.000
1300090.000	0.500	0.080	0.641	109.000	38.000	100.000
1300120.000	0.500	0.100	0.516	109.000	38.000	100.000
1300120.000	0.500	0.100	0.516	109.000	38.000	100.000
1300120.000	0.500	0.100	0.516	109.000	38.000	100.000
1300150.000	0.500	0.120	0.422	109.000	38.000	100.000
1300150.000	0.500	0.120	0.422	109.000	38.000	100.000
1300150.000	0.500	0.120	0.422	109.000	38.000	100.000
1300180.000	0.500	0.150	0.297	109.000	38.000	100.000
1300180.000	0.500	0.150	0.297	109.000	38.000	100.000
1300180.000	0.500	0.150	0.297	109.000	38.000	100.000
1300210.000	0.500	0.180	0.203	109.000	38.000	100.000
1300210.000	0.500	0.180	0.203	109.000	38.000	100.000
1300210.000	0.500	0.180	0.203	109.000	38.000	100.000
1300240.000	0.500	0.210	0.156	109.000	38.000	100.000
1300240.000	0.500	0.210	0.156	109.000	38.000	100.000
1300240.000	0.500	0.210	0.156	109.000	38.000	100.000
1300270.000	0.500	0.230	0.094	109.000	38.000	100.000
1300270.000	0.500	0.230	0.094	109.000	38.000	100.000
1300270.000	0.500	0.230	0.094	109.000	38.000	100.000
1300300.000	0.500	0.260	0.031	109.000	38.000	100.000
1300300.000	0.500	0.260	0.031	109.000	38.000	100.000
1300300.000	0.500	0.260	0.031	109.000	38.000	100.000
1300330.000	0.500	0.290	0.000	109.000	38.000	100.000
1300330.000	0.500	0.290	0.000	109.000	38.000	100.000
1300330.000	0.500	0.290	0.000	109.000	38.000	100.000
1300360.000	0.500	0.320	-0.047	109.000	38.000	100.000
1300360.000	0.500	0.320	-0.047	109.000	38.000	100.000
1300360.000	0.500	0.320	-0.047	109.000	38.000	100.000
1300390.000	0.500	0.340	-0.078	109.000	38.000	100.000
1300390.000	0.500	0.340	-0.078	109.000	38.000	100.000
1300390.000	0.500	0.340	-0.078	109.000	38.000	100.000
1300420.000	0.500	0.370	-0.078	109.000	38.000	100.000
1300420.000	0.500	0.370	-0.078	109.000	38.000	100.000
1300420.000	0.500	0.370	-0.078	109.000	38.000	100.000
1300450.000	0.500	0.390	-0.109	109.000	38.000	100.000
1300450.000	0.500	0.390	-0.109	109.000	38.000	100.000
1300450.000	0.500	0.390	-0.109	109.000	38.000	100.000
1300480.000	0.500	0.420	-0.141	109.000	38.000	100.000
1300480.000	0.500	0.420	-0.141	109.000	38.000	100.000
1300480.000	0.500	0.420	-0.141	109.000	38.000	100.000
1300510.000	0.500	0.440	-0.125	109.000	38.000	100.000
1300510.000	0.500	0.440	-0.125	109.000	38.000	100.000
1300510.000	0.500	0.440	-0.125	109.000	38.000	100.000
1300540.000	0.500	0.460	-0.125	109.000	38.000	100.000
1300540.000	0.500	0.460	-0.125	109.000	38.000	100.000
1300540.000	0.500	0.460	-0.125	109.000	38.000	100.000
1300570.000	0.500	0.480	-0.141	109.000	38.000	100.000
1300570.000	0.500	0.480	-0.141	109.000	38.000	100.000
1300570.000	0.500	0.480	-0.141	109.000	38.000	100.000
1300600.000	0.500	0.490	-0.141	109.000	38.000	100.000
1300600.000	0.500	0.490	-0.141	109.000	38.000	100.000
1300600.000	0.500	0.490	-0.141	109.000	38.000	100.000
1300630.000	0.500	0.510	-0.141	109.000	38.000	100.000
1300630.000	0.500	0.510	-0.141	109.000	38.000	100.000
1300630.000	0.500	0.510	-0.141	109.000	38.000	100.000
1300660.000	0.500	0.520	-0.125	109.000	38.000	100.000
1300660.000	0.500	0.520	-0.125	109.000	38.000	100.000
1300660.000	0.500	0.520	-0.125	109.000	38.000	100.000
1300690.000	0.500	0.540	-0.125	109.000	38.000	100.000
1300690.000	0.500	0.540	-0.125	109.000	38.000	100.000
1300690.000	0.500	0.540	-0.125	109.000	38.000	100.000
1300720.000	0.500	0.550	-0.109	109.000	38.000	100.000
1300720.000	0.500	0.550	-0.109	109.000	38.000	100.000
1300720.000	0.500	0.550	-0.109	109.000	38.000	100.000
1300750.000	0.500	0.560	-0.109	109.000	38.000	100.000
1300750.000	0.500	0.560	-0.109	109.000	38.000	100.000
1300750.000	0.500	0.560	-0.109	109.000	38.000	100.000
1300780.000	0.500	0.570	-0.094	109.000	38.000	100.000
1300780.000	0.500	0.570	-0.094	109.000	38.000	100.000
1300780.000	0.500	0.570	-0.094	109.000	38.000	100.000
1300810.000	0.500	0.570	-0.078	109.000	38.000	100.000
1300810.000	0.500	0.570	-0.078	109.000	38.000	100.000
1300810.000	0.500	0.570	-0.078	109.000	38.000	100.000
1300840.000	0.500	0.580	-0.062	109.000	38.000	100.000
1300840.000	0.500	0.580	-0.062	109.000	38.000	100.000
1300840.000	0.500	0.580	-0.062	109.000	38.000	100.000
1300870.000	0.500	0.590	-0.062	109.000	38.000	100.000
1300870.000	0.500	0.590	-0.062	109.000	38.000	100.000
1300870.000	0.500	0.590	-0.062	109.000	38.000	100.000
1300900.000	0.500	0.590	-0.062	109.000	38.000	100.000
1300900.000	0.500	0.590	-0.062	109.000	38.000	100.000
1300900.000	0.500	0.590	-0.062	109.000	38.000	100.000
1300930.000	0.500	0.590	-0.062	109.000	38.000	100.000
1300930.000	0.500	0.590	-0.062	109.000	38.000	100.000
1300930.000	0.500	0.590	-0.062	109.000	38.000	100.000
1300960.000	0.500	0.600	-0.062	109.000	38.000	100.000
1300960.000	0.500	0.600	-0.062	109.000	38.000	100.000
1300960.000	0.500	0.600	-0.062	109.000	38.000	100.000
1300990.000	0.500	0.600	-0.047	109.000	38.000	100.000
1300990.000	0.500	0.600	-0.047	109.000	38.000	100.000
1300990.000	0.500	0.600	-0.047	109.000	38.000	100.000
1301020.000	0.500	0.600	-0.047	109.000	38.000	100.000
1301020.000	0.500	0.600	-0.047	109.000	38.000	100.000
1301020.000	0.500	0.600	-0.047	109.000	38.000	100.000
1301050.000	0.500	0.600	-0.031	109.000	38.000	100.000
1301050.000	0.500	0.600	-0.031	109.000	38.000	100.000
1301050.000	0.500	0.600	-0.031	109.000	38.000	100.000
1301080.000	0.500	0.610	-0.031	109.000	38.000	100.000
1301080.000	0.500	0.610	-0.031	109.000	38.000	100.000
1301080.000	0.500	0.610	-0.031	109.000	38.000	100.000
1301110.000	0.500	0.610	-0.031	109.000	38.000	100.000
1301110.000	0.500	0.610	-0.031	109.000	38.000	100.000
1301110.000	0.500	0.610	-0.031	109.000	38.000	100.000
1301140.000	0.500	0.610	-0.016	109.000	38.000	100.000
1301140.000	0.500	0.610	-0.016	109.000	38.000	100.000
1301140.000	0.500	0.610	-0.016	109.000	38.000	100.000
1301170.000	0.500	0.600	-0.016	109.000	38.000	100.000
1301170.000	0.500	0.600	-0.016	109.000	38.000	100.000
1301170.000	0.500	0.600	-0.016	109.000	38.000	100.000
1301200.000	0.500	0.600	-0.016	109.000	38.000	100.000
1301200.000	0.500	0.600	-0.016	109.000	38.000	100.000
1301200.000	0.500	0.600	-0.016	109.000	38.000	100.000
1301230.000	0.500	0.600	-0.016	109.000	38.000	100.000
1301230.000	0.500	0.600	-0.016	109.000	38.000	100.000
1301230.000	0.500	0.600	-0.016	109.000	38.000	100.000
1301260.000	0.500	0.600	-0.016	109.000	38.000	100.000
1301260.000	0.500	0.600	-0.016	109.000	38.000	100.000
1301260.000	0.500	0.600	-0.016	109.000	38.000	100.000
1301290.000	0.500	0.600	0.000	109.000	38.000	100.000
1301290.000	0.500	0.600	0.000	109.000	38.000	100.000
1301290.000	0.500	0.600	0.000	109.000	38.000	100.000
1301320.000	0.500	0.600	-0.016	109.000	38.000	100.000
1301320.000	0.500	0.600	-0.016	109.000	38.000	100.000
1301320.000	0.500	0.600	-0.016	109.000	38.000	100.000
1301350.000	0.500	0.600	-0.016	109.000	38.000	100.000
1301350.000	0.500	0.600	-0.016	109.000	38.000	100.000
1301350.000	0.500	0.600	-0.016	109.000	38.000	100.000
1301380.000	0.500	0.590	-0.016	109.000	38.000	100.000
1301380.000	0.500	0.590	-0.016	109.000	38.000	100.000
1301380.000	0.500	0.590	-0.016	109.000	38.000	100.000
1301410.000	0.500	0.590	-0.016	109.000	38.000	100.000
1301410.000	0.500	0.590	-0.016	109.000	38.000	100.000
1301410.000	0.500	0.590	-0.016	109.000	38.000	100.000
1301440.000	0.500	0.590	-0.016	109.000	38.000	100.000
1301440.000	0.500	0.590	-0.016	109.000	38.000	100.000
1301440.000	0.500	0.590	-0.016	109.000	38.000	100.000
1301470.000	0.500	0.590	-0.031	109.000	38.000	100.000
1301470.000	0.500	0.590	-0.031	109.000	38.000	100.000
1301470.000	0.500	0.590	-0.031	109.000	38.000	100.000
1301500.000	0.500	0.590	-0.047	109.000	38.000	100.000
1301500.000	0.500	0.590	-0.047	109.000	38.000	100.000
1301500.000	0.500	0.590	-0.047	109.000	38.000	100.000
1301530.000	0.500	0.590	-0.062	109.000	38.000	100.000
1301530.000	0.500	0.590	-0.062	109.000	38.000	100.000
1301530.000	0.500	0.590	-0.062	109.000	38.000	100.000
1301560.000	0.500	0.590	-0.078	109.000	38.000	100.000
1301560.000	0.500	0.590	-0.078	109.000	38.000	100.000
1301560.000	0.500	0.590	-0.078	109.000	38.000	100.000
1301590.000	0.500	0.590	-0.094	109.000	38.000	100.000
1301590.000	0.500	0.590	-0.094	109.000	38.000	100.000
1301590.000	0.500	0.590	-0.094	109.000	38.000	100.000
1301620.000	0.500	0.590	-0.094	109.000	38.000	100.000
1301620.000	0.500	0.590	-0.094	109.000	38.000	100.000
1301620.000	0.500	0.590	-0.094	109.000	38.000	100.000
1301650.000	0.500	0.590	-0.109	109.000	38.000	100.000
1301650.000	0.500	0.590	-0.109	109.000	38.000	100.000
1301650.000	0.500	0.590	-0.109	109.000	38.000	100.000
1301680.000	0.500	0.590	-0.109	109.000	38.000	100.000
1301680.000	0.500	0.590	-0.109	109.000	38.000	100.000
1301680.000	0.500	0.590	-0.109	109.000	38.000	100.000
1301710.000	0.500	0.590	-0.125	109.000	38.000	100.000
1301710.000	0.500	0.590	-0.125	109.000	38.000	100.000
1301710.000	0.500	0.590	-0.125	109.000	38.000	100.000
1301740.000	0.500	0.590	-0.125	109.000	38.000	100.000
1301740.000	0.500	0.590	-0.125	109.000	38.000	100.000
1301740.000	0.500	0.590	-0.125	109.000	38.000	100.000
1301770.000	0.500	0.590	-0.125	109.000	38.000	100.000
1301770.000	0.500	0.590	-0.125	109.000	38.000	100.000
1301770.000	0.500	0.590	-0.125	109.000	38.000	100.000
1301800.000	0.500	0.590	-0.125	109.000	38.000	100.000
1301800.000	0.500	0.590	-0.125	109.000	38.000	100.000
1301800.000	0.500	0.590	-0.125	109.000	38.000	100.000
1301830.000	0.500	0.590	-0.125	109.000	38.000	100.000
1301830.000	0.500	0.590	-0.125	109.000	38.000	100.000
1301830.000	0.500	0.590	-0.125	109.000	38.000	100.000
1301860.000	0.500	0.590	-0.125	109.000	38.000	100.000
1301860.000	0.500	0.590	-0.125	109.000	38.000	100.000
1301860.000	0.500	0.590	-0.125	109.000	38.000	100.000
1301890.000	0.500	0.590	-0.125	109.000	38.000	100.000
1301890.000	0.500	0.590	-0.125	109.000	38.000	100.000
1301890.000	0.500	0.590	-0.125	109.000	38.000	100.000
1301920.000	0.500	0.580	-0.125	109.000	38.000	100.000
1301920.000	0.500	0.580	-0.125	109.000	38.000	100.000
1301920.000	0.500	0.580	-0.125	109.000	38.000	100.000
1301950.000	0.500	0.580	-0.125	109.000	38.000	100.000
1301950.000	0.500	0.580	-0.125	109.000	38.000	100.000
1301950.000	0.500	0.580	-0.125	109.000	38.000	100.000
1301980.000	0.500	0.580	-0.125	109.000	38.000	100.000
1301980.000	0.500	0.580	-0.125	109.000	38.000	100.000
1301980.000	0.500	0.580	-0.125	109.000	38.000	100.000
1302010.000	0.500	0.580	-0.125	109.000	38.000	100.000
1302010.000	0.500	0.580	-0.125	109.000	38.000	100.000
1302010.000	0.500	0.580	-0.125	109.000	38.000	100.000
1302040.000	0.500	0.580	-0.125	109.000	38.000	100.000
1302040.000	0.500	0.580	-0.125	109.000	38.000	100.000
1302040.000	0.500	0.580	-0.125	109.000	38.000	100.000
1302070.000	0.500	0.580	-0.125	109.000	38.000	100.000
1302070.000	0.500	0.580	-0.125	109.000	38.000	100.000
1302070.000	0.500	0.580	-0.125	109.000	38.000	100.000
1302100.000	0.500	0.580	-0.125	109.000	38.000	100.000
1302100.000	0.500	0.580	-0.125	109.000	38.000	100.000
1302100.000	0.500	0.580	-0.125	109.000	38.000	100.000
1302130.000	0.500	0.580	-0.125	109.000	38.000	100.000
1302130.000	0.500	0.580	-0.125	109.000	38.000	100.000
1302130.000	0.500	0.580	-0.125	109.000	38.000	100.000
1302160.000	0.500	0.570	-0.125	109.000	38.000	100.000
1302160.000	0.500	0.570	-0.125	109.000	38.000	100.000
1302160.000	0.500	0.570	-0.125	109.000	38.000	100.000
1302190.000	0.500	0.570	-0.109	109.000	38.000	100.000
1302190.000	0.500	0.570	-0.109	109.000	38.000	100.000
1302190.000	0.500	0.570	-0.109	109.000	38.000	100.000
1302220.000	0.500	0.570	-0.109	109.000	38.000	100.000
1302220.000	0.500	0.570	-0.109	109.000	38.000	100.000
1302220.000	0.500	0.570	-0.109	109.000	38.000	100.000
1302250.000	0.500	0.570	-0.109	109.000	38.000	100.000
1302250.000	0.500	0.570	-0.109	109.000	38.000	100.000
1302250.000	0.500	0.570	-0.109	109.000	38.000	100.000
1302280.000	0.500	0.560	-0.094	109.000	38.000	100.000
1302280.000	0.500	0.560	-0.094	109.000	38.000	100.000
1302280.000	0.500	0.560	-0.094	109.000	38.000	100.000
1302310.000	0.500	0.560	-0.094	109.000	38.000	100.000
1302310.000	0.500	0.560	-0.094	109.000	38.000	100.000
1302310.000	0.500	0.560	-0.094	109.000	38.000	100.000
1302340.000	0.500	0.560	-0.094	109.000	38.000	100.000
1302340.000	0.500	0.560	-0.094	109.000	38.000	100.000
1302340.000	0.500	0.560	-0.094	109.000	38.000	100.000
1302370.000	0.500	0.560	-0.094	109.000	38.000	100.000
1302370.000	0.500	0.560	-0.094	109.000	38.000	100.000
1302370.000	0.500	0.560	-0.094	109.000	38.000	100.000
1302400.000	0.500	0.550	-0.094	109.000	38.000	100.000
1302400.000	0.500	0.550	-0.094	109.000	38.000	100.000
1302400.000	0.500	0.550	-0.094	109.000	38.000	100.000
1302430.000	0.500	0.550	-0.078	109.000	38.000	100.000
1302430.000	0.500	0.550	-0.078	109.000	38.000	100.000
1302430.000	0.500	0.550	-0.078	109.000	38.000	100.000
1302460.000	0.500	0.550	-0.078	109.000	38.000	100.000
1302460.000	0.500	0.550	-0.078	109.000	38.000	100.000
1302460.000	0.500	0.550	-0.078	109.000	38.000	100.000
1302490.000	0.500	0.550	-0.078	109.000	38.000	100.000
1302490.000	0.500	0.550	-0.078	109.000	38.000	100.000
1302490.000	0.500	0.550	-0.078	109.000	38.000	100.000
1302520.000	0.500	0.540	-0.062	109.000	38.000	100.000
1302520.000	0.500	0.540	-0.062	109.000	38.000	100.000
1302520.000	0.500	0.540	-0.062	109.000	38.000	100.000
1302550.000	0.500	0.540	-0.062	109.000	38.000	100.000
1302550.000	0.500	0.540	-0.062	109.000	38.000	100.000
1302550.000	0.500	0.540	-0.062	109.000	38.000	100.000
1302580.000	0.500	0.540	-0.062	109.000	38.000	100.000
1302580.000	0.500	0.540	-0.062	109.000	38.000	100.000
1302580.000	0.500	0.540	-0.062	109.000	38.000	100.000
1302610.000	0.500	0.540	-0.062	109.000	38.000	100.000
1302610.000	0.500	0.540	-0.062	109.000	38.000	100.000
1302610.000	0.500	0.540	-0.062	109.000	38.000	100.000
1302640.000	0.500	0.530	-0.062	109.000	38.000	100.000
1302640.000	0.500	0.530	-0.062	109.000	38.000	100.000
1302640.000	0.500	0.530	-0.062	109.000	38.000	100.000
1302670.000	0.500	0.530	-0.062	109.000	38.000	100.000
1302670.000	0.500	0.530	-0.062	109.000	38.000	100.000
1302670.000	0.500	0.530	-0.062	109.000	38.000	100.000
1302700.000	0.500	0.530	-0.062	109.000	38.000	100.000
1302700.000	0.500	0.530	-0.062	109.000	38.000	100.000
1302700.000	0.500	0.530	-0.062	109.000	38.000	100.000
1302730.000	0.500	0.530	-0.062	109.000	38.000	100.000
1302730.000	0.500	0.530	-0.062	109.000	38.000	100.000
1302730.000	0.500	0.530	-0.062	109.000	38.000	100.000
1302760.000	0.500	0.520	-0.078	109.000	38.000	100.000
1302760.000	0.500	0.520	-0.078	109.000	38.000	100.000
1302760.000	0.500	0.520	-0.078	109.000	38.000	100.000
1302790.000	0.500	0.520	-0.078	109.000	38.000	100.000
1302790.000	0.500	0.520	-0.078	109.000	38.000	100.000
1302790.000	0.500	0.520	-0.078	109.000	38.000	100.000
1302820.000	0.500	0.520	-0.078	109.000	38.000	100.000
1302820.000	0.500	0.520	-0.078	109.000	38.000	100.000
1302820.000	0.500	0.520	-0.078	109.000	38.000	100.000
1302850.000	0.500	0.520	-0.078	109.000	38.000	100.000
1302850.000	0.500	0.520	-0.078	109.000	38.000	100.000
1302850.000	0.500	0.520	-0.078	109.000	38.000	100.000
1302880.000	0.500	0.520	-0.078	109.000	38.000	100.000
1302880.000	0.500	0.520	-0.078	109.000	38.000	100.000
1302880.000	0.500	0.520	-0.078	109.000	38.000	100.000
1302910.000	0.500	0.520	-0.078	109.000	38.000	100.000
1302910.000	0.500	0.520	-0.078	109.000	38.000	100.000
1302910.000	0.500	0.520	-0.078	109.000	38.000	100.000
1302940.000	0.500	0.520	-0.078	109.000	38.000	100.000
1302940.000	0.500	0.520	-0.078	109.000	38.000	100.000
1302940.000	0.500	0.520	-0.078	109.000	38.000	100.000
1302970.000	0.500	0.510	-0.094	109.000	38.000	100.000
1302970.000	0.500	0.510	-0.094	109.000	38.000	100.000
1302970.000	0.500	0.510	-0.094	109.000	38.000	100.000
1303000.000	0.500	0.510	-0.094	109.000	38.000	100.000
1303000.000	0.500	0.510	-0.094	109.000	38.000	100.000
1303000.000	0.500	0.510	-0.094	109.000	38.000	100.000
1303030.000	0.500	0.510	-0.094	109.000	38.000	100.000
1303030.000	0.500	0.510	-0.094	109.000	38.000	100.000
1303030.000	0.500	0.510	-0.094	109.000	38.000	100.000
1303060.000	0.500	0.510	-0.094	109.000	38.000	100.000
1303060.000	0.500	0.510	-0.094	109.000	38.000	100.000
1303060.000	0.500	0.510	-0.094	109.000	38.000	100.000
1303090.000	0.500	0.510	-0.094	109.000	38.000	100.000
1303090.000	0.500	0.510	-0.094	109.000	38.000	100.000
1303090.000	0.500	0.510	-0.094	109.000	38.000	100.000
1303120.000	0.500	0.510	-0.094	109.000	38.000	100.000
1303120.000	0.500	0.510	-0.094	109.000	38.000	100.000
1303120.000	0.500	0.510	-0.094	109.000	38.000	100.000
1303150.000	0.500	0.510	-0.109	109.000	38.000	100.000
1303150.000	0.500	0.510	-0.109	109.000	38.000	100.000
1303150.000	0.500	0.510	-0.109	109.000	38.000	100.000
1303180.000	0.500	0.510	-0.109	109.000	38.000	100.000
1303180.000	0.500	0.510	-0.109	109.000	38.000	100.000
1303180.000	0.500	0.510	-0.109	109.000	38.000	100.000
1303210.000	0.500	0.510	-0.094	109.000	38.000	100.000
1303210.000	0.500	0.510	-0.094	109.000	38.000	100.000
1303210.000	0.500	0.510	-0.094	109.000	38.000	100.000
1303240.000	0.500	0.510	-0.109	109.000	38.000	100.000
1303240.000	0.500	0.510	-0.109	109.000	38.000	100.000
1303240.000	0.500	0.510	-0.109	109.000	38.000	100.000
1303270.000	0.500	0.510	-0.109	109.000	38.000	100.000
1303270.000	0.500	0.510	-0.109	109.000	38.000	100.000
1303270.000	0.500	0.510	-0.109	109.000	38.000	100.000
1303300.000	0.500	0.510	-0.109	109.000	38.000	100.000
1303300.000	0.500	0.510	-0.109	109.000	38.000	100.000
1303300.000	0.500	0.510	-0.109	109.000	38.000	100.000
1303330.000	0.500	0.510	-0.109	109.000	38.000	100.000
1303330.000	0.500	0.510	-0.109	109.000	38.000	100.000
1303330.000	0.500	0.510	-0.109	109.000	38.000	100.000
1303360.000	0.500	0.510	-0.109	109.000	38.000	100.000
1303360.000	0.500	0.510	-0.109	109.000	38.000	100.000
1303360.000	0.500	0.510	-0.109	109.000	38.000	100.000
1303390.000	0.500	0.510	-0.109	109.000	38.000	100.000
1303390.000	0.500	0.510	-0.109	109.000	38.000	100.000
1303390.000	0.500	0.510	-0.109	109.000	38.000	100.000
1303420.000	0.500	0.510	-0.109	109.000	38.000	100.000
1303420.000	0.500	0.510	-0.109	109.000	38.000	100.000
1303420.000	0.500	0.510	-0.109	109.000	38.000	100.000
1303450.000	0.500	0.510	-0.125	109.000	38.000	100.000
1303450.000	0.500	0.510	-0.125	109.000	38.000	100.000
1303450.000	0.500	0.510	-0.125	109.000	38.000	100.000
1303480.000	0.500	0.510	-0.109	109.000	38.000	100.000
1303480.000	0.500	0.510	-0.109	109.000	38.000	100.000
1303480.000	0.500	0.510	-0.109	109.000	38.000	100.000
1303510.000	0.500	0.510	-0.109	109.000	38.000	100.000
1303510.000	0.500	0.510	-0.109	109.000	38.000	100.000
1303510.000	0.500	0.510	-0.109	109.000	38.000	100.000
1303540.000	0.500	0.510	-0.109	109.000	38.000	100.000
1303540.000	0.500	0.510	-0.109	109.000	38.000	100.000
1303540.000	0.500	0.510	-0.109	109.000	38.000	100.000
1303570.000	0.500	0.510	-0.125	109.000	38.000	100.000
1303570.000	0.500	0.510	-0.125	109.000	38.000	100.000
1303570.000	0.500	0.510	-0.125	109.000	38.000	100.000
1303600.000	0.500	0.510	-0.125	109.000	38.000	100.000
1303600.000	0.500	0.510	-0.125	109.000	38.000	100.000
1303600.000	0.500	0.510	-0.125	109.000	38.000	100.000
1303630.000	0.500	0.510	-0.109	109.000	38.000	100.000
1303630.000	0.500	0.510	-0.109	109.000	38.000	100.000
1303630.000	0.500	0.510	-0.109	109.000	38.000	100.000
1303660.000	0.500	0.510	-0.109	109.000	38.000	100.000
1303660.000	0.500	0.510	-0.109	109.000	38.000	100.000
1303660.000	0.500	0.510	-0.109	109.000	38.000	100.000
1303690.000	0.500	0.510	-0.125	109.000	38.000	100.000
1303690.000	0.500	0.510	-0.125	109.000	38.000	100.000
1303690.000	0.500	0.510	-0.125	109.000	38.000	100.000
1303720.000	0.500	0.510	-0.125	109.000	38.000	100.000
1303720.000	0.500	0.510	-0.125	109.000	38.000	100.000
1303720.000	0.500	0.510	-0.125	109.000	38.000	100.000
1303750.000	0.500	0.510	-0.109	109.000	38.000	100.000
1303750.000	0.500	0.510	-0.109	109.000	38.000	100.000
1303750.000	0.500	0.510	-0.109	109.000	38.000	100.000
1303780.000	0.500	0.510	-0.109	109.000	38.000	100.000
1303780.000	0.500	0.510	-0.109	109.000	38.000	100.000
1303780.000	0.500	0.510	-0.109	109.000	38.000	100.000
1303810.000	0.500	0.510	-0.125	109.000	38.000	100.000
1303810.000	0.500	0.510	-0.125	109.000	38.000	100.000
1303810.000	0.500	0.510	-0.125	109.000	38.000	100.000
1303840.000	0.500	0.510	-0.125	109.000	38.000	100.000
1303840.000	0.500	0.510	-0.125	109.000	38.000	100.000
1303840.000	0.500	0.510	-0.125	109.000	38.000	100.000
1303870.000	0.500	0.510	-0.109	109.000	38.000	100.000
1303870.000	0.500	0.510	-0.109	109.000	38.000	100.000
1303870.000	0.500	0.510	-0.109	109.000	38.000	100.000
1303900.000	0.500	0.510	-0.109	109.000	38.000	100.000
1303900.000	0.500	0.510	-0.109	109.000	38.000	100.000
1303900.000	0.500	0.510	-0.109	109.000	38.000	100.000
1303930.000	0.500	0.510	-0.125	109.000	38.000	100.000
1303930.000	0.500	0.510	-0.125	109.000	38.000	100.000
1303930.000	0.500	0.510	-0.125	109.000	38.000	100.000
1303960.000	0.500	0.510	-0.125	109.000	38.000	100.000
1303960.000	0.500	0.510	-0.125	109.000	38.000	100.000
1303960.000	0.500	0.510	-0.125	109.000	38.000	100.000
1303990.000	0.500	0.510	-0.109	109.000	38.000	100.000
1303990.000	0.500	0.510	-0.109	109.000	38.000	100.000
1303990.000	0.500	0.510	-0.109	109.000	38.000	100.000
1304020.000	0.500	0.510	-0.125	109.000	38.000	100.000
1304020.000	0.500	0.510	-0.125	109.000	38.000	100.000
1304020.000	0.500	0.510	-0.125	109.000	38.000	100.000
1304050.000	0.500	0.510	-0.125	109.000	38.000	100.000
1304050.000	0.500	0.510	-0.125	109.000	38.000	100.000
1304050.000	0.500	0.510	-0.125	109.000	38.000	100.000
1304080.000	0.500	0.510	-0.125	109.000	38.000	100.000
1304080.000	0.500	0.510	-0.125	109.000	38.000	100.000
1304080.000	0.500	0.510	-0.125	109.000	38.000	100.000
1304110.000	0.500	0.510	-0.125	109.000	38.000	100.000
1304110.000	0.500	0.510	-0.125	109.000	38.000	100.000
1304110.000	0.500	0.510	-0.125	109.000	38.000	100.000
1304140.000	0.500	0.510	-0.125	109.000	38.000	100.000
1304140.000	0.500	0.510	-0.125	109.000	38.000	100.000
1304140.000	0.500	0.510	-0.125	109.000	38.000	100.000
1304170.000	0.500	0.510	-0.125	109.000	38.000	100.000
1304170.000	0.500	0.510	-0.125	109.000	38.000	100.000
1304170.000	0.500	0.510	-0.125	109.000	38.000	100.000
1304200.000	0.500	0.510	-0.125	109.000	38.000	100.000
1304200.000	0.500	0.510	-0.125	109.000	38.000	100.000
1304200.000	0.500	0.510	-0.125	109.000	38.000	100.000
1304230.000	0.500	0.510	-0.125	109.000	38.000	100.000
1304230.000	0.500	0.510	-0.125	109.000	38.000	100.000
1304230.000	0.500	0.510	-0.125	109.000	38.000	100.000
1304260.000	0.500	0.500	-0.125	109.000	38.000	100.000
1304260.000	0.500	0.500	-0.125	109.000	38.000	100.000
1304260.000	0.500	0.500	-0.125	109.000	38.000	100.000
1304290.000	0.500	0.500	-0.125	109.000	38.000	100.000
1304290.000	0.500	0.500	-0.125	109.000	38.000	100.000
1304290.000	0.500	0.500	-0.125	109.000	38.000	100.000
1304320.000	0.500	0.500	-0.125	109.000	38.000	100.000
1304320.000	0.500	0.500	-0.125	109.000	38.000	100.000
1304320.000	0.500	0.500	-0.125	109.000	38.000	100.000
1304350.000	0.500	0.500	-0.125	109.000	38.000	100.000
1304350.000	0.500	0.500	-0.125	109.000	38.000	100.000
1304350.000	0.500	0.500	-0.125	109.000	38.000	100.000
1304380.000	0.500	0.500	-0.125	109.000	38.000	100.000
1304380.000	0.500	0.500	-0.125	109.000	38.000	100.000
1304380.000	0.500	0.500	-0.125	109.000	38.000	100.000
1304410.000	0.500	0.500	-0.141	109.000	38.000	100.000
1304410.000	0.500	0.500	-0.141	109.000	38.000	100.000
1304410.000	0.500	0.500	-0.141	109.000	38.000	100.000
1304440.000	0.500	0.500	-0.125	109.000	38.000	100.000
1304440.000	0.500	0.500	-0.125	109.000	38.000	100.000
1304440.000	0.500	0.500	-0.125	109.000	38.000	100.000
1304470.000	0.500	0.500	-0.125	109.000	38.000	100.000
1304470.000	0.500	0.500	-0.125	109.000	38.000	100.000
1304470.000	0.500	0.500	-0.125	109.000	38.000	100.000
1304500.000	0.500	0.500	-0.125	109.000	38.000	100.000
1304500.000	0.500	0.500	-0.125	109.000	38.000	100.000
1304500.000	0.500	0.500	-0.125	109.000	38.000	100.000
1304530.000	0.500	0.500	-0.125	109.000	38.000	100.000
1304530.000	0.500	0.500	-0.125	109.000	38.000	100.000
1304530.000	0.500	0.500	-0.125	109.000	38.000	100.000
1304560.000	0.500	0.500	-0.125	109.000	38.000	100.000
1304560.000	0.500	0.500	-0.125	109.000	38.000	100.000
1304560.000	0.500	0.500	-0.125	109.000	38.000	100.000
1304590.000	0.500	0.500	-0.125	109.000	38.000	100.000
1304590.000	0.500	0.500	-0.125	109.000	38.000	100.000
1304590.000	0.500	0.500	-0.125	109.000	38.000	100.000
1304620.000	0.500	0.500	-0.125	109.000	38.000	100.000
1304620.000	0.500	0.500	-0.125	109.000	38.000	100.000
1304620.000	0.500	0.500	-0.125	109.000	38.000	100.000
1304650.000	0.500	0.500	-0.141	109.000	38.000	100.000
1304650.000	0.500	0.500	-0.141	109.000	38.000	100.000
1304650.000	0.500	0.500	-0.141	109.000	38.000	100.000
1304680.000	0.500	0.500	-0.125	109.000	38.000	100.000
1304680.000	0.500	0.500	-0.125	109.000	38.000	100.000
1304680.000	0.500	0.500	-0.125	109.000	38.000	100.000
1304710.000	0.500	0.500	-0.125	109.000	38.000	100.000
1304710.000	0.500	0.500	-0.125	109.000	38.000	100.000
1304710.000	0.500	0.500	-0.125	109.000	38.000	100.000
1304740.000	0.500	0.500	-0.125	109.000	38.000	100.000
1304740.000	0.500	0.500	-0.125	109.000	38.000	100.000
1304740.000	0.500	0.500	-0.125	109.000	38.000	100.000
1304770.000	0.500	0.500	-0.125	109.000	38.000	100.000
1304770.000	0.500	0.500	-0.125	109.000	38.000	100.000
1304770.000	0.500	0.500	-0.125	109.000	38.000	100.000
1304800.000	0.500	0.500	-0.141	109.000	38.000	100.000
1304800.000	0.500	0.500	-0.141	109.000	38.000	100.000
1304800.000	0.500	0.500	-0.141	109.000	38.000	100.000
1304830.000	0.500	0.500	-0.125	109.000	38.000	100.000
1304830.000	0.500	0.500	-0.125	109.000	38.000	100.000
1304830.000	0.500	0.500	-0.125	109.000	38.000	100.000
1304860.000	0.500	0.500	-0.141	109.000	38.000	100.000
1304860.000	0.500	0.500	-0.141	109.000	38.000	100.000
1304860.000	0.500	0.500	-0.141	109.000	38.000	100.000
1304890.000	0.500	0.500	-0.125	109.000	38.000	100.000
1304890.000	0.500	0.500	-0.125	109.000	38.000	100.000
1304890.000	0.500	0.500	-0.125	109.000	38.000	100.000
1304920.000	0.500	0.500	-0.125	109.000	38.000	100.000
1304920.000	0.500	0.500	-0.125	109.000	38.000	100.000
1304920.000	0.500	0.500	-0.125	109.000	38.000	100.000
1304950.000	0.500	0.500	-0.125	109.000	38.000	100.000
1304950.000	0.500	0.500	-0.125	109.000	38.000	100.000
1304950.000	0.500	0.500	-0.125	109.000	38.000	100.000
1304980.000	0.500	0.500	-0.125	109.000	38.000	100.000
1304980.000	0.500	0.500	-0.125	109.000	38.000	100.000
1304980.000	0.500	0.500	-0.125	109.000	38.000	100.000
1305010.000	0.500	0.500	-0.141	109.000	38.000	100.000
1305010.000	0.500	0.500	-0.141	109.000	38.000	100.000
1305010.000	0.500	0.500	-0.141	109.000	38.000	100.000
1305040.000	0.500	0.500	-0.125	109.000	38.000	100.000
1305040.000	0.500	0.500	-0.125	109.000	38.000	100.000
1305040.000	0.500	0.500	-0.125	109.000	38.000	100.000
1305070.000	0.500	0.500	-0.141	109.000	38.000	100.000
1305070.000	0.500	0.500	-0.141	109.000	38.000	100.000
1305070.000	0.500	0.500	-0.141	109.000	38.000	100.000
1305100.000	0.500	0.500	-0.125	109.000	38.000	100.000
1305100.000	0.500	0.500	-0.125	109.000	38.000	100.000
1305100.000	0.500	0.500	-0.125	109.000	38.000	100.000
1305130.000	0.500	0.500	-0.141	109.000	38.000	100.000
1305130.000	0.500	0.500	-0.141	109.000	38.000	100.000
1305130.000	0.500	0.500	-0.141	109.000	38.000	100.000
1305160.000	0.500	0.500	-0.125	109.000	38.000	100.000
1305160.000	0.500	0.500	-0.125	109.000	38.000	100.000
1305160.000	0.500	0.500	-0.125	109.000	38.000	100.000
1305190.000	0.500	0.500	-0.141	109.000	38.000	100.000
1305190.000	0.500	0.500	-0.141	109.000	38.000	100.000
1305190.000	0.500	0.500	-0.141	109.000	38.000	100.000
1305220.000	0.500	0.500	-0.125	109.000	38.000	100.000
1305220.000	0.500	0.500	-0.125	109.000	38.000	100.000
1305220.000	0.500	0.500	-0.125	109.000	38.000	100.000
1305250.000	0.500	0.500	-0.141	109.000	38.000	100.000
1305250.000	0.500	0.500	-0.141	109.000	38.000	100.000
1305250.000	0.500	0.500	-0.141	109.000	38.000	100.000
1305280.000	0.500	0.500	-0.125	109.000	38.000	100.000
1305280.000	0.500	0.500	-0.125	109.000	38.000	100.000
1305280.000	0.500	0.500	-0.125	109.000	38.000	100.000
1305310.000	0.500	0.500	-0.125	109.000	38.000	100.000
1305310.000	0.500	0.500	-0.125	109.000	38.000	100.000
1305310.000	0.500	0.500	-0.125	109.000	38.000	100.000
1305340.000	0.500	0.500	-0.141	109.000	38.000	100.000
1305340.000	0.500	0.500	-0.141	109.000	38.000	100.000
1305340.000	0.500	0.500	-0.141	109.000	38.000	100.000
1305370.000	0.500	0.500	-0.125	109.000	38.000	100.000
1305370.000	0.500	0.500	-0.125	109.000	38.000	100.000
1305370.000	0.500	0.500	-0.125	109.000	38.000	100.000
1305400.000	0.500	0.500	-0.141	109.000	38.000	100.000
1305400.000	0.500	0.500	-0.141	109.000	38.000	100.000
1305400.000	0.500	0.500	-0.141	109.000	38.000	100.000
1305430.000	0.500	0.500	-0.141	109.000	38.000	100.000
1305430.000	0.500	0.500	-0.141	109.000	38.000	100.000
1305430.000	0.500	0.500	-0.141	109.000	38.000	100.000
1305460.000	0.500	0.500	-0.141	109.000	38.000	100.000
1305460.000	0.500	0.500	-0.141	109.000	38.000	100.000
1305460.000	0.500	0.500	-0.141	109.000	38.000	100.000
1305490.000	0.500	0.500	-0.141	109.000	38.000	100.000
1305490.000	0.500	0.500	-0.141	109.000	38.000	100.000
1305490.000	0.500	0.500	-0.141	109.000	38.000	100.000
1305520.000	0.500	0.500	-0.141	109.000	38.000	100.000
1305520.000	0.500	0.500	-0.141	109.000	38.000	100.000
1305520.000	0.500	0.500	-0.141	109.000	38.000	100.000
1305550.000	0.500	0.500	-0.141	109.000	38.000	100.000
1305550.000	0.500	0.500	-0.141	109.000	38.000	100.000
1305550.000	0.500	0.500	-0.141	109.000	38.000	100.000
1305580.000	0.500	0.500	-0.125	109.000	38.000	100.000
1305580.000	0.500	0.500	-0.125	109.000	38.000	100.000
1305580.000	0.500	0.500	-0.125	109.000	38.000	100.000
1305610.000	0.500	0.500	-0.141	109.000	38.000	100.000
1305610.000	0.500	0.500	-0.141	109.000	38.000	100.000
1305610.000	0.500	0.500	-0.141	109.000	38.000	100.000
1305640.000	0.500	0.500	-0.125	109.000	38.000	100.000
1305640.000	0.500	0.500	-0.125	109.000	38.000	100.000
1305640.000	0.500	0.500	-0.125	109.000	38.000	100.000
1305670.000	0.500	0.500	-0.156	109.000	38.000	100.000
1305670.000	0.500	0.500	-0.156	109.000	38.000	100.000
1305670.000	0.500	0.500	-0.156	109.000	38.000	100.000
1305700.000	0.500	0.500	-0.125	109.000	38.000	100.000
1305700.000	0.500	0.500	-0.125	109.000	38.000	100.000
1305700.000	0.500	0.500	-0.125	109.000	38.000	100.000
1305730.000	0.500	0.500	-0.156	109.000	38.000	100.000
1305730.000	0.500	0.500	-0.156	109.000	38.000	100.000
1305730.000	0.500	0.500	-0.156	109.000	38.000	100.000
1305760.000	0.500	0.500	-0.125	109.000	38.000	100.000
1305760.000	0.500	0.500	-0.125	109.000	38.000	100.000
1305760.000	0.500	0.500	-0.125	109.000	38.000	100.000
1305790.000	0.500	0.500	-0.141	109.000	38.000	100.000
1305790.000	0.500	0.500	-0.141	109.000	38.000	100.000
1305790.000	0.500	0.500	-0.141	109.000	38.000	100.000
1305820.000	0.500	0.500	-0.141	109.000	38.000	100.000
1305820.000	0.500	0.500	-0.141	109.000	38.000	100.000
1305820.000	0.500	0.500	-0.141	109.000	38.000	100.000
1305850.000	0.500	0.500	-0.141	109.000	38.000	100.000
1305850.000	0.500	0.500	-0.141	109.000	38.000	100.000
1305850.000	0.500	0.500	-0.141	109.000	38.000	100.000
1305880.000	0.500	0.500	-0.156	109.000	38.000	100.000
1305880.000	0.500	0.500	-0.156	109.000	38.000	100.000
1305880.000	0.500	0.500	-0.156	109.000	38.000	100.000
1305910.000	0.500	0.500	-0.125	109.000	38.000	100.000
1305910.000	0.500	0.500	-0.125	109.000	38.000	100.000
1305910.000	0.500	0.500	-0.125	109.000	38.000	100.000
1305940.000	0.500	0.500	-0.156	109.000	38.000	100.000
1305940.000	0.500	0.500	-0.156	109.000	38.000	100.000
1305940.000	0.500	0.500	-0.156	109.000	38.000	100.000
1305970.000	0.500	0.500	-0.141	109.000	38.000	100.000
1305970.000	0.500	0.500	-0.141	109.000	38.000	100.000
1305970.000	0.500	0.500	-0.141	109.000	38.000	100.000
1306000.000	0.500	0.500	-0.141	109.000	38.000	100.000
1306000.000	0.500	0.500	-0.141	109.000	38.000	100.000
1306000.000	0.500	0.500	-0.141	109.000	38.000	100.000
1306030.000	0.500	0.500	-0.156	109.000	38.000	100.000
1306030.000	0.500	0.500	-0.156	109.000	38.000	100.000
1306030.000	0.500	0.500	-0.156	109.000	38.000	100.000
1306060.000	0.500	0.500	-0.125	109.000	38.000	100.000
1306060.000	0.500	0.500	-0.125	109.000	38.000	100.000
1306060.000	0.500	0.500	-0.125	109.000	38.000	100.000
1306090.000	0.500	0.500	-0.156	109.000	38.000	100.000
1306090.000	0.500	0.500	-0.156	109.000	38.000	100.000
1306090.000	0.500	0.500	-0.156	109.000	38.000	100.000
1306120.000	0.500	0.500	-0.141	109.000	38.000	100.000
1306120.000	0.500	0.500	-0.141	109.000	38.000	100.000
1306120.000	0.500	0.500	-0.141	109.000	38.000	100.000
1306150.000	0.500	0.500	-0.141	109.000	38.000	100.000
1306150.000	0.500	0.500	-0.141	109.000	38.000	100.000
1306150.000	0.500	0.500	-0.141	109.000	38.000	100.000
1306180.000	0.500	0.500	-0.156	109.000	38.000	100.000
1306180.000	0.500	0.500	-0.156	109.000	38.000	100.000
1306180.000	0.500	0.500	-0.156	109.000	38.000	100.000
1306210.000	0.500	0.500	-0.125	109.000	38.000	100.000
1306210.000	0.500	0.500	-0.125	109.000	38.000	100.000
1306210.000	0.500	0.500	-0.125	109.000	38.000	100.000
1306240.000	0.500	0.500	-0.141	109.000	38.000	100.000
1306240.000	0.500	0.500	-0.141	109.000	38.000	100.000
1306240.000	0.500	0.500	-0.141	109.000	38.000	100.000
1306270.000	0.500	0.500	-0.141	109.000	38.000	100.000
1306270.000	0.500	0.500	-0.141	109.000	38.000	100.000
1306270.000	0.500	0.500	-0.141	109.000	38.000	100.000
1306300.000	0.500	0.500	-0.125	109.000	38.000	100.000
1306300.000	0.500	0.500	-0.125	109.000	38.000	100.000
1306300.000	0.500	0.500	-0.125	109.000	38.000	100.000
1306330.000	0.500	0.500	-0.156	109.000	38.000	100.000
1306330.000	0.500	0.500	-0.156	109.000	38.000	100.000
1306330.000	0.500	0.500	-0.156	109.000	38.000	100.000
1306360.000	0.500	0.500	-0.141	109.000	38.000	100.000
1306360.000	0.500	0.500	-0.141	109.000	38.000	100.000
1306360.000	0.500	0.500	-0.141	109.000	38.000	100.000
1306390.000	0.500	0.500	-0.125	109.000	38.000	100.000
1306390.000	0.500	0.500	-0.125	109.000	38.000	100.000
1306390.000	0.500	0.500	-0.125	109.000	38.000	100.000
1306420.000	0.500	0.500	-0.156	109.000	38.000	100.000
1306420.000	0.500	0.500	-0.156	109.000	38.000	100.000
1306420.000	0.500	0.500	-0.156	109.000	38.000	100.000
1306450.000	0.500	0.500	-0.141	109.000	38.000	100.000
1306450.000	0.500	0.500	-0.141	109.000	38.000	100.000
1306450.000	0.500	0.500	-0.141	109.000	38.000	100.000
1306480.000	0.500	0.500	-0.125	109.000	38.000	100.000
1306480.000	0.500	0.500	-0.125	109.000	38.000	100.000
1306480.000	0.500	0.500	-0.125	109.000	38.000	100.000
1306510.000	0.500	0.500	-0.156	109.000	38.000	100.000
1306510.000	0.500	0.500	-0.156	109.000	38.000	100.000
1306510.000	0.500	0.500	-0.156	109.000	38.000	100.000
1306540.000	0.500	0.500	-0.156	109.000	38.000	100.000
1306540.000	0.500	0.500	-0.156	109.000	38.000	100.000
1306540.000	0.500	0.500	-0.156	109.000	38.000	100.000
1306570.000	0.500	0.500	-0.125	109.000	38.000	100.000
1306570.000	0.500	0.500	-0.125	109.000	38.000	100.000
1306570.000	0.500	0.500	-0.125	109.000	38.000	100.000
1306600.000	0.500	0.500	-0.156	109.000	38.000	100.000
1306600.000	0.500	0.500	-0.156	109.000	38.000	100.000
1306600.000	0.500	0.500	-0.156	109.000	38.000	100.000
1306630.000	0.500	0.500	-0.156	109.000	38.000	100.000
1306630.000	0.500	0.500	-0.156	109.000	38.000	100.000
1306630.000	0.500	0.500	-0.156	109.000	38.000	100.000
1306660.000	0.500	0.500	-0.125	109.000	38.000	100.000
1306660.000	0.500	0.500	-0.125	109.000	38.000	100.000
1306660.000	0.500	0.500	-0.125	109.000	38.000	100.000
1306690.000	0.500	0.500	-0.141	109.000	38.000	100.000
1306690.000	0.500	0.500	-0.141	109.000	38.000	100.000
1306690.000	0.500	0.500	-0.141	109.000	38.000	100.000
1306720.000	0.500	0.500	-0.156	109.000	38.000	100.000
1306720.000	0.500	0.500	-0.156	109.000	38.000	100.000
1306720.000	0.500	0.500	-0.156	109.000	38.000	100.000
1306750.000	0.500	0.500	-0.141	109.000	38.000	100.000
1306750.000	0.500	0.500	-0.141	109.000	38.000	100.000
1306750.000	0.500	0.500	-0.141	109.000	38.000	100.000
1306780.000	0.500	0.500	-0.125	109.000	38.000	100.000
1306780.000	0.500	0.500	-0.125	109.000	38.000	100.000
1306780.000	0.500	0.500	-0.125	109.000	38.000	100.000
1306810.000	0.500	0.500	-0.156	109.000	38.000	100.000
1306810.000	0.500	0.500	-0.156	109.000	38.000	100.000
1306810.000	0.500	0.500	-0.156	109.000	38.000	100.000
1306840.000	0.500	0.500	-0.156	109.000	38.000	100.000
1306840.000	0.500	0.500	-0.156	109.000	38.000	100.000
1306840.000	0.500	0.500	-0.156	109.000	38.000	100.000
1306870.000	0.500	0.500	-0.125	109.000	38.000	100.000
1306870.000	0.500	0.500	-0.125	109.000	38.000	100.000
1306870.000	0.500	0.500	-0.125	109.000	38.000	100.000
1306900.000	0.500	0.500	-0.141	109.000	38.000	100.000
1306900.000	0.500	0.500	-0.141	109.000	38.000	100.000
1306900.000	0.500	0.500	-0.141	109.000	38.000	100.000
1306930.000	0.500	0.500	-0.156	109.000	38.000	100.000
1306930.000	0.500	0.500	-0.156	109.000	38.000	100.000
1306930.000	0.500	0.500	-0.156	109.000	38.000	100.000
1306960.000	0.500	0.500	-0.156	109.000	38.000	100.000
1306960.000	0.500	0.500	-0.156	109.000	38.000	100.000
1306960.000	0.500	0.500	-0.156	109.000	38.000	100.000
1306990.000	0.500	0.500	-0.125	109.000	38.000	100.000
1306990.000	0.500	0.500	-0.125	109.000	38.000	100.000
1306990.000	0.500	0.500	-0.125	109.000	38.000	100.000
1307020.000	0.500	0.500	-0.141	109.000	38.000	100.000
1307020.000	0.500	0.500	-0.141	109.000	38.000	100.000
1307020.000	0.500	0.500	-0.141	109.000	38.000	100.000
1307050.000	0.500	0.500	-0.172	109.000	38.000	100.000
1307050.000	0.500	0.500	-0.172	109.000	38.000	100.000
1307050.000	0.500	0.500	-0.172	109.000	38.000	100.000
1307080.000	0.500	0.500	-0.156	109.000	38.000	100.000
1307080.000	0.500	0.500	-0.156	109.000	38.000	100.000
1307080.000	0.500	0.500	-0.156	109.000	38.000	100.000
1307110.000	0.500	0.500	-0.125	109.000	38.000	100.000
1307110.000	0.500	0.500	-0.125	109.000	38.000	100.000
1307110.000	0.500	0.500	-0.125	109.000	38.000	100.000
1307140.000	0.500	0.500	-0.109	109.000	38.000	100.000
1307140.000	0.500	0.500	-0.109	109.000	38.000	100.000
1307140.000	0.500	0.500	-0.109	109.000	38.000	100.000
1307170.000	0.500	0.500	-0.172	109.000	38.000	100.000
1307170.000	0.500	0.500	-0.172	109.000	38.000	100.000
1307170.000	0.500	0.500	-0.172	109.000	38.000	100.000
1307200.000	0.500	0.500	-0.172	109.000	38.000	100.000
1307200.000	0.500	0.500	-0.172	109.000	38.000	100.000
1307200.000	0.500	0.500	-0.172	109.000	38.000	100.000
1307230.000	0.500	0.500	-0.125	109.000	38.000	100.000
1307230.000	0.500	0.500	-0.125	109.000	38.000	100.000
1307230.000	0.500	0.500	-0.125	109.000	38.000	100.000
1307260.000	0.500	0.500	-0.109	109.000	38.000	100.000
1307260.000	0.500	0.500	-0.109	109.000	38.000	100.000
1307260.000	0.500	0.500	-0.109	109.000	38.000	100.000
1307290.000	0.500	0.500	-0.141	109.000	38.000	100.000
1307290.000	0.500	0.500	-0.141	109.000	38.000	100.000
1307290.000	0.500	0.500	-0.141	109.000	38.000	100.000
1307320.000	0.500	0.500	-0.187	109.000	38.000	100.000
1307320.000	0.500	0.500	-0.187	109.000	38.000	100.000
1307320.000	0.500	0.500	-0.187	109.000	38.000	100.000
1307350.000	0.500	0.500	-0.141	109.000	38.000	100.000
1307350.000	0.500	0.500	-0.141	109.000	38.000	100.000
1307350.000	0.500	0.500	-0.141	109.000	38.000	100.000
1307380.000	0.500	0.500	-0.094	109.000	38.000	100.000
1307380.000	0.500	0.500	-0.094	109.000	38.000	100.000
1307380.000	0.500	0.500	-0.094	109.000	38.000	100.000
1307410.000	0.500	0.500	-0.125	109.000	38.000	100.000
1307410.000	0.500	0.500	-0.125	109.000	38.000	100.000
1307410.000	0.500	0.500	-0.125	109.000	38.000	100.000
1307440.000	0.500	0.500	-0.156	109.000	38.000	100.000
1307440.000	0.500	0.500	-0.156	109.000	38.000	100.000
1307440.000	0.500	0.500	-0.156	109.000	38.000	100.000
1307470.000	0.500	0.500	-0.187	109.000	38.000	100.000
1307470.000	0.500	0.500	-0.187	109.000	38.000	100.000
1307470.000	0.500	0.500	-0.187	109.000	38.000	100.000
1307500.000	0.500	0.500	-0.156	109.000	38.000	100.000
1307500.000	0.500	0.500	-0.156	109.000	38.000	100.000
1307500.000	0.500	0.500	-0.156	109.000	38.000	100.000
1307530.000	0.500	0.500	-0.109	109.000	38.000	100.000
1307530.000	0.500	0.500	-0.109	109.000	38.000	100.000
1307530.000	0.500	0.500	-0.109	109.000	38.000	100.000
1307560.000	0.500	0.500	-0.125	109.000	38.000	100.000
1307560.000	0.500	0.500	-0.125	109.000	38.000	100.000
1307560.000	0.500	0.500	-0.125	109.000	38.000	100.000
1307590.000	0.500	0.500	-0.141	109.000	38.000	100.000
1307590.000	0.500	0.500	-0.141	109.000	38.000	100.000
1307590.000	0.500	0.500	-0.141	109.000	38.000	100.000
1307620.000	0.500	0.500	-0.156	109.000	38.000	100.000
1307620.000	0.500	0.500	-0.156	109.000	38.000	100.000
1307620.000	0.500	0.500	-0.156	109.000	38.000	100.000
1307650.000	0.500	0.500	-0.156	109.000	38.000	100.000
1307650.000	0.500	0.500	-0.156	109.000	38.000	100.000
1307650.000	0.500	0.500	-0.156	109.000	38.000	100.000
1307680.000	0.500	0.500	-0.156	109.000	38.000	100.000
1307680.000	0.500	0.500	-0.156	109.000	38.000	100.000
1307680.000	0.500	0.500	-0.156	109.000	38.000	100.000
1307710.000	0.500	0.500	-0.141	109.000	38.000	100.000
1307710.000	0.500	0.500	-0.141	109.000	38.000	100.000
1307710.000	0.500	0.500	-0.141	109.000	38.000	100.000
1307740.000	0.500	0.500	-0.125	109.000	38.000	100.000
1307740.000	0.500	0.500	-0.125	109.000	38.000	100.000
1307740.000	0.500	0.500	-0.125	109.000	38.000	100.000
1307770.000	0.500	0.500	-0.109	109.000	38.000	100.000
1307770.000	0.500	0.500	-0.109	109.000	38.000	100.000
1307770.000	0.500	0.500	-0.109	109.000	38.000	100.000
1307800.000	0.500	0.500	-0.125	109.000	38.000	100.000
1307800.000	0.500	0.500	-0.125	109.000	38.000	100.000
1307800.000	0.500	0.500	-0.125	109.000	38.000	100.000
1307830.000	0.500	0.500	-0.156	109.000	38.000	100.000
1307830.000	0.500	0.500	-0.156	109.000	38.000	100.000
1307830.000	0.500	0.500	-0.156	109.000	38.000	100.000
1307860.000	0.500	0.500	-0.172	109.000	38.000	100.000
1307860.000	0.500	0.500	-0.172	109.000	38.000	100.000
1307860.000	0.500	0.500	-0.172	109.000	38.000	100.000
1307890.000	0.500	0.500	-0.172	109.000	38.000	100.000
1307890.000	0.500	0.500	-0.172	109.000	38.000	100.000
1307890.000	0.500	0.500	-0.172	109.000	38.000	100.000
1307920.000	0.500	0.500	-0.125	109.000	38.000	100.000
1307920.000	0.500	0.500	-0.125	109.000	38.000	100.000
1307920.000	0.500	0.500	-0.125	109.000	38.000	100.000
1307950.000	0.500	0.500	-0.109	109.000	38.000	100.000
1307950.000	0.500	0.500	-0.109	109.000	38.000	100.000
1307950.000	0.500	0.500	-0.109	109.000	38.000	100.000
1307980.000	0.500	0.500	-0.109	109.000	38.000	100.000
1307980.000	0.500	0.500	-0.109	109.000	38.000	100.000
1307980.000	0.500	0.500	-0.109	109.000	38.000	100.000
1308010.000	0.500	0.500	-0.125	109.000	38.000	100.000
1308010.000	0.500	0.500	-0.125	109.000	38.000	100.000
1308010.000	0.500	0.500	-0.125	109.000	38.000	100.000
1308040.000	0.500	0.500	-0.141	109.000	38.000	100.000
1308040.000	0.500	0.500	-0.141	109.000	38.000	100.000
1308040.000	0.500	0.500	-0.141	109.000	38.000	100.000
1308070.000	0.500	0.500	-0.156	109.000	38.000	100.000
1308070.000	0.500	0.500	-0.156	109.000	38.000	100.000
1308070.000	0.500	0.500	-0.156	109.000	38.000	100.000
1308100.000	0.500	0.500	-0.172	109.000	38.000	100.000
1308100.000	0.500	0.500	-0.172	109.000	38.000	100.000
1308100.000	0.500	0.500	-0.172	109.000	38.000	100.000
1308130.000	0.500	0.490	-0.172	109.000	38.000	100.000
1308130.000	0.500	0.490	-0.172	109.000	38.000	100.000
1308130.000	0.500	0.490	-0.172	109.000	38.000	100.000
1308160.000	0.500	0.490	-0.156	109.000	38.000	100.000
1308160.000	0.500	0.490	-0.156	109.000	38.000	100.000
1308160.000	0.500	0.490	-0.156	109.000	38.000	100.000
1308190.000	0.500	0.490	-0.141	109.000	38.000	100.000
1308190.000	0.500	0.490	-0.141	109.000	38.000	100.000
1308190.000	0.500	0.490	-0.141	109.000	38.000	100.000
1308220.000	0.500	0.490	-0.125	109.000	38.000	100.000
1308220.000	0.500	0.490	-0.125	109.000	38.000	100.000
1308220.000	0.500	0.490	-0.125	109.000	38.000	100.000
1308250.000	0.500	0.490	-0.109	109.000	38.000	100.000
1308250.000	0.500	0.490	-0.109	109.000	38.000	100.000
1308250.000	0.500	0.490	-0.109	109.000	38.000	100.000
1308280.000	0.500	0.500	-0.125	109.000	38.000	100.000
1308280.000	0.500	0.500	-0.125	109.000	38.000	100.000
1308280.000	0.500	0.500	-0.125	109.000	38.000	100.000
1308310.000	0.500	0.500	-0.141	109.000	38.000	100.000
1308310.000	0.500	0.500	-0.141	109.000	38.000	100.000
1308310.000	0.500	0.500	-0.141	109.000	38.000	100.000
1308340.000	0.500	0.500	-0.141	109.000	38.000	100.000
1308340.000	0.500	0.500	-0.141	109.000	38.000	100.000
1308340.000	0.500	0.500	-0.141	109.000	38.000	100.000
1308370.000	0.500	0.500	-0.156	109.000	38.000	100.000
1308370.000	0.500	0.500	-0.156	109.000	38.000	100.000
1308370.000	0.500	0.500	-0.156	109.000	38.000	100.000
1308400.000	0.500	0.500	-0.156	109.000	38.000	100.000
1308400.000	0.500	0.500	-0.156	109.000	38.000	100.000
1308400.000	0.500	0.500	-0.156	109.000	38.000	100.000
1308430.000	0.500	0.500	-0.156	109.000	38.000	100.000
1308430.000	0.500	0.500	-0.156	109.000	38.000	100.000
1308430.000	0.500	0.500	-0.156	109.000	38.000	100.000
1308460.000	0.500	0.490	-0.156	109.000	38.000	100.000
1308460.000	0.500	0.490	-0.156	109.000	38.000	100.000
1308460.000	0.500	0.490	-0.156	109.000	38.000	100.000
1308490.000	0.500	0.490	-0.141	109.000	38.000	100.000
1308490.000	0.500	0.490	-0.141	109.000	38.000	100.000
1308490.000	0.500	0.490	-0.141	109.000	38.000	100.000
1308520.000	0.500	0.490	-0.141	109.000	38.000	100.000
1308520.000	0.500	0.490	-0.141	109.000	38.000	100.000
1308520.000	0.500	0.490	-0.141	109.000	38.000	100.000
1308550.000	0.500	0.490	-0.141	109.000	38.000	100.000
1308550.000	0.500	0.490	-0.141	109.000	38.000	100.000
1308550.000	0.500	0.490	-0.141	109.000	38.000	100.000
1308580.000	0.500	0.490	-0.141	109.000	38.000	100.000
1308580.000	0.500	0.490	-0.141	109.000	38.000	100.000
1308580.000	0.500	0.490	-0.141	109.000	38.000	100.000
1308610.000	0.500	0.490	-0.141	109.000	38.000	100.000
1308610.000	0.500	0.490	-0.141	109.000	38.000	100.000
1308610.000	0.500	0.490	-0.141	109.000	38.000	100.000
1308640.000	0.500	0.490	-0.141	109.000	38.000	100.000
1308640.000	0.500	0.490	-0.141	109.000	38.000	100.000
1308640.000	0.500	0.490	-0.141	109.000	38.000	100.000
1308670.000	0.500	0.490	-0.141	109.000	38.000	100.000
1308670.000	0.500	0.490	-0.141	109.000	38.000	100.000
1308670.000	0.500	0.490	-0.141	109.000	38.000	100.000
1308700.000	0.500	0.500	-0.141	109.000	38.000	100.000
1308700.000	0.500	0.500	-0.141	109.000	38.000	100.000
1308700.000	0.500	0.500	-0.141	109.000	38.000	100.000
1308730.000	0.500	0.490	-0.141	109.000	38.000	100.000
1308730.000	0.500	0.490	-0.141	109.000	38.000	100.000
1308730.000	0.500	0.490	-0.141	109.000	38.000	100.000
1308760.000	0.500	0.490	-0.141	109.000	38.000	100.000
1308760.000	0.500	0.490	-0.141	109.000	38.000	100.000
1308760.000	0.500	0.490	-0.141	109.000	38.000	100.000
1308790.000	0.500	0.490	-0.125	109.000	38.000	100.000
1308790.000	0.500	0.490	-0.125	109.000	38.000	100.000
1308790.000	0.500	0.490	-0.125	109.000	38.000	100.000
1308820.000	0.500	0.500	-0.125	109.000	38.000	100.000
1308820.000	0.500	0.500	-0.125	109.000	38.000	100.000
1308820.000	0.500	0.500	-0.125	109.000	38.000	100.000
1308850.000	0.500	0.500	-0.125	109.000	38.000	100.000
1308850.000	0.500	0.500	-0.125	109.000	38.000	100.000
1308850.000	0.500	0.500	-0.125	109.000	38.000	100.000
1308880.000	0.500	0.500	-0.125	109.000	38.000	100.000
1308880.000	0.500	0.500	-0.125	109.000	38.000	100.000
1308880.000	0.500	0.500	-0.125	109.000	38.000	100.000
1308910.000	0.500	0.500	-0.125	109.000	38.000	100.000
1308910.000	0.500	0.500	-0.125	109.000	38.000	100.000
1308910.000	0.500	0.500	-0.125	109.000	38.000	100.000
1308940.000	0.500	0.500	-0.125	109.000	38.000	100.000
1308940.000	0.500	0.500	-0.125	109.000	38.000	100.000
1308940.000	0.500	0.500	-0.125	109.000	38.000	100.000
1308970.000	0.500	0.490	-0.141	109.000	38.000	100.000
1308970.000	0.500	0.490	-0.141	109.000	38.000	100.000
1308970.000	0.500	0.490	-0.141	109.000	38.000	100.000
1309000.000	0.500	0.490	-0.141	109.000	38.000	100.000
1309000.000	0.500	0.490	-0.141	109.000	38.000	100.000
1309000.000	0.500	0.490	-0.141	109.000	38.000	100.000
1309030.000	0.500	0.500	-0.141	109.000	38.000	100.000
1309030.000	0.500	0.500	-0.141	109.000	38.000	100.000
1309030.000	0.500	0.500	-0.141	109.000	38.000	100.000
1309060.000	0.500	0.500	-0.141	109.000	38.000	100.000
1309060.000	0.500	0.500	-0.141	109.000	38.000	100.000
1309060.000	0.500	0.500	-0.141	109.000	38.000	100.000
1309090.000	0.500	0.500	-0.141	109.000	38.000	100.000
1309090.000	0.500	0.500	-0.141	109.000	38.000	100.000
1309090.000	0.500	0.500	-0.141	109.000	38.000	100.000
1309120.000	0.500	0.500	-0.141	109.000	38.000	100.000
1309120.000	0.500	0.500	-0.141	109.000	38.000	100.000
1309120.000	0.500	0.500	-0.141	109.000	38.000	100.000
1309150.000	0.500	0.500	-0.141	109.000	38.000	100.000
1309150.000	0.500	0.500	-0.141	109.000	38.000	100.000
1309150.000	0.500	0.500	-0.141	109.000	38.000	100.000
1309180.000	0.500	0.500	-0.156	109.000	38.000	100.000
1309180.000	0.500	0.500	-0.156	109.000	38.000	100.000
1309180.000	0.500	0.500	-0.156	109.000	38.000	100.000
1309210.000	0.500	0.500	-0.141	109.000	38.000	100.000
1309210.000	0.500	0.500	-0.141	109.000	38.000	100.000
1309210.000	0.500	0.500	-0.141	109.000	38.000	100.000
1309240.000	0.500	0.500	-0.156	109.000	38.000	100.000
1309240.000	0.500	0.500	-0.156	109.000	38.000	100.000
1309240.000	0.500	0.500	-0.156	109.000	38.000	100.000
1309270.000	0.500	0.500	-0.156	109.000	38.000	100.000
1309270.000	0.500	0.500	-0.156	109.000	38.000	100.000
1309270.000	0.500	0.500	-0.156	109.000	38.000	100.000
1309300.000	0.500	0.500	-0.156	109.000	38.000	100.000
1309300.000	0.500	0.500	-0.156	109.000	38.000	100.000
1309300.000	0.500	0.500	-0.156	109.000	38.000	100.000
1309330.000	0.500	0.500	-0.156	109.000	38.000	100.000
1309330.000	0.500	0.500	-0.156	109.000	38.000	100.000
1309330.000	0.500	0.500	-0.156	109.000	38.000	100.000
1309360.000	0.500	0.500	-0.141	109.000	38.000	100.000
1309360.000	0.500	0.500	-0.141	109.000	38.000	100.000
1309360.000	0.500	0.500	-0.141	109.000	38.000	100.000
1309390.000	0.500	0.500	-0.141	109.000	38.000	100.000
1309390.000	0.500	0.500	-0.141	109.000	38.000	100.000
1309390.000	0.500	0.500	-0.141	109.000	38.000	100.000
1309420.000	0.500	0.500	-0.141	109.000	38.000	100.000
1309420.000	0.500	0.500	-0.141	109.000	38.000	100.000
1309420.000	0.500	0.500	-0.141	109.000	38.000	100.000
1309450.000	0.500	0.500	-0.125	109.000	38.000	100.000
1309450.000	0.500	0.500	-0.125	109.000	38.000	100.000
1309450.000	0.500	0.500	-0.125	109.000	38.000	100.000
1309480.000	0.500	0.500	-0.125	109.000	38.000	100.000
1309480.000	0.500	0.500	-0.125	109.000	38.000	100.000
1309480.000	0.500	0.500	-0.125	109.000	38.000	100.000
1309510.000	0.500	0.500	-0.141	109.000	38.000	100.000
1309510.000	0.500	0.500	-0.141	109.000	38.000	100.000
1309510.000	0.500	0.500	-0.141	109.000	38.000	100.000
1309540.000	0.500	0.500	-0.141	109.000	38.000	100.000
1309540.000	0.500	0.500	-0.141	109.000	38.000	100.000
1309540.000	0.500	0.500	-0.141	109.000	38.000	100.000
1309570.000	0.500	0.500	-0.156	109.000	38.000	100.000
1309570.000	0.500	0.500	-0.156	109.000	38.000	100.000
1309570.000	0.500	0.500	-0.156	109.000	38.000	100.000
1309600.000	0.500	0.500	-0.156	109.000	38.000	100.000
1309600.000	0.500	0.500	-0.156	109.000	38.000	100.000
1309600.000	0.500	0.500	-0.156	109.000	38.000	100.000
1309630.000	0.500	0.500	-0.156	109.000	38.000	100.000
1309630.000	0.500	0.500	-0.156	109.000	38.000	100.000
1309630.000	0.500	0.500	-0.156	109.000	38.000	100.000
1309660.000	0.500	0.500	-0.156	109.000	38.000	100.000
1309660.000	0.500	0.500	-0.156	109.000	38.000	100.000
1309660.000	0.500	0.500	-0.156	109.000	38.000	100.000
1309690.000	0.500	0.500	-0.141	109.000	38.000	100.000
1309690.000	0.500	0.500	-0.141	109.000	38.000	100.000
1309690.000	0.500	0.500	-0.141	109.000	38.000	100.000
1309720.000	0.500	0.500	-0.125	109.000	38.000	100.000
1309720.000	0.500	0.500	-0.125	109.000	38.000	100.000
1309720.000	0.500	0.500	-0.125	109.000	38.000	100.000
1309750.000	0.500	0.500	-0.141	109.000	38.000	100.000
1309750.000	0.500	0.500	-0.141	109.000	38.000	100.000
1309750.000	0.500	0.500	-0.141	109.000	38.000	100.000
1309780.000	0.500	0.500	-0.125	109.000	38.000	100.000
1309780.000	0.500	0.500	-0.125	109.000	38.000	100.000
1309780.000	0.500	0.500	-0.125	109.000	38.000	100.000
1309810.000	0.500	0.500	-0.141	109.000	38.000	100.000
1309810.000	0.500	0.500	-0.141	109.000	38.000	100.000
1309810.000	0.500	0.500	-0.141	109.000	38.000	100.000
1309840.000	0.500	0.500	-0.156	109.000	38.000	100.000
1309840.000	0.500	0.500	-0.156	109.000	38.000	100.000
1309840.000	0.500	0.500	-0.156	109.000	38.000	100.000
1309870.000	0.500	0.500	-0.156	109.000	38.000	100.000
1309870.000	0.500	0.500	-0.156	109.000	38.000	100.000
1309870.000	0.500	0.500	-0.156	109.000	38.000	100.000
1309900.000	0.500	0.500	-0.141	109.000	38.000	100.000
1309900.000	0.500	0.500	-0.141	109.000	38.000	100.000
1309900.000	0.500	0.500	-0.141	109.000	38.000	100.000
1309930.000	0.500	0.500	-0.141	109.000	38.000	100.000
1309930.000	0.500	0.500	-0.141	109.000	38.000	100.000
1309930.000	0.500	0.500	-0.141	109.000	38.000	100.000
1309960.000	0.500	0.500	-0.141	109.000	38.000	100.000
1309960.000	0.500	0.500	-0.141	109.000	38.000	100.000
1309960.000	0.500	0.500	-0.141	109.000	38.000	100.000
1309990.000	0.000	0.500	-1.297	109.000	38.000	100.000
1309990.000	0.000	0.500	-1.297	109.000	38.000	100.000
1309990.000	0.000	0.500	-1.297	109.000	38.000	100.000
1310020.000	0.000	0.490	-1.125	109.000	38.000	100.000
1310020.000	0.000	0.490	-1.125	109.000	38.000	100.000
1310020.000	0.000	0.490	-1.125	109.000	38.000	100.000
1310050.000	0.000	0.480	-0.953	109.000	38.000	100.000
1310050.000	0.000	0.480	-0.953	109.000	38.000	100.000
1310050.000	0.000	0.480	-0.953	109.000	38.000	100.000
1310080.000	0.000	0.460	-0.766	109.000	38.000	100.000
1310080.000	0.000	0.460	-0.766	109.000	38.000	100.000
1310080.000	0.000	0.460	-0.766	109.000	38.000	100.000
1310110.000	0.000	0.440	-0.656	109.000	38.000	100.000
1310110.000	0.000	0.440	-0.656	109.000	38.000	100.000
1310110.000	0.000	0.440	-0.656	109.000	38.000	100.000
1310140.000	0.000	0.420	-0.453	109.000	38.000	100.000
1310140.000	0.000	0.420	-0.453	109.000	38.000	100.000
1310140.000	0.000	0.420	-0.453	109.000	38.000	100.000
1310170.000	0.000	0.390	-0.406	109.000	38.000	100.000
1310170.000	0.000	0.390	-0.406	109.000	38.000	100.000
1310170.000	0.000	0.390	-0.406	109.000	38.000	100.000
1310200.000	0.000	0.360	-0.312	109.000	38.000	100.000
1310200.000	0.000	0.360	-0.312	109.000	38.000	100.000
1310200.000	0.000	0.360	-0.312	109.000	38.000	100.000
1310230.000	0.000	0.330	-0.250	109.000	38.000	100.000
1310230.000	0.000	0.330	-0.250	109.000	38.000	100.000
1310230.000	0.000	0.330	-0.250	109.000	38.000	100.000
1310260.000	0.000	0.300	-0.125	109.000	38.000	100.000
1310260.000	0.000	0.300	-0.125	109.000	38.000	100.000
1310260.000	0.000	0.300	-0.125	109.000	38.000	100.000
1310290.000	0.000	0.270	-0.109	109.000	38.000	100.000
1310290.000	0.000	0.270	-0.109	109.000	38.000	100.000
1310290.000	0.000	0.270	-0.109	109.000	38.000	100.000
1310320.000	0.000	0.240	-0.031	109.000	38.000	100.000
1310320.000	0.000	0.240	-0.031	109.000	38.000	100.000
1310320.000	0.000	0.240	-0.031	109.000	38.000	100.000
1310350.000	0.000	0.210	-0.016	109.000	38.000	100.000
1310350.000	0.000	0.210	-0.016	109.000	38.000	100.000
1310350.000	0.000	0.210	-0.016	109.000	38.000	100.000
1310380.000	0.000	0.180	0.062	109.000	38.000	100.000
1310380.000	0.000	0.180	0.062	109.000	38.000	100.000
1310380.000	0.000	0.180	0.062	109.000	38.000	100.000
1310410.000	0.000	0.150	0.000	109.000	38.000	100.000
1310410.000	0.000	0.150	0.000	109.000	38.000	100.000
1310410.000	0.000	0.150	0.000	109.000	38.000	100.000
1310440.000	0.000	0.120	0.000	109.000	38.000	100.000
1310440.000	0.000	0.120	0.000	109.000	38.000	100.000
1310440.000	0.000	0.120	0.000	109.000	38.000	100.000
1310470.000	0.000	0.090	0.000	109.000	38.000	100.000
1310470.000	0.000	0.090	0.000	109.000	38.000	100.000
1310470.000	0.000	0.090	0.000	109.000	38.000	100.000
1310500.000	0.000	0.070	0.000	109.000	38.000	100.000
1310500.000	0.000	0.070	0.000	109.000	38.000	100.000
1310500.000	0.000	0.070	0.000	109.000	38.000	100.000
1310530.000	0.000	0.040	0.000	109.000	38.000	100.000
1310530.000	0.000	0.040	0.000	109.000	38.000	100.000
1310530.000	0.000	0.040	0.000	109.000	38.000	100.000
1310560.000	0.000	0.020	0.000	109.000	38.000	100.000
1310560.000	0.000	0.020	0.000	109.000	38.000	100.000
1310560.000	0.000	0.020	0.000	109.000	38.000	100.000
1310590.000	0.000	0.000	0.000	109.000	38.000	100.000
1310590.000	0.000	0.000	0.000	109.000	38.000	100.000
1310590.000	0.000	0.000	0.000	109.000	38.000	100.000
1310620.000	0.000	-0.030	0.000	109.000	38.000	100.000
1310620.000	0.000	-0.030	0.000	109.000	38.000	100.000
1310620.000	0.000	-0.030	0.000	109.000	38.000	100.000
1310650.000	0.000	-0.050	0.000	109.000	38.000	100.000
1310650.000	0.000	-0.050	0.000	109.000	38.000	100.000
1310650.000	0.000	-0.050	0.000	109.000	38.000	100.000
1310680.000	0.000	-0.070	0.000	109.000	38.000	100.000
1310680.000	0.000	-0.070	0.000	109.000	38.000	100.000
1310680.000	0.000	-0.070	0.000	109.000	38.000	100.000
1310710.000	0.000	-0.090	0.000	109.000	38.000	100.000
1310710.000	0.000	-0.090	0.000	109.000	38.000	100.000
1310710.000	0.000	-0.090	0.000	109.000	38.000	100.000
1310740.000	0.000	-0.100	0.000	109.000	38.000	100.000
1310740.000	0.000	-0.100	0.000	109.000	38.000	100.000
1310740.000	0.000	-0.100	0.000	109.000	38.000	100.000
1310770.000	0.000	-0.120	0.000	109.000	38.000	100.000
1310770.000	0.000	-0.120	0.000	109.000	38.000	100.000
1310770.000	0.000	-0.120	0.000	109.000	38.000	100.000
1310800.000	0.000	-0.140	0.000	109.000	38.000	100.000
1310800.000	0.000	-0.140	0.000	109.000	38.000	100.000
1310800.000	0.000	-0.140	0.000	109.000	38.000	100.000
1310830.000	0.000	-0.150	0.000	109.000	38.000	100.000
1310830.000	0.000	-0.150	0.000	109.000	38.000	100.000
1310830.000	0.000	-0.150	0.000	109.000	38.000	100.000
1310860.000	0.000	-0.170	0.000	109.000	38.000	100.000
1310860.000	0.000	-0.170	0.000	109.000	38.000	100.000
1310860.000	0.000	-0.170	0.000	109.000	38.000	100.000
1310890.000	0.000	-0.180	0.000	109.000	38.000	100.000
1310890.000	0.000	-0.180	0.000	109.000	38.000	100.000
1310890.000	0.000	-0.180	0.000	109.000	38.000	100.000
1310920.000	0.000	-0.200	0.000	109.000	38.000	100.000
1310920.000	0.000	-0.200	0.000	109.000	38.000	100.000
1310920.000	0.000	-0.200	0.000	109.000	38.000	100.000
1310950.000	0.000	-0.210	0.000	109.000	38.000	100.000
1310950.000	0.000	-0.210	0.000	109.000	38.000	100.000
1310950.000	0.000	-0.210	0.000	109.000	38.000	100.000
1310980.000	0.000	-0.220	0.000	109.000	38.000	100.000
1310980.000	0.000	-0.220	0.000	109.000	38.000	100.000
1310980.000	0.000	-0.220	0.000	109.000	38.000	100.000
1311010.000	0.000	-0.230	0.000	109.000	38.000	100.000
1311010.000	0.000	-0.230	0.000	109.000	38.000	100.000
1311010.000	0.000	-0.230	0.000	109.000	38.000	100.000
1311040.000	0.000	-0.240	0.000	109.000	38.000	100.000
1311040.000	0.000	-0.240	0.000	109.000	38.000	100.000
1311040.000	0.000	-0.240	0.000	109.000	38.000	100.000
1311070.000	0.000	-0.250	0.000	109.000	38.000	100.000
1311070.000	0.000	-0.250	0.000	109.000	38.000	100.000
1311070.000	0.000	-0.250	0.000	109.000	38.000	100.000
1311100.000	0.000	-0.260	0.000	109.000	38.000	100.000
1311100.000	0.000	-0.260	0.000	109.000	38.000	100.000
1311100.000	0.000	-0.260	0.000	109.000	38.000	100.000
1311130.000	0.000	-0.270	0.000	109.000	38.000	100.000
1311130.000	0.000	-0.270	0.000	109.000	38.000	100.000
1311130.000	0.000	-0.270	0.000	109.000	38.000	100.000
1311160.000	0.000	-0.270	0.000	109.000	38.000	100.000
1311160.000	0.000	-0.270	0.000	109.000	38.000	100.000
1311160.000	0.000	-0.270	0.000	109.000	38.000	100.000
1311190.000	0.000	-0.280	0.000	109.000	38.000	100.000
1311190.000	0.000	-0.280	0.000	109.000	38.000	100.000
1311190.000	0.000	-0.280	0.000	109.000	38.000	100.000
1311220.000	0.000	-0.290	0.000	109.000	38.000	100.000
1311220.000	0.000	-0.290	0.000	109.000	38.000	100.000
1311220.000	0.000	-0.290	0.000	109.000	38.000	100.000
1311250.000	0.000	-0.290	0.000	109.000	38.000	100.000
1311250.000	0.000	-0.290	0.000	109.000	38.000	100.000
1311250.000	0.000	-0.290	0.000	109.000	38.000	100.000
1311280.000	0.000	-0.290	0.000	109.000	38.000	100.000
1311280.000	0.000	-0.290	0.000	109.000	38.000	100.000
1311280.000	0.000	-0.290	0.000	109.000	38.000	100.000
1311310.000	0.000	-0.290	0.000	109.000	38.000	100.000
1311310.000	0.000	-0.290	0.000	109.000	38.000	100.000
1311310.000	0.000	-0.290	0.000	109.000	38.000	100.000
1311340.000	0.000	-0.290	0.000	109.000	38.000	100.000
1311340.000	0.000	-0.290	0.000	109.000	38.000	100.000
1311340.000	0.000	-0.290	0.000	109.000	38.000	100.000
1311370.000	0.000	-0.290	0.000	109.000	38.000	100.000
1311370.000	0.000	-0.290	0.000	109.000	38.000	100.000
1311370.000	0.000	-0.290	0.000	109.000	38.000	100.000
1311400.000	0.000	-0.290	0.000	109.000	38.000	100.000
1311400.000	0.000	-0.290	0.000	109.000	38.000	100.000
1311400.000	0.000	-0.290	0.000	109.000	38.000	100.000
1311430.000	0.000	-0.290	0.000	109.000	38.000	100.000
1311430.000	0.000	-0.290	0.000	109.000	38.000	100.000
1311430.000	0.000	-0.290	0.000	109.000	38.000	100.000
1311460.000	0.000	-0.290	0.000	109.000	38.000	100.000
1311460.000	0.000	-0.290	0.000	109.000	38.000	100.000
1311460.000	0.000	-0.290	0.000	109.000	38.000	100.000
1311490.000	0.000	-0.290	0.000	109.000	38.000	100.000
1311490.000	0.000	-0.290	0.000	109.000	38.000	100.000
1311490.000	0.000	-0.290	0.000	109.000	38.000	100.000
1311520.000	0.000	-0.280	0.000	109.000	38.000	100.000
1311520.000	0.000	-0.280	0.000	109.000	38.000	100.000
1311520.000	0.000	-0.280	0.000	109.000	38.000	100.000
1311550.000	0.000	-0.280	0.000	109.000	38.000	100.000
1311550.000	0.000	-0.280	0.000	109.000	38.000	100.000
1311550.000	0.000	-0.280	0.000	109.000	38.000	100.000
1311580.000	0.000	-0.270	0.000	109.000	38.000	100.000
1311580.000	0.000	-0.270	0.000	109.000	38.000	100.000
1311580.000	0.000	-0.270	0.000	109.000	38.000	100.000
1311610.000	0.000	-0.260	0.000	109.000	38.000	100.000
1311610.000	0.000	-0.260	0.000	109.000	38.000	100.000
1311610.000	0.000	-0.260	0.000	109.000	38.000	100.000
1311640.000	0.000	-0.260	0.000	109.000	38.000	100.000
1311640.000	0.000	-0.260	0.000	109.000	38.000	100.000
1311640.000	0.000	-0.260	0.000	109.000	38.000	100.000
1311670.000	0.000	-0.250	0.000	109.000	38.000	100.000
1311670.000	0.000	-0.250	0.000	109.000	38.000	100.000
1311670.000	0.000	-0.250	0.000	109.000	38.000	100.000
1311700.000	0.000	-0.240	0.000	109.000	38.000	100.000
1311700.000	0.000	-0.240	0.000	109.000	38.000	100.000
1311700.000	0.000	-0.240	0.000	109.000	38.000	100.000
1311730.000	0.000	-0.240	0.000	109.000	38.000	100.000
1311730.000	0.000	-0.240	0.000	109.000	38.000	100.000
1311730.000	0.000	-0.240	0.000	109.000	38.000	100.000
1311760.000	0.000	-0.230	0.000	109.000	38.000	100.000
1311760.000	0.000	-0.230	0.000	109.000	38.000	100.000
1311760.000	0.000	-0.230	0.000	109.000	38.000	100.000
1311790.000	0.000	-0.220	0.000	109.000	38.000	100.000
1311790.000	0.000	-0.220	0.000	109.000	38.000	100.000
1311790.000	0.000	-0.220	0.000	109.000	38.000	100.000
1311820.000	0.000	-0.210	0.000	109.000	38.000	100.000
1311820.000	0.000	-0.210	0.000	109.000	38.000	100.000
1311820.000	0.000	-0.210	0.000	109.000	38.000	100.000
1311850.000	0.000	-0.200	0.000	109.000	38.000	100.000
1311850.000	0.000	-0.200	0.000	109.000	38.000	100.000
1311850.000	0.000	-0.200	0.000	109.000	38.000	100.000
1311880.000	0.000	-0.190	0.000	109.000	38.000	100.000
1311880.000	0.000	-0.190	0.000	109.000	38.000	100.000
1311880.000	0.000	-0.190	0.000	109.000	38.000	100.000
1311910.000	0.000	-0.180	0.000	109.000	38.000	100.000
1311910.000	0.000	-0.180	0.000	109.000	38.000	100.000
1311910.000	0.000	-0.180	0.000	109.000	38.000	100.000
1311940.000	0.000	-0.170	0.000	109.000	38.000	100.000
1311940.000	0.000	-0.170	0.000	109.000	38.000	100.000
1311940.000	0.000	-0.170	0.000	109.000	38.000	100.000
1311970.000	0.000	-0.160	0.000	109.000	38.000	100.000
1311970.000	0.000	-0.160	0.000	109.000	38.000	100.000
1311970.000	0.000	-0.160	0.000	109.000	38.000	100.000
1312000.000	0.000	-0.150	0.000	109.000	38.000	100.000
1312000.000	0.000	-0.150	0.000	109.000	38.000	100.000
1312000.000	0.000	-0.150	0.000	109.000	38.000	100.000
1312030.000	0.000	-0.140	0.000	109.000	38.000	100.000
1312030.000	0.000	-0.140	0.000	109.000	38.000	100.000
1312030.000	0.000	-0.140	0.000	109.000	38.000	100.000
1312060.000	0.000	-0.130	0.000	109.000	38.000	100.000
1312060.000	0.000	-0.130	0.000	109.000	38.000	100.000
1312060.000	0.000	-0.130	0.000	109.000	38.000	100.000
1312090.000	0.000	-0.120	0.000	109.000	38.000	100.000
1312090.000	0.000	-0.120	0.000	109.000	38.000	100.000
1312090.000	0.000	-0.120	0.000	109.000	38.000	100.000
1312120.000	0.000	-0.110	0.000	109.000	38.000	100.000
1312120.000	0.000	-0.110	0.000	109.000	38.000	100.000
1312120.000	0.000	-0.110	0.000	109.000	38.000	100.000
1312150.000	0.000	-0.100	0.000	109.000	38.000	100.000
1312150.000	0.000	-0.100	0.000	109.000	38.000	100.000
1312150.000	0.000	-0.100	0.000	109.000	38.000	100.000
1312180.000	0.000	-0.080	0.000	109.000	38.000	100.000
1312180.000	0.000	-0.080	0.000	109.000	38.000	100.000
1312180.000	0.000	-0.080	0.000	109.000	38.000	100.000
1312210.000	0.000	-0.070	0.000	109.000	38.000	100.000
1312210.000	0.000	-0.070	0.000	109.000	38.000	100.000
1312210.000	0.000	-0.070	0.000	109.000	38.000	100.000
1312240.000	0.000	-0.060	0.000	109.000	38.000	100.000
1312240.000	0.000	-0.060	0.000	109.000	38.000	100.000
1312240.000	0.000	-0.060	0.000	109.000	38.000	100.000
1312270.000	0.000	-0.050	0.000	109.000	38.000	100.000
1312270.000	0.000	-0.050	0.000	109.000	38.000	100.000
1312270.000	0.000	-0.050	0.000	109.000	38.000	100.000
1312300.000	0.000	-0.030	0.000	109.000	38.000	100.000
1312300.000	0.000	-0.030	0.000	109.000	38.000	100.000
1312300.000	0.000	-0.030	0.000	109.000	38.000	100.000
1312330.000	0.000	-0.020	0.000	109.000	38.000	100.000
1312330.000	0.000	-0.020	0.000	109.000	38.000	100.000
1312330.000	0.000	-0.020	0.000	109.000	38.000	100.000
1312360.000	0.000	0.000	0.000	109.000	38.000	100.000
1312360.000	0.000	0.000	0.000	109.000	38.000	100.000
1312360.000	0.000	0.000	0.000	109.000	38.000	100.000
1312390.000	0.000	0.010	0.000	109.000	38.000	100.000
1312390.000	0.000	0.010	0.000	109.000	38.000	100.000
1312390.000	0.000	0.010	0.000	109.000	38.000	100.000
1312420.000	0.000	0.030	0.000	109.000	38.000	100.000
1312420.000	0.000	0.030	0.000	109.000	38.000	100.000
1312420.000	0.000	0.030	0.000	109.000	38.000	100.000
1312450.000	0.000	0.040	0.000	109.000	38.000	100.000
1312450.000	0.000	0.040	0.000	109.000	38.000	100.000
1312450.000	0.000	0.040	0.000	109.000	38.000	100.000
1312480.000	0.000	0.060	0.000	109.000	38.000	100.000
1312480.000	0.000	0.060	0.000	109.000	38.000	100.000
1312480.000	0.000	0.060	0.000	109.000	38.000	100.000
1312510.000	0.000	0.070	0.000	109.000	38.000	100.000
1312510.000	0.000	0.070	0.000	109.000	38.000	100.000
1312510.000	0.000	0.070	0.000	109.000	38.000	100.000
1312540.000	0.000	0.090	0.000	109.000	38.000	100.000
1312540.000	0.000	0.090	0.000	109.000	38.000	100.000
1312540.000	0.000	0.090	0.000	109.000	38.000	100.000
1312570.000	0.000	0.110	0.000	109.000	38.000	100.000
1312570.000	0.000	0.110	0.000	109.000	38.000	100.000
1312570.000	0.000	0.110	0.000	109.000	38.000	100.000
1312600.000	0.000	0.120	0.000	109.000	38.000	100.000
1312600.000	0.000	0.120	0.000	109.000	38.000	100.000
1312600.000	0.000	0.120	0.000	109.000	38.000	100.000
1312630.000	0.000	0.140	0.000	109.000	38.000	100.000
1312630.000	0.000	0.140	0.000	109.000	38.000	100.000
1312630.000	0.000	0.140	0.000	109.000	38.000	100.000
1312660.000	0.000	0.160	0.000	109.000	38.000	100.000
1312660.000	0.000	0.160	0.000	109.000	38.000	100.000
1312660.000	0.000	0.160	0.000	109.000	38.000	100.000
1312690.000	0.000	0.170	0.000	109.000	38.000	100.000
1312690.000	0.000	0.170	0.000	109.000	38.000	100.000
1312690.000	0.000	0.170	0.000	109.000	38.000	100.000
1312720.000	0.000	0.190	0.000	109.000	38.000	100.000
1312720.000	0.000	0.190	0.000	109.000	38.000	100.000
1312720.000	0.000	0.190	0.000	109.000	38.000	100.000
1312750.000	0.000	0.210	0.000	109.000	38.000	100.000
1312750.000	0.000	0.210	0.000	109.000	38.000	100.000
1312750.000	0.000	0.210	0.000	109.000	38.000	100.000
1312780.000	0.000	0.230	0.000	109.000	38.000	100.000
1312780.000	0.000	0.230	0.000	109.000	38.000	100.000
1312780.000	0.000	0.230	0.000	109.000	38.000	100.000
1312810.000	0.000	0.250	0.000	109.000	38.000	100.000
1312810.000	0.000	0.250	0.000	109.000	38.000	100.000
1312810.000	0.000	0.250	0.000	109.000	38.000	100.000
1312840.000	0.000	0.270	0.000	109.000	38.000	100.000
1312840.000	0.000	0.270	0.000	109.000	38.000	100.000
1312840.000	0.000	0.270	0.000	109.000	38.000	100.000
1312870.000	0.000	0.290	0.000	109.000	38.000	100.000
1312870.000	0.000	0.290	0.000	109.000	38.000	100.000
1312870.000	0.000	0.290	0.000	109.000	38.000	100.000
1312900.000	0.000	0.310	0.000	109.000	38.000	100.000
1312900.000	0.000	0.310	0.000	109.000	38.000	100.000
1312900.000	0.000	0.310	0.000	109.000	38.000	100.000
1312930.000	0.000	0.330	0.000	109.000	38.000	100.000
1312930.000	0.000	0.330	0.000	109.000	38.000	100.000
1312930.000	0.000	0.330	0.000	109.000	38.000	100.000
1312960.000	0.000	0.350	0.000	109.000	38.000	100.000
1312960.000	0.000	0.350	0.000	109.000	38.000	100.000
1312960.000	0.000	0.350	0.000	109.000	38.000	100.000
1312990.000	0.000	0.380	0.000	109.000	38.000	100.000
1312990.000	0.000	0.380	0.000	109.000	38.000	100.000
1312990.000	0.000	0.380	0.000	109.000	38.000	100.000
1313020.000	0.000	0.400	0.000	109.000	38.000	100.000
1313020.000	0.000	0.400	0.000	109.000	38.000	100.000
1313020.000	0.000	0.400	0.000	109.000	38.000	100.000
1313050.000	0.000	0.420	0.000	109.000	38.000	100.000
1313050.000	0.000	0.420	0.000	109.000	38.000	100.000
1313050.000	0.000	0.420	0.000	109.000	38.000	100.000
1313080.000	0.000	0.440	0.000	109.000	38.000	100.000
1313080.000	0.000	0.440	0.000	109.000	38.000	100.000
1313080.000	0.000	0.440	0.000	109.000	38.000	100.000
1313110.000	0.000	0.470	0.000	109.000	38.000	100.000
1313110.000	0.000	0.470	0.000	109.000	38.000	100.000
1313110.000	0.000	0.470	0.000	109.000	38.000	100.000
1313140.000	0.000	0.490	0.000	109.000	38.000	100.000
1313140.000	0.000	0.490	0.000	109.000	38.000	100.000
1313140.000	0.000	0.490	0.000	109.000	38.000	100.000
1313170.000	0.000	0.510	0.000	109.000	38.000	100.000
1313170.000	0.000	0.510	0.000	109.000	38.000	100.000
1313170.000	0.000	0.510	0.000	109.000	38.000	100.000
1313200.000	0.000	0.540	0.000	109.000	38.000	100.000
1313200.000	0.000	0.540	0.000	109.000	38.000	100.000
1313200.000	0.000	0.540	0.000	109.000	38.000	100.000
1313230.000	0.000	0.560	0.000	109.000	38.000	100.000
1313230.000	0.000	0.560	0.000	109.000	38.000	100.000
1313230.000	0.000	0.560	0.000	109.000	38.000	100.000
1313260.000	0.000	0.590	0.000	109.000	38.000	100.000
1313260.000	0.000	0.590	0.000	109.000	38.000	100.000
1313260.000	0.000	0.590	0.000	109.000	38.000	100.000
1313290.000	0.000	0.610	0.000	109.000	38.000	100.000
1313290.000	0.000	0.610	0.000	109.000	38.000	100.000
1313290.000	0.000	0.610	0.000	109.000	38.000	100.000
1313320.000	0.000	0.640	0.000	109.000	38.000	100.000
1313320.000	0.000	0.640	0.000	109.000	38.000	100.000
1313320.000	0.000	0.640	0.000	109.000	38.000	100.000
1313350.000	0.000	0.670	0.000	109.000	38.000	100.000
1313350.000	0.000	0.670	0.000	109.000	38.000	100.000
1313350.000	0.000	0.670	0.000	109.000	38.000	100.000
1313380.000	0.000	0.690	0.000	109.000	38.000	100.000
1313380.000	0.000	0.690	0.000	109.000	38.000	100.000
1313380.000	0.000	0.690	0.000	109.000	38.000	100.000
1313410.000	0.000	0.720	0.000	109.000	38.000	100.000
1313410.000	0.000	0.720	0.000	109.000	38.000	100.000
1313410.000	0.000	0.720	0.000	109.000	38.000	100.000
1313440.000	0.000	0.750	0.000	109.000	38.000	100.000
1313440.000	0.000	0.750	0.000	109.000	38.000	100.000
1313440.000	0.000	0.750	0.000	109.000	38.000	100.000
1313470.000	0.000	0.780	0.000	109.000	38.000	100.000
1313470.000	0.000	0.780	0.000	109.000	38.000	100.000
1313470.000	0.000	0.780	0.000	109.000	38.000	100.000
1313500.000	0.000	0.800	0.000	109.000	38.000	100.000
1313500.000	0.000	0.800	0.000	109.000	38.000	100.000
1313500.000	0.000	0.800	0.000	109.000	38.000	100.000
1313530.000	0.000	0.830	0.000	109.000	38.000	100.000
1313530.000	0.000	0.830	0.000	109.000	38.000	100.000
1313530.000	0.000	0.830	0.000	109.000	38.000	100.000
1313560.000	0.000	0.860	0.000	109.000	38.000	100.000
1313560.000	0.000	0.860	0.000	109.000	38.000	100.000
1313560.000	0.000	0.860	0.000	109.000	38.000	100.000
1313590.000	0.000	0.890	0.000	109.000	38.000	100.000
1313590.000	0.000	0.890	0.000	109.000	38.000	100.000
1313590.000	0.000	0.890	0.000	109.000	38.000	100.000
1313620.000	0.000	0.920	0.000	109.000	38.000	100.000
1313620.000	0.000	0.920	0.000	109.000	38.000	100.000
1313620.000	0.000	0.920	0.000	109.000	38.000	100.000
1313650.000	0.000	0.950	0.000	109.000	38.000	100.000
1313650.000	0.000	0.950	0.000	109.000	38.000	100.000
1313650.000	0.000	0.950	0.000	109.000	38.000	100.000
1313680.000	0.000	0.980	0.000	109.000	38.000	100.000
1313680.000	0.000	0.980	0.000	109.000	38.000	100.000
1313680.000	0.000	0.980	0.000	109.000	38.000	100.000
1313710.000	0.000	1.010	0.000	109.000	38.000	100.000
1313710.000	0.000	1.010	0.000	109.000	38.000	100.000
1313710.000	0.000	1.010	0.000	109.000	38.000	100.000
1313740.000	0.000	1.040	0.000	109.000	38.000	100.000
1313740.000	0.000	1.040	0.000	109.000	38.000	100.000
1313740.000	0.000	1.040	0.000	109.000	38.000	100.000
1313770.000	0.000	1.080	0.000	109.000	38.000	100.000
1313770.000	0.000	1.080	0.000	109.000	38.000	100.000
1313770.000	0.000	1.080	0.000	109.000	38.000	100.000
1313800.000	0.000	1.110	0.000	109.000	38.000	100.000
1313800.000	0.000	1.110	0.000	109.000	38.000	100.000
1313800.000	0.000	1.110	0.000	109.000	38.000	100.000
1313830.000	0.000	1.140	0.000	109.000	38.000	100.000
1313830.000	0.000	1.140	0.000	109.000	38.000	100.000
1313830.000	0.000	1.140	0.000	109.000	38.000	100.000
1313860.000	0.000	1.170	0.000	109.000	38.000	100.000
1313860.000	0.000	1.170	0.000	109.000	38.000	100.000
1313860.000	0.000	1.170	0.000	109.000	38.000	100.000
1313890.000	0.000	1.210	0.000	109.000	38.000	100.000
1313890.000	0.000	1.210	0.000	109.000	38.000	100.000
1313890.000	0.000	1.210	0.000	109.000	38.000	100.000
1313920.000	0.000	1.240	0.000	109.000	38.000	100.000
1313920.000	0.000	1.240	0.000	109.000	38.000	100.000
1313920.000	0.000	1.240	0.000	109.000	38.000	100.000
1313950.000	0.000	1.280	0.000	109.000	38.000	100.000
1313950.000	0.000	1.280	0.000	109.000	38.000	100.000
1313950.000	0.000	1.280	0.000	109.000	38.000	100.000
1313980.000	0.000	1.310	0.000	109.000	38.000	100.000
1313980.000	0.000	1.310	0.000	109.000	38.000	100.000
1313980.000	0.000	1.310	0.000	109.000	38.000	100.000
1314010.000	0.000	1.350	0.000	109.000	38.000	100.000
1314010.000	0.000	1.350	0.000	109.000	38.000	100.000
1314010.000	0.000	1.350	0.000	109.000	38.000	100.000
1314040.000	0.000	1.390	0.000	109.000	38.000	100.000
1314040.000	0.000	1.390	0.000	109.000	38.000	100.000
1314040.000	0.000	1.390	0.000	109.000	38.000	100.000
