%ArduinoTime [ms]	Reference Position [rad]	Measured Position [rad]	Actual Current [A]	Proportional Gain [Kp]	Derivative Gain [Kd]	Integral Gain [Ki]	%3/17/20231:40 PM
0.000	0.000	0.000	0.000	0.000	0.000	0.000
1173720.000	0.000	0.030	0.000	109.000	38.000	3.000
1173720.000	0.000	0.030	0.000	109.000	38.000	3.000
1173720.000	0.000	0.030	0.000	109.000	38.000	3.000
1173750.000	0.000	0.030	0.000	109.000	38.000	3.000
1173750.000	0.000	0.030	0.000	109.000	38.000	3.000
1173750.000	0.000	0.030	0.000	109.000	38.000	3.000
1173780.000	0.000	0.030	0.000	109.000	38.000	3.000
1173780.000	0.000	0.030	0.000	109.000	38.000	3.000
1173780.000	0.000	0.030	0.000	109.000	38.000	3.000
1173810.000	0.000	0.030	0.000	109.000	38.000	3.000
1173810.000	0.000	0.030	0.000	109.000	38.000	3.000
1173810.000	0.000	0.030	0.000	109.000	38.000	3.000
1173840.000	0.000	0.030	0.000	109.000	38.000	3.000
1173840.000	0.000	0.030	0.000	109.000	38.000	3.000
1173840.000	0.000	0.030	0.000	109.000	38.000	3.000
1173870.000	0.000	0.030	0.000	109.000	38.000	3.000
1173870.000	0.000	0.030	0.000	109.000	38.000	3.000
1173870.000	0.000	0.030	0.000	109.000	38.000	3.000
1173900.000	0.000	0.030	0.000	109.000	38.000	3.000
1173900.000	0.000	0.030	0.000	109.000	38.000	3.000
1173900.000	0.000	0.030	0.000	109.000	38.000	3.000
1173930.000	0.000	0.030	0.000	109.000	38.000	3.000
1173930.000	0.000	0.030	0.000	109.000	38.000	3.000
1173930.000	0.000	0.030	0.000	109.000	38.000	3.000
1173960.000	0.000	0.030	0.000	109.000	38.000	3.000
1173960.000	0.000	0.030	0.000	109.000	38.000	3.000
1173960.000	0.000	0.030	0.000	109.000	38.000	3.000
1173990.000	0.000	0.030	0.000	109.000	38.000	3.000
1173990.000	0.000	0.030	0.000	109.000	38.000	3.000
1173990.000	0.000	0.030	0.000	109.000	38.000	3.000
1174020.000	0.000	0.030	0.000	109.000	38.000	3.000
1174020.000	0.000	0.030	0.000	109.000	38.000	3.000
1174020.000	0.000	0.030	0.000	109.000	38.000	3.000
1174050.000	0.000	0.030	0.000	109.000	38.000	3.000
1174050.000	0.000	0.030	0.000	109.000	38.000	3.000
1174050.000	0.000	0.030	0.000	109.000	38.000	3.000
1174080.000	0.000	0.030	0.000	109.000	38.000	3.000
1174080.000	0.000	0.030	0.000	109.000	38.000	3.000
1174080.000	0.000	0.030	0.000	109.000	38.000	3.000
1174110.000	0.000	0.030	0.000	109.000	38.000	3.000
1174110.000	0.000	0.030	0.000	109.000	38.000	3.000
1174110.000	0.000	0.030	0.000	109.000	38.000	3.000
1174140.000	0.000	0.030	0.000	109.000	38.000	3.000
1174140.000	0.000	0.030	0.000	109.000	38.000	3.000
1174140.000	0.000	0.030	0.000	109.000	38.000	3.000
1174170.000	0.000	0.030	0.000	109.000	38.000	3.000
1174170.000	0.000	0.030	0.000	109.000	38.000	3.000
1174170.000	0.000	0.030	0.000	109.000	38.000	3.000
1174200.000	0.500	0.030	1.156	109.000	38.000	3.000
1174200.000	0.500	0.030	1.156	109.000	38.000	3.000
1174200.000	0.500	0.030	1.156	109.000	38.000	3.000
1174230.000	0.500	0.040	0.922	109.000	38.000	3.000
1174230.000	0.500	0.040	0.922	109.000	38.000	3.000
1174230.000	0.500	0.040	0.922	109.000	38.000	3.000
1174260.000	0.500	0.050	0.734	109.000	38.000	3.000
1174260.000	0.500	0.050	0.734	109.000	38.000	3.000
1174260.000	0.500	0.050	0.734	109.000	38.000	3.000
1174290.000	0.500	0.060	0.562	109.000	38.000	3.000
1174290.000	0.500	0.060	0.562	109.000	38.000	3.000
1174290.000	0.500	0.060	0.562	109.000	38.000	3.000
1174320.000	0.500	0.080	0.437	109.000	38.000	3.000
1174320.000	0.500	0.080	0.437	109.000	38.000	3.000
1174320.000	0.500	0.080	0.437	109.000	38.000	3.000
1174350.000	0.500	0.110	0.312	109.000	38.000	3.000
1174350.000	0.500	0.110	0.312	109.000	38.000	3.000
1174350.000	0.500	0.110	0.312	109.000	38.000	3.000
1174380.000	0.500	0.130	0.203	109.000	38.000	3.000
1174380.000	0.500	0.130	0.203	109.000	38.000	3.000
1174380.000	0.500	0.130	0.203	109.000	38.000	3.000
1174410.000	0.500	0.160	0.109	109.000	38.000	3.000
1174410.000	0.500	0.160	0.109	109.000	38.000	3.000
1174410.000	0.500	0.160	0.109	109.000	38.000	3.000
1174440.000	0.500	0.180	0.062	109.000	38.000	3.000
1174440.000	0.500	0.180	0.062	109.000	38.000	3.000
1174440.000	0.500	0.180	0.062	109.000	38.000	3.000
1174470.000	0.500	0.210	0.000	109.000	38.000	3.000
1174470.000	0.500	0.210	0.000	109.000	38.000	3.000
1174470.000	0.500	0.210	0.000	109.000	38.000	3.000
1174500.000	0.500	0.230	-0.062	109.000	38.000	3.000
1174500.000	0.500	0.230	-0.062	109.000	38.000	3.000
1174500.000	0.500	0.230	-0.062	109.000	38.000	3.000
1174530.000	0.500	0.260	-0.078	109.000	38.000	3.000
1174530.000	0.500	0.260	-0.078	109.000	38.000	3.000
1174530.000	0.500	0.260	-0.078	109.000	38.000	3.000
1174560.000	0.500	0.280	-0.094	109.000	38.000	3.000
1174560.000	0.500	0.280	-0.094	109.000	38.000	3.000
1174560.000	0.500	0.280	-0.094	109.000	38.000	3.000
1174590.000	0.500	0.300	-0.125	109.000	38.000	3.000
1174590.000	0.500	0.300	-0.125	109.000	38.000	3.000
1174590.000	0.500	0.300	-0.125	109.000	38.000	3.000
1174620.000	0.500	0.320	-0.125	109.000	38.000	3.000
1174620.000	0.500	0.320	-0.125	109.000	38.000	3.000
1174620.000	0.500	0.320	-0.125	109.000	38.000	3.000
1174650.000	0.500	0.340	-0.125	109.000	38.000	3.000
1174650.000	0.500	0.340	-0.125	109.000	38.000	3.000
1174650.000	0.500	0.340	-0.125	109.000	38.000	3.000
1174680.000	0.500	0.360	-0.141	109.000	38.000	3.000
1174680.000	0.500	0.360	-0.141	109.000	38.000	3.000
1174680.000	0.500	0.360	-0.141	109.000	38.000	3.000
1174710.000	0.500	0.370	-0.141	109.000	38.000	3.000
1174710.000	0.500	0.370	-0.141	109.000	38.000	3.000
1174710.000	0.500	0.370	-0.141	109.000	38.000	3.000
1174740.000	0.500	0.390	-0.141	109.000	38.000	3.000
1174740.000	0.500	0.390	-0.141	109.000	38.000	3.000
1174740.000	0.500	0.390	-0.141	109.000	38.000	3.000
1174770.000	0.500	0.400	-0.141	109.000	38.000	3.000
1174770.000	0.500	0.400	-0.141	109.000	38.000	3.000
1174770.000	0.500	0.400	-0.141	109.000	38.000	3.000
1174800.000	0.500	0.410	-0.109	109.000	38.000	3.000
1174800.000	0.500	0.410	-0.109	109.000	38.000	3.000
1174800.000	0.500	0.410	-0.109	109.000	38.000	3.000
1174830.000	0.500	0.420	-0.094	109.000	38.000	3.000
1174830.000	0.500	0.420	-0.094	109.000	38.000	3.000
1174830.000	0.500	0.420	-0.094	109.000	38.000	3.000
1174860.000	0.500	0.430	-0.078	109.000	38.000	3.000
1174860.000	0.500	0.430	-0.078	109.000	38.000	3.000
1174860.000	0.500	0.430	-0.078	109.000	38.000	3.000
1174890.000	0.500	0.440	-0.078	109.000	38.000	3.000
1174890.000	0.500	0.440	-0.078	109.000	38.000	3.000
1174890.000	0.500	0.440	-0.078	109.000	38.000	3.000
1174920.000	0.500	0.450	-0.062	109.000	38.000	3.000
1174920.000	0.500	0.450	-0.062	109.000	38.000	3.000
1174920.000	0.500	0.450	-0.062	109.000	38.000	3.000
1174950.000	0.500	0.450	-0.062	109.000	38.000	3.000
1174950.000	0.500	0.450	-0.062	109.000	38.000	3.000
1174950.000	0.500	0.450	-0.062	109.000	38.000	3.000
1174980.000	0.500	0.460	-0.047	109.000	38.000	3.000
1174980.000	0.500	0.460	-0.047	109.000	38.000	3.000
1174980.000	0.500	0.460	-0.047	109.000	38.000	3.000
1175010.000	0.500	0.460	-0.031	109.000	38.000	3.000
1175010.000	0.500	0.460	-0.031	109.000	38.000	3.000
1175010.000	0.500	0.460	-0.031	109.000	38.000	3.000
1175040.000	0.500	0.470	-0.031	109.000	38.000	3.000
1175040.000	0.500	0.470	-0.031	109.000	38.000	3.000
1175040.000	0.500	0.470	-0.031	109.000	38.000	3.000
1175070.000	0.500	0.470	-0.016	109.000	38.000	3.000
1175070.000	0.500	0.470	-0.016	109.000	38.000	3.000
1175070.000	0.500	0.470	-0.016	109.000	38.000	3.000
1175100.000	0.500	0.470	0.000	109.000	38.000	3.000
1175100.000	0.500	0.470	0.000	109.000	38.000	3.000
1175100.000	0.500	0.470	0.000	109.000	38.000	3.000
1175130.000	0.500	0.470	0.000	109.000	38.000	3.000
1175130.000	0.500	0.470	0.000	109.000	38.000	3.000
1175130.000	0.500	0.470	0.000	109.000	38.000	3.000
1175160.000	0.500	0.470	0.016	109.000	38.000	3.000
1175160.000	0.500	0.470	0.016	109.000	38.000	3.000
1175160.000	0.500	0.470	0.016	109.000	38.000	3.000
1175190.000	0.500	0.480	0.016	109.000	38.000	3.000
1175190.000	0.500	0.480	0.016	109.000	38.000	3.000
1175190.000	0.500	0.480	0.016	109.000	38.000	3.000
1175220.000	0.500	0.480	0.031	109.000	38.000	3.000
1175220.000	0.500	0.480	0.031	109.000	38.000	3.000
1175220.000	0.500	0.480	0.031	109.000	38.000	3.000
1175250.000	0.500	0.480	0.031	109.000	38.000	3.000
1175250.000	0.500	0.480	0.031	109.000	38.000	3.000
1175250.000	0.500	0.480	0.031	109.000	38.000	3.000
1175280.000	0.500	0.480	0.047	109.000	38.000	3.000
1175280.000	0.500	0.480	0.047	109.000	38.000	3.000
1175280.000	0.500	0.480	0.047	109.000	38.000	3.000
1175310.000	0.500	0.480	0.047	109.000	38.000	3.000
1175310.000	0.500	0.480	0.047	109.000	38.000	3.000
1175310.000	0.500	0.480	0.047	109.000	38.000	3.000
1175340.000	0.500	0.480	0.047	109.000	38.000	3.000
1175340.000	0.500	0.480	0.047	109.000	38.000	3.000
1175340.000	0.500	0.480	0.047	109.000	38.000	3.000
1175370.000	0.500	0.480	0.047	109.000	38.000	3.000
1175370.000	0.500	0.480	0.047	109.000	38.000	3.000
1175370.000	0.500	0.480	0.047	109.000	38.000	3.000
1175400.000	0.500	0.480	0.062	109.000	38.000	3.000
1175400.000	0.500	0.480	0.062	109.000	38.000	3.000
1175400.000	0.500	0.480	0.062	109.000	38.000	3.000
1175430.000	0.500	0.480	0.062	109.000	38.000	3.000
1175430.000	0.500	0.480	0.062	109.000	38.000	3.000
1175430.000	0.500	0.480	0.062	109.000	38.000	3.000
1175460.000	0.500	0.480	0.062	109.000	38.000	3.000
1175460.000	0.500	0.480	0.062	109.000	38.000	3.000
1175460.000	0.500	0.480	0.062	109.000	38.000	3.000
1175490.000	0.500	0.480	0.062	109.000	38.000	3.000
1175490.000	0.500	0.480	0.062	109.000	38.000	3.000
1175490.000	0.500	0.480	0.062	109.000	38.000	3.000
1175520.000	0.500	0.480	0.062	109.000	38.000	3.000
1175520.000	0.500	0.480	0.062	109.000	38.000	3.000
1175520.000	0.500	0.480	0.062	109.000	38.000	3.000
1175550.000	0.500	0.480	0.062	109.000	38.000	3.000
1175550.000	0.500	0.480	0.062	109.000	38.000	3.000
1175550.000	0.500	0.480	0.062	109.000	38.000	3.000
1175580.000	0.500	0.480	0.062	109.000	38.000	3.000
1175580.000	0.500	0.480	0.062	109.000	38.000	3.000
1175580.000	0.500	0.480	0.062	109.000	38.000	3.000
1175610.000	0.500	0.480	0.062	109.000	38.000	3.000
1175610.000	0.500	0.480	0.062	109.000	38.000	3.000
1175610.000	0.500	0.480	0.062	109.000	38.000	3.000
1175640.000	0.500	0.480	0.062	109.000	38.000	3.000
1175640.000	0.500	0.480	0.062	109.000	38.000	3.000
1175640.000	0.500	0.480	0.062	109.000	38.000	3.000
1175670.000	0.500	0.480	0.062	109.000	38.000	3.000
1175670.000	0.500	0.480	0.062	109.000	38.000	3.000
1175670.000	0.500	0.480	0.062	109.000	38.000	3.000
1175700.000	0.500	0.480	0.062	109.000	38.000	3.000
1175700.000	0.500	0.480	0.062	109.000	38.000	3.000
1175700.000	0.500	0.480	0.062	109.000	38.000	3.000
1175730.000	0.500	0.480	0.062	109.000	38.000	3.000
1175730.000	0.500	0.480	0.062	109.000	38.000	3.000
1175730.000	0.500	0.480	0.062	109.000	38.000	3.000
1175760.000	0.500	0.480	0.062	109.000	38.000	3.000
1175760.000	0.500	0.480	0.062	109.000	38.000	3.000
1175760.000	0.500	0.480	0.062	109.000	38.000	3.000
1175790.000	0.500	0.480	0.062	109.000	38.000	3.000
1175790.000	0.500	0.480	0.062	109.000	38.000	3.000
1175790.000	0.500	0.480	0.062	109.000	38.000	3.000
1175820.000	0.500	0.480	0.062	109.000	38.000	3.000
1175820.000	0.500	0.480	0.062	109.000	38.000	3.000
1175820.000	0.500	0.480	0.062	109.000	38.000	3.000
1175850.000	0.500	0.480	0.062	109.000	38.000	3.000
1175850.000	0.500	0.480	0.062	109.000	38.000	3.000
1175850.000	0.500	0.480	0.062	109.000	38.000	3.000
1175880.000	0.500	0.480	0.062	109.000	38.000	3.000
1175880.000	0.500	0.480	0.062	109.000	38.000	3.000
1175880.000	0.500	0.480	0.062	109.000	38.000	3.000
1175910.000	0.500	0.480	0.047	109.000	38.000	3.000
1175910.000	0.500	0.480	0.047	109.000	38.000	3.000
1175910.000	0.500	0.480	0.047	109.000	38.000	3.000
1175940.000	0.500	0.480	0.047	109.000	38.000	3.000
1175940.000	0.500	0.480	0.047	109.000	38.000	3.000
1175940.000	0.500	0.480	0.047	109.000	38.000	3.000
1175970.000	0.500	0.480	0.062	109.000	38.000	3.000
1175970.000	0.500	0.480	0.062	109.000	38.000	3.000
1175970.000	0.500	0.480	0.062	109.000	38.000	3.000
1176000.000	0.500	0.480	0.062	109.000	38.000	3.000
1176000.000	0.500	0.480	0.062	109.000	38.000	3.000
1176000.000	0.500	0.480	0.062	109.000	38.000	3.000
1176030.000	0.500	0.480	0.062	109.000	38.000	3.000
1176030.000	0.500	0.480	0.062	109.000	38.000	3.000
1176030.000	0.500	0.480	0.062	109.000	38.000	3.000
1176060.000	0.500	0.480	0.062	109.000	38.000	3.000
1176060.000	0.500	0.480	0.062	109.000	38.000	3.000
1176060.000	0.500	0.480	0.062	109.000	38.000	3.000
1176090.000	0.500	0.480	0.047	109.000	38.000	3.000
1176090.000	0.500	0.480	0.047	109.000	38.000	3.000
1176090.000	0.500	0.480	0.047	109.000	38.000	3.000
1176120.000	0.500	0.480	0.062	109.000	38.000	3.000
1176120.000	0.500	0.480	0.062	109.000	38.000	3.000
1176120.000	0.500	0.480	0.062	109.000	38.000	3.000
1176150.000	0.500	0.480	0.062	109.000	38.000	3.000
1176150.000	0.500	0.480	0.062	109.000	38.000	3.000
1176150.000	0.500	0.480	0.062	109.000	38.000	3.000
1176180.000	0.500	0.480	0.062	109.000	38.000	3.000
1176180.000	0.500	0.480	0.062	109.000	38.000	3.000
1176180.000	0.500	0.480	0.062	109.000	38.000	3.000
1176210.000	0.500	0.480	0.062	109.000	38.000	3.000
1176210.000	0.500	0.480	0.062	109.000	38.000	3.000
1176210.000	0.500	0.480	0.062	109.000	38.000	3.000
1176240.000	0.500	0.480	0.062	109.000	38.000	3.000
1176240.000	0.500	0.480	0.062	109.000	38.000	3.000
1176240.000	0.500	0.480	0.062	109.000	38.000	3.000
1176270.000	0.500	0.480	0.047	109.000	38.000	3.000
1176270.000	0.500	0.480	0.047	109.000	38.000	3.000
1176270.000	0.500	0.480	0.047	109.000	38.000	3.000
1176300.000	0.500	0.480	0.062	109.000	38.000	3.000
1176300.000	0.500	0.480	0.062	109.000	38.000	3.000
1176300.000	0.500	0.480	0.062	109.000	38.000	3.000
1176330.000	0.500	0.480	0.062	109.000	38.000	3.000
1176330.000	0.500	0.480	0.062	109.000	38.000	3.000
1176330.000	0.500	0.480	0.062	109.000	38.000	3.000
1176360.000	0.500	0.480	0.062	109.000	38.000	3.000
1176360.000	0.500	0.480	0.062	109.000	38.000	3.000
1176360.000	0.500	0.480	0.062	109.000	38.000	3.000
1176390.000	0.500	0.480	0.062	109.000	38.000	3.000
1176390.000	0.500	0.480	0.062	109.000	38.000	3.000
1176390.000	0.500	0.480	0.062	109.000	38.000	3.000
1176420.000	0.500	0.480	0.062	109.000	38.000	3.000
1176420.000	0.500	0.480	0.062	109.000	38.000	3.000
1176420.000	0.500	0.480	0.062	109.000	38.000	3.000
1176450.000	0.500	0.480	0.062	109.000	38.000	3.000
1176450.000	0.500	0.480	0.062	109.000	38.000	3.000
1176450.000	0.500	0.480	0.062	109.000	38.000	3.000
1176480.000	0.500	0.480	0.062	109.000	38.000	3.000
1176480.000	0.500	0.480	0.062	109.000	38.000	3.000
1176480.000	0.500	0.480	0.062	109.000	38.000	3.000
1176510.000	0.500	0.480	0.062	109.000	38.000	3.000
1176510.000	0.500	0.480	0.062	109.000	38.000	3.000
1176510.000	0.500	0.480	0.062	109.000	38.000	3.000
1176540.000	0.500	0.480	0.062	109.000	38.000	3.000
1176540.000	0.500	0.480	0.062	109.000	38.000	3.000
1176540.000	0.500	0.480	0.062	109.000	38.000	3.000
1176570.000	0.500	0.480	0.047	109.000	38.000	3.000
1176570.000	0.500	0.480	0.047	109.000	38.000	3.000
1176570.000	0.500	0.480	0.047	109.000	38.000	3.000
1176600.000	0.500	0.480	0.062	109.000	38.000	3.000
1176600.000	0.500	0.480	0.062	109.000	38.000	3.000
1176600.000	0.500	0.480	0.062	109.000	38.000	3.000
1176630.000	0.500	0.480	0.047	109.000	38.000	3.000
1176630.000	0.500	0.480	0.047	109.000	38.000	3.000
1176630.000	0.500	0.480	0.047	109.000	38.000	3.000
1176660.000	0.500	0.480	0.062	109.000	38.000	3.000
1176660.000	0.500	0.480	0.062	109.000	38.000	3.000
1176660.000	0.500	0.480	0.062	109.000	38.000	3.000
1176690.000	0.500	0.480	0.062	109.000	38.000	3.000
1176690.000	0.500	0.480	0.062	109.000	38.000	3.000
1176690.000	0.500	0.480	0.062	109.000	38.000	3.000
1176720.000	0.500	0.480	0.062	109.000	38.000	3.000
1176720.000	0.500	0.480	0.062	109.000	38.000	3.000
1176720.000	0.500	0.480	0.062	109.000	38.000	3.000
1176750.000	0.500	0.480	0.047	109.000	38.000	3.000
1176750.000	0.500	0.480	0.047	109.000	38.000	3.000
1176750.000	0.500	0.480	0.047	109.000	38.000	3.000
1176780.000	0.500	0.480	0.062	109.000	38.000	3.000
1176780.000	0.500	0.480	0.062	109.000	38.000	3.000
1176780.000	0.500	0.480	0.062	109.000	38.000	3.000
1176810.000	0.500	0.480	0.062	109.000	38.000	3.000
1176810.000	0.500	0.480	0.062	109.000	38.000	3.000
1176810.000	0.500	0.480	0.062	109.000	38.000	3.000
1176840.000	0.500	0.480	0.062	109.000	38.000	3.000
1176840.000	0.500	0.480	0.062	109.000	38.000	3.000
1176840.000	0.500	0.480	0.062	109.000	38.000	3.000
1176870.000	0.500	0.480	0.047	109.000	38.000	3.000
1176870.000	0.500	0.480	0.047	109.000	38.000	3.000
1176870.000	0.500	0.480	0.047	109.000	38.000	3.000
1176900.000	0.500	0.480	0.062	109.000	38.000	3.000
1176900.000	0.500	0.480	0.062	109.000	38.000	3.000
1176900.000	0.500	0.480	0.062	109.000	38.000	3.000
1176930.000	0.500	0.480	0.062	109.000	38.000	3.000
1176930.000	0.500	0.480	0.062	109.000	38.000	3.000
1176930.000	0.500	0.480	0.062	109.000	38.000	3.000
1176960.000	0.500	0.480	0.062	109.000	38.000	3.000
1176960.000	0.500	0.480	0.062	109.000	38.000	3.000
1176960.000	0.500	0.480	0.062	109.000	38.000	3.000
1176990.000	0.500	0.480	0.062	109.000	38.000	3.000
1176990.000	0.500	0.480	0.062	109.000	38.000	3.000
1176990.000	0.500	0.480	0.062	109.000	38.000	3.000
1177020.000	0.500	0.480	0.062	109.000	38.000	3.000
1177020.000	0.500	0.480	0.062	109.000	38.000	3.000
1177020.000	0.500	0.480	0.062	109.000	38.000	3.000
1177050.000	0.500	0.480	0.062	109.000	38.000	3.000
1177050.000	0.500	0.480	0.062	109.000	38.000	3.000
1177050.000	0.500	0.480	0.062	109.000	38.000	3.000
1177080.000	0.500	0.480	0.062	109.000	38.000	3.000
1177080.000	0.500	0.480	0.062	109.000	38.000	3.000
1177080.000	0.500	0.480	0.062	109.000	38.000	3.000
1177110.000	0.500	0.480	0.062	109.000	38.000	3.000
1177110.000	0.500	0.480	0.062	109.000	38.000	3.000
1177110.000	0.500	0.480	0.062	109.000	38.000	3.000
1177140.000	0.500	0.480	0.062	109.000	38.000	3.000
1177140.000	0.500	0.480	0.062	109.000	38.000	3.000
1177140.000	0.500	0.480	0.062	109.000	38.000	3.000
1177170.000	0.500	0.480	0.062	109.000	38.000	3.000
1177170.000	0.500	0.480	0.062	109.000	38.000	3.000
1177170.000	0.500	0.480	0.062	109.000	38.000	3.000
1177200.000	0.500	0.480	0.062	109.000	38.000	3.000
1177200.000	0.500	0.480	0.062	109.000	38.000	3.000
1177200.000	0.500	0.480	0.062	109.000	38.000	3.000
1177230.000	0.500	0.480	0.062	109.000	38.000	3.000
1177230.000	0.500	0.480	0.062	109.000	38.000	3.000
1177230.000	0.500	0.480	0.062	109.000	38.000	3.000
1177260.000	0.500	0.480	0.062	109.000	38.000	3.000
1177260.000	0.500	0.480	0.062	109.000	38.000	3.000
1177260.000	0.500	0.480	0.062	109.000	38.000	3.000
1177290.000	0.500	0.480	0.062	109.000	38.000	3.000
1177290.000	0.500	0.480	0.062	109.000	38.000	3.000
1177290.000	0.500	0.480	0.062	109.000	38.000	3.000
1177320.000	0.500	0.480	0.062	109.000	38.000	3.000
1177320.000	0.500	0.480	0.062	109.000	38.000	3.000
1177320.000	0.500	0.480	0.062	109.000	38.000	3.000
1177350.000	0.500	0.480	0.062	109.000	38.000	3.000
1177350.000	0.500	0.480	0.062	109.000	38.000	3.000
1177350.000	0.500	0.480	0.062	109.000	38.000	3.000
1177380.000	0.500	0.480	0.047	109.000	38.000	3.000
1177380.000	0.500	0.480	0.047	109.000	38.000	3.000
1177380.000	0.500	0.480	0.047	109.000	38.000	3.000
1177410.000	0.500	0.480	0.062	109.000	38.000	3.000
1177410.000	0.500	0.480	0.062	109.000	38.000	3.000
1177410.000	0.500	0.480	0.062	109.000	38.000	3.000
1177440.000	0.500	0.480	0.062	109.000	38.000	3.000
1177440.000	0.500	0.480	0.062	109.000	38.000	3.000
1177440.000	0.500	0.480	0.062	109.000	38.000	3.000
1177470.000	0.500	0.480	0.062	109.000	38.000	3.000
1177470.000	0.500	0.480	0.062	109.000	38.000	3.000
1177470.000	0.500	0.480	0.062	109.000	38.000	3.000
1177500.000	0.500	0.480	0.062	109.000	38.000	3.000
1177500.000	0.500	0.480	0.062	109.000	38.000	3.000
1177500.000	0.500	0.480	0.062	109.000	38.000	3.000
1177530.000	0.500	0.480	0.062	109.000	38.000	3.000
1177530.000	0.500	0.480	0.062	109.000	38.000	3.000
1177530.000	0.500	0.480	0.062	109.000	38.000	3.000
1177560.000	0.500	0.480	0.062	109.000	38.000	3.000
1177560.000	0.500	0.480	0.062	109.000	38.000	3.000
1177560.000	0.500	0.480	0.062	109.000	38.000	3.000
1177590.000	0.500	0.480	0.062	109.000	38.000	3.000
1177590.000	0.500	0.480	0.062	109.000	38.000	3.000
1177590.000	0.500	0.480	0.062	109.000	38.000	3.000
1177620.000	0.500	0.480	0.062	109.000	38.000	3.000
1177620.000	0.500	0.480	0.062	109.000	38.000	3.000
1177620.000	0.500	0.480	0.062	109.000	38.000	3.000
1177650.000	0.500	0.480	0.062	109.000	38.000	3.000
1177650.000	0.500	0.480	0.062	109.000	38.000	3.000
1177650.000	0.500	0.480	0.062	109.000	38.000	3.000
1177680.000	0.500	0.480	0.062	109.000	38.000	3.000
1177680.000	0.500	0.480	0.062	109.000	38.000	3.000
1177680.000	0.500	0.480	0.062	109.000	38.000	3.000
1177710.000	0.500	0.480	0.062	109.000	38.000	3.000
1177710.000	0.500	0.480	0.062	109.000	38.000	3.000
1177710.000	0.500	0.480	0.062	109.000	38.000	3.000
1177740.000	0.500	0.480	0.062	109.000	38.000	3.000
1177740.000	0.500	0.480	0.062	109.000	38.000	3.000
1177740.000	0.500	0.480	0.062	109.000	38.000	3.000
1177770.000	0.500	0.480	0.062	109.000	38.000	3.000
1177770.000	0.500	0.480	0.062	109.000	38.000	3.000
1177770.000	0.500	0.480	0.062	109.000	38.000	3.000
1177800.000	0.500	0.480	0.062	109.000	38.000	3.000
1177800.000	0.500	0.480	0.062	109.000	38.000	3.000
1177800.000	0.500	0.480	0.062	109.000	38.000	3.000
1177830.000	0.500	0.480	0.062	109.000	38.000	3.000
1177830.000	0.500	0.480	0.062	109.000	38.000	3.000
1177830.000	0.500	0.480	0.062	109.000	38.000	3.000
1177860.000	0.500	0.480	0.062	109.000	38.000	3.000
1177860.000	0.500	0.480	0.062	109.000	38.000	3.000
1177860.000	0.500	0.480	0.062	109.000	38.000	3.000
1177890.000	0.500	0.480	0.062	109.000	38.000	3.000
1177890.000	0.500	0.480	0.062	109.000	38.000	3.000
1177890.000	0.500	0.480	0.062	109.000	38.000	3.000
1177920.000	0.500	0.480	0.062	109.000	38.000	3.000
1177920.000	0.500	0.480	0.062	109.000	38.000	3.000
1177920.000	0.500	0.480	0.062	109.000	38.000	3.000
1177950.000	0.500	0.480	0.062	109.000	38.000	3.000
1177950.000	0.500	0.480	0.062	109.000	38.000	3.000
1177950.000	0.500	0.480	0.062	109.000	38.000	3.000
1177980.000	0.500	0.480	0.062	109.000	38.000	3.000
1177980.000	0.500	0.480	0.062	109.000	38.000	3.000
1177980.000	0.500	0.480	0.062	109.000	38.000	3.000
1178010.000	0.500	0.480	0.062	109.000	38.000	3.000
1178010.000	0.500	0.480	0.062	109.000	38.000	3.000
1178010.000	0.500	0.480	0.062	109.000	38.000	3.000
1178040.000	0.500	0.480	0.062	109.000	38.000	3.000
1178040.000	0.500	0.480	0.062	109.000	38.000	3.000
1178040.000	0.500	0.480	0.062	109.000	38.000	3.000
1178070.000	0.500	0.480	0.062	109.000	38.000	3.000
1178070.000	0.500	0.480	0.062	109.000	38.000	3.000
1178070.000	0.500	0.480	0.062	109.000	38.000	3.000
1178100.000	0.500	0.480	0.062	109.000	38.000	3.000
1178100.000	0.500	0.480	0.062	109.000	38.000	3.000
1178100.000	0.500	0.480	0.062	109.000	38.000	3.000
1178130.000	0.500	0.480	0.062	109.000	38.000	3.000
1178130.000	0.500	0.480	0.062	109.000	38.000	3.000
1178130.000	0.500	0.480	0.062	109.000	38.000	3.000
1178160.000	0.500	0.480	0.062	109.000	38.000	3.000
1178160.000	0.500	0.480	0.062	109.000	38.000	3.000
1178160.000	0.500	0.480	0.062	109.000	38.000	3.000
1178190.000	0.500	0.480	0.062	109.000	38.000	3.000
1178190.000	0.500	0.480	0.062	109.000	38.000	3.000
1178190.000	0.500	0.480	0.062	109.000	38.000	3.000
1178220.000	0.500	0.480	0.062	109.000	38.000	3.000
1178220.000	0.500	0.480	0.062	109.000	38.000	3.000
1178220.000	0.500	0.480	0.062	109.000	38.000	3.000
1178250.000	0.500	0.480	0.047	109.000	38.000	3.000
1178250.000	0.500	0.480	0.047	109.000	38.000	3.000
1178250.000	0.500	0.480	0.047	109.000	38.000	3.000
1178280.000	0.500	0.480	0.062	109.000	38.000	3.000
1178280.000	0.500	0.480	0.062	109.000	38.000	3.000
1178280.000	0.500	0.480	0.062	109.000	38.000	3.000
1178310.000	0.500	0.480	0.062	109.000	38.000	3.000
1178310.000	0.500	0.480	0.062	109.000	38.000	3.000
1178310.000	0.500	0.480	0.062	109.000	38.000	3.000
1178340.000	0.500	0.480	0.062	109.000	38.000	3.000
1178340.000	0.500	0.480	0.062	109.000	38.000	3.000
1178340.000	0.500	0.480	0.062	109.000	38.000	3.000
1178370.000	0.500	0.480	0.062	109.000	38.000	3.000
1178370.000	0.500	0.480	0.062	109.000	38.000	3.000
1178370.000	0.500	0.480	0.062	109.000	38.000	3.000
1178400.000	0.500	0.480	0.062	109.000	38.000	3.000
1178400.000	0.500	0.480	0.062	109.000	38.000	3.000
1178400.000	0.500	0.480	0.062	109.000	38.000	3.000
1178430.000	0.500	0.480	0.062	109.000	38.000	3.000
1178430.000	0.500	0.480	0.062	109.000	38.000	3.000
1178430.000	0.500	0.480	0.062	109.000	38.000	3.000
1178460.000	0.500	0.480	0.062	109.000	38.000	3.000
1178460.000	0.500	0.480	0.062	109.000	38.000	3.000
1178460.000	0.500	0.480	0.062	109.000	38.000	3.000
1178490.000	0.500	0.480	0.062	109.000	38.000	3.000
1178490.000	0.500	0.480	0.062	109.000	38.000	3.000
1178490.000	0.500	0.480	0.062	109.000	38.000	3.000
1178520.000	0.500	0.480	0.062	109.000	38.000	3.000
1178520.000	0.500	0.480	0.062	109.000	38.000	3.000
1178520.000	0.500	0.480	0.062	109.000	38.000	3.000
1178550.000	0.500	0.480	0.062	109.000	38.000	3.000
1178550.000	0.500	0.480	0.062	109.000	38.000	3.000
1178550.000	0.500	0.480	0.062	109.000	38.000	3.000
1178580.000	0.500	0.480	0.062	109.000	38.000	3.000
1178580.000	0.500	0.480	0.062	109.000	38.000	3.000
1178580.000	0.500	0.480	0.062	109.000	38.000	3.000
1178610.000	0.500	0.480	0.062	109.000	38.000	3.000
1178610.000	0.500	0.480	0.062	109.000	38.000	3.000
1178610.000	0.500	0.480	0.062	109.000	38.000	3.000
1178640.000	0.500	0.480	0.062	109.000	38.000	3.000
1178640.000	0.500	0.480	0.062	109.000	38.000	3.000
1178640.000	0.500	0.480	0.062	109.000	38.000	3.000
1178670.000	0.500	0.480	0.062	109.000	38.000	3.000
1178670.000	0.500	0.480	0.062	109.000	38.000	3.000
1178670.000	0.500	0.480	0.062	109.000	38.000	3.000
1178700.000	0.500	0.480	0.062	109.000	38.000	3.000
1178700.000	0.500	0.480	0.062	109.000	38.000	3.000
1178700.000	0.500	0.480	0.062	109.000	38.000	3.000
1178730.000	0.500	0.480	0.062	109.000	38.000	3.000
1178730.000	0.500	0.480	0.062	109.000	38.000	3.000
1178730.000	0.500	0.480	0.062	109.000	38.000	3.000
1178760.000	0.500	0.480	0.062	109.000	38.000	3.000
1178760.000	0.500	0.480	0.062	109.000	38.000	3.000
1178760.000	0.500	0.480	0.062	109.000	38.000	3.000
1178790.000	0.500	0.480	0.062	109.000	38.000	3.000
1178790.000	0.500	0.480	0.062	109.000	38.000	3.000
1178790.000	0.500	0.480	0.062	109.000	38.000	3.000
1178820.000	0.500	0.480	0.062	109.000	38.000	3.000
1178820.000	0.500	0.480	0.062	109.000	38.000	3.000
1178820.000	0.500	0.480	0.062	109.000	38.000	3.000
1178850.000	0.500	0.480	0.062	109.000	38.000	3.000
1178850.000	0.500	0.480	0.062	109.000	38.000	3.000
1178850.000	0.500	0.480	0.062	109.000	38.000	3.000
1178880.000	0.500	0.480	0.062	109.000	38.000	3.000
1178880.000	0.500	0.480	0.062	109.000	38.000	3.000
1178880.000	0.500	0.480	0.062	109.000	38.000	3.000
1178910.000	0.500	0.480	0.062	109.000	38.000	3.000
1178910.000	0.500	0.480	0.062	109.000	38.000	3.000
1178910.000	0.500	0.480	0.062	109.000	38.000	3.000
1178940.000	0.500	0.480	0.062	109.000	38.000	3.000
1178940.000	0.500	0.480	0.062	109.000	38.000	3.000
1178940.000	0.500	0.480	0.062	109.000	38.000	3.000
1178970.000	0.500	0.480	0.062	109.000	38.000	3.000
1178970.000	0.500	0.480	0.062	109.000	38.000	3.000
1178970.000	0.500	0.480	0.062	109.000	38.000	3.000
1179000.000	0.500	0.480	0.062	109.000	38.000	3.000
1179000.000	0.500	0.480	0.062	109.000	38.000	3.000
1179000.000	0.500	0.480	0.062	109.000	38.000	3.000
1179030.000	0.500	0.480	0.062	109.000	38.000	3.000
1179030.000	0.500	0.480	0.062	109.000	38.000	3.000
1179030.000	0.500	0.480	0.062	109.000	38.000	3.000
1179060.000	0.500	0.480	0.062	109.000	38.000	3.000
1179060.000	0.500	0.480	0.062	109.000	38.000	3.000
1179060.000	0.500	0.480	0.062	109.000	38.000	3.000
1179090.000	0.500	0.480	0.062	109.000	38.000	3.000
1179090.000	0.500	0.480	0.062	109.000	38.000	3.000
1179090.000	0.500	0.480	0.062	109.000	38.000	3.000
1179120.000	0.500	0.480	0.062	109.000	38.000	3.000
1179120.000	0.500	0.480	0.062	109.000	38.000	3.000
1179120.000	0.500	0.480	0.062	109.000	38.000	3.000
1179150.000	0.500	0.480	0.062	109.000	38.000	3.000
1179150.000	0.500	0.480	0.062	109.000	38.000	3.000
1179150.000	0.500	0.480	0.062	109.000	38.000	3.000
1179180.000	0.500	0.480	0.062	109.000	38.000	3.000
1179180.000	0.500	0.480	0.062	109.000	38.000	3.000
1179180.000	0.500	0.480	0.062	109.000	38.000	3.000
1179210.000	0.500	0.480	0.062	109.000	38.000	3.000
1179210.000	0.500	0.480	0.062	109.000	38.000	3.000
1179210.000	0.500	0.480	0.062	109.000	38.000	3.000
1179240.000	0.500	0.480	0.062	109.000	38.000	3.000
1179240.000	0.500	0.480	0.062	109.000	38.000	3.000
1179240.000	0.500	0.480	0.062	109.000	38.000	3.000
1179270.000	0.500	0.480	0.062	109.000	38.000	3.000
1179270.000	0.500	0.480	0.062	109.000	38.000	3.000
1179270.000	0.500	0.480	0.062	109.000	38.000	3.000
1179300.000	0.500	0.480	0.062	109.000	38.000	3.000
1179300.000	0.500	0.480	0.062	109.000	38.000	3.000
1179300.000	0.500	0.480	0.062	109.000	38.000	3.000
1179330.000	0.500	0.480	0.062	109.000	38.000	3.000
1179330.000	0.500	0.480	0.062	109.000	38.000	3.000
1179330.000	0.500	0.480	0.062	109.000	38.000	3.000
1179360.000	0.500	0.480	0.062	109.000	38.000	3.000
1179360.000	0.500	0.480	0.062	109.000	38.000	3.000
1179360.000	0.500	0.480	0.062	109.000	38.000	3.000
1179390.000	0.500	0.480	0.062	109.000	38.000	3.000
1179390.000	0.500	0.480	0.062	109.000	38.000	3.000
1179390.000	0.500	0.480	0.062	109.000	38.000	3.000
1179420.000	0.500	0.480	0.062	109.000	38.000	3.000
1179420.000	0.500	0.480	0.062	109.000	38.000	3.000
1179420.000	0.500	0.480	0.062	109.000	38.000	3.000
1179450.000	0.500	0.480	0.062	109.000	38.000	3.000
1179450.000	0.500	0.480	0.062	109.000	38.000	3.000
1179450.000	0.500	0.480	0.062	109.000	38.000	3.000
1179480.000	0.500	0.480	0.062	109.000	38.000	3.000
1179480.000	0.500	0.480	0.062	109.000	38.000	3.000
1179480.000	0.500	0.480	0.062	109.000	38.000	3.000
1179510.000	0.500	0.480	0.062	109.000	38.000	3.000
1179510.000	0.500	0.480	0.062	109.000	38.000	3.000
1179510.000	0.500	0.480	0.062	109.000	38.000	3.000
1179540.000	0.500	0.480	0.062	109.000	38.000	3.000
1179540.000	0.500	0.480	0.062	109.000	38.000	3.000
1179540.000	0.500	0.480	0.062	109.000	38.000	3.000
1179570.000	0.500	0.480	0.062	109.000	38.000	3.000
1179570.000	0.500	0.480	0.062	109.000	38.000	3.000
1179570.000	0.500	0.480	0.062	109.000	38.000	3.000
1179600.000	0.500	0.480	0.062	109.000	38.000	3.000
1179600.000	0.500	0.480	0.062	109.000	38.000	3.000
1179600.000	0.500	0.480	0.062	109.000	38.000	3.000
1179630.000	0.500	0.480	0.062	109.000	38.000	3.000
1179630.000	0.500	0.480	0.062	109.000	38.000	3.000
1179630.000	0.500	0.480	0.062	109.000	38.000	3.000
1179660.000	0.500	0.480	0.062	109.000	38.000	3.000
1179660.000	0.500	0.480	0.062	109.000	38.000	3.000
1179660.000	0.500	0.480	0.062	109.000	38.000	3.000
1179690.000	0.500	0.480	0.062	109.000	38.000	3.000
1179690.000	0.500	0.480	0.062	109.000	38.000	3.000
1179690.000	0.500	0.480	0.062	109.000	38.000	3.000
1179720.000	0.500	0.480	0.062	109.000	38.000	3.000
1179720.000	0.500	0.480	0.062	109.000	38.000	3.000
1179720.000	0.500	0.480	0.062	109.000	38.000	3.000
1179750.000	0.500	0.480	0.062	109.000	38.000	3.000
1179750.000	0.500	0.480	0.062	109.000	38.000	3.000
1179750.000	0.500	0.480	0.062	109.000	38.000	3.000
1179780.000	0.500	0.480	0.062	109.000	38.000	3.000
1179780.000	0.500	0.480	0.062	109.000	38.000	3.000
1179780.000	0.500	0.480	0.062	109.000	38.000	3.000
1179810.000	0.500	0.480	0.062	109.000	38.000	3.000
1179810.000	0.500	0.480	0.062	109.000	38.000	3.000
1179810.000	0.500	0.480	0.062	109.000	38.000	3.000
1179840.000	0.500	0.480	0.062	109.000	38.000	3.000
1179840.000	0.500	0.480	0.062	109.000	38.000	3.000
1179840.000	0.500	0.480	0.062	109.000	38.000	3.000
1179870.000	0.500	0.480	0.062	109.000	38.000	3.000
1179870.000	0.500	0.480	0.062	109.000	38.000	3.000
1179870.000	0.500	0.480	0.062	109.000	38.000	3.000
1179900.000	0.500	0.480	0.062	109.000	38.000	3.000
1179900.000	0.500	0.480	0.062	109.000	38.000	3.000
1179900.000	0.500	0.480	0.062	109.000	38.000	3.000
1179930.000	0.500	0.480	0.062	109.000	38.000	3.000
1179930.000	0.500	0.480	0.062	109.000	38.000	3.000
1179930.000	0.500	0.480	0.062	109.000	38.000	3.000
1179960.000	0.500	0.480	0.062	109.000	38.000	3.000
1179960.000	0.500	0.480	0.062	109.000	38.000	3.000
1179960.000	0.500	0.480	0.062	109.000	38.000	3.000
1179990.000	0.500	0.480	0.062	109.000	38.000	3.000
1179990.000	0.500	0.480	0.062	109.000	38.000	3.000
1179990.000	0.500	0.480	0.062	109.000	38.000	3.000
1180020.000	0.500	0.480	0.062	109.000	38.000	3.000
1180020.000	0.500	0.480	0.062	109.000	38.000	3.000
1180020.000	0.500	0.480	0.062	109.000	38.000	3.000
1180050.000	0.500	0.480	0.062	109.000	38.000	3.000
1180050.000	0.500	0.480	0.062	109.000	38.000	3.000
1180050.000	0.500	0.480	0.062	109.000	38.000	3.000
1180080.000	0.500	0.480	0.062	109.000	38.000	3.000
1180080.000	0.500	0.480	0.062	109.000	38.000	3.000
1180080.000	0.500	0.480	0.062	109.000	38.000	3.000
1180110.000	0.500	0.480	0.062	109.000	38.000	3.000
1180110.000	0.500	0.480	0.062	109.000	38.000	3.000
1180110.000	0.500	0.480	0.062	109.000	38.000	3.000
1180140.000	0.500	0.480	0.062	109.000	38.000	3.000
1180140.000	0.500	0.480	0.062	109.000	38.000	3.000
1180140.000	0.500	0.480	0.062	109.000	38.000	3.000
1180170.000	0.500	0.480	0.062	109.000	38.000	3.000
1180170.000	0.500	0.480	0.062	109.000	38.000	3.000
1180170.000	0.500	0.480	0.062	109.000	38.000	3.000
1180200.000	0.500	0.480	0.062	109.000	38.000	3.000
1180200.000	0.500	0.480	0.062	109.000	38.000	3.000
1180200.000	0.500	0.480	0.062	109.000	38.000	3.000
1180230.000	0.500	0.480	0.062	109.000	38.000	3.000
1180230.000	0.500	0.480	0.062	109.000	38.000	3.000
1180230.000	0.500	0.480	0.062	109.000	38.000	3.000
1180260.000	0.500	0.480	0.062	109.000	38.000	3.000
1180260.000	0.500	0.480	0.062	109.000	38.000	3.000
1180260.000	0.500	0.480	0.062	109.000	38.000	3.000
1180290.000	0.500	0.480	0.062	109.000	38.000	3.000
1180290.000	0.500	0.480	0.062	109.000	38.000	3.000
1180290.000	0.500	0.480	0.062	109.000	38.000	3.000
1180320.000	0.500	0.480	0.000	109.000	38.000	3.000
1180320.000	0.500	0.480	0.000	109.000	38.000	3.000
1180320.000	0.500	0.480	0.000	109.000	38.000	3.000
1180350.000	0.500	0.480	0.000	109.000	38.000	3.000
1180350.000	0.500	0.480	0.000	109.000	38.000	3.000
1180350.000	0.500	0.480	0.000	109.000	38.000	3.000
1180380.000	0.500	0.480	0.000	109.000	38.000	3.000
1180380.000	0.500	0.480	0.000	109.000	38.000	3.000
1180380.000	0.500	0.480	0.000	109.000	38.000	3.000
1180410.000	0.500	0.470	0.000	109.000	38.000	3.000
1180410.000	0.500	0.470	0.000	109.000	38.000	3.000
1180410.000	0.500	0.470	0.000	109.000	38.000	3.000
1180440.000	0.500	0.470	0.000	109.000	38.000	3.000
1180440.000	0.500	0.470	0.000	109.000	38.000	3.000
1180440.000	0.500	0.470	0.000	109.000	38.000	3.000
1180470.000	0.500	0.470	0.000	109.000	38.000	3.000
1180470.000	0.500	0.470	0.000	109.000	38.000	3.000
1180470.000	0.500	0.470	0.000	109.000	38.000	3.000
1180500.000	0.500	0.470	0.000	109.000	38.000	3.000
1180500.000	0.500	0.470	0.000	109.000	38.000	3.000
1180500.000	0.500	0.470	0.000	109.000	38.000	3.000
1180530.000	0.500	0.470	0.000	109.000	38.000	3.000
1180530.000	0.500	0.470	0.000	109.000	38.000	3.000
1180530.000	0.500	0.470	0.000	109.000	38.000	3.000
1180560.000	0.500	0.470	0.000	109.000	38.000	3.000
1180560.000	0.500	0.470	0.000	109.000	38.000	3.000
1180560.000	0.500	0.470	0.000	109.000	38.000	3.000
1180590.000	0.500	0.460	0.000	109.000	38.000	3.000
1180590.000	0.500	0.460	0.000	109.000	38.000	3.000
1180590.000	0.500	0.460	0.000	109.000	38.000	3.000
1180620.000	0.500	0.460	0.000	109.000	38.000	3.000
1180620.000	0.500	0.460	0.000	109.000	38.000	3.000
1180620.000	0.500	0.460	0.000	109.000	38.000	3.000
1180650.000	0.500	0.460	0.000	109.000	38.000	3.000
1180650.000	0.500	0.460	0.000	109.000	38.000	3.000
1180650.000	0.500	0.460	0.000	109.000	38.000	3.000
1180680.000	0.500	0.460	0.000	109.000	38.000	3.000
1180680.000	0.500	0.460	0.000	109.000	38.000	3.000
1180680.000	0.500	0.460	0.000	109.000	38.000	3.000
1180710.000	0.500	0.460	0.000	109.000	38.000	3.000
1180710.000	0.500	0.460	0.000	109.000	38.000	3.000
1180710.000	0.500	0.460	0.000	109.000	38.000	3.000
1180740.000	0.500	0.450	0.000	109.000	38.000	3.000
1180740.000	0.500	0.450	0.000	109.000	38.000	3.000
1180740.000	0.500	0.450	0.000	109.000	38.000	3.000
1180770.000	0.500	0.450	0.000	109.000	38.000	3.000
1180770.000	0.500	0.450	0.000	109.000	38.000	3.000
1180770.000	0.500	0.450	0.000	109.000	38.000	3.000
1180800.000	0.500	0.450	0.000	109.000	38.000	3.000
1180800.000	0.500	0.450	0.000	109.000	38.000	3.000
1180800.000	0.500	0.450	0.000	109.000	38.000	3.000
1180830.000	0.500	0.450	0.000	109.000	38.000	3.000
1180830.000	0.500	0.450	0.000	109.000	38.000	3.000
1180830.000	0.500	0.450	0.000	109.000	38.000	3.000
1180860.000	0.500	0.450	0.000	109.000	38.000	3.000
1180860.000	0.500	0.450	0.000	109.000	38.000	3.000
1180860.000	0.500	0.450	0.000	109.000	38.000	3.000
1180890.000	0.500	0.450	0.000	109.000	38.000	3.000
1180890.000	0.500	0.450	0.000	109.000	38.000	3.000
1180890.000	0.500	0.450	0.000	109.000	38.000	3.000
1180920.000	0.500	0.450	0.000	109.000	38.000	3.000
1180920.000	0.500	0.450	0.000	109.000	38.000	3.000
1180920.000	0.500	0.450	0.000	109.000	38.000	3.000
1180950.000	0.500	0.450	0.000	109.000	38.000	3.000
1180950.000	0.500	0.450	0.000	109.000	38.000	3.000
1180950.000	0.500	0.450	0.000	109.000	38.000	3.000
1180980.000	0.500	0.450	0.000	109.000	38.000	3.000
1180980.000	0.500	0.450	0.000	109.000	38.000	3.000
1180980.000	0.500	0.450	0.000	109.000	38.000	3.000
1181010.000	0.500	0.450	0.000	109.000	38.000	3.000
1181010.000	0.500	0.450	0.000	109.000	38.000	3.000
1181010.000	0.500	0.450	0.000	109.000	38.000	3.000
1181040.000	0.500	0.450	0.000	109.000	38.000	3.000
1181040.000	0.500	0.450	0.000	109.000	38.000	3.000
1181040.000	0.500	0.450	0.000	109.000	38.000	3.000
1181070.000	0.500	0.450	0.000	109.000	38.000	3.000
1181070.000	0.500	0.450	0.000	109.000	38.000	3.000
1181070.000	0.500	0.450	0.000	109.000	38.000	3.000
1181100.000	0.500	0.450	0.000	109.000	38.000	3.000
1181100.000	0.500	0.450	0.000	109.000	38.000	3.000
1181100.000	0.500	0.450	0.000	109.000	38.000	3.000
