%ArduinoTime [ms]	Reference Position [rad]	Measured Position [rad]	Actual Current [A]	Proportional Gain [Kp]	Derivative Gain [Kd]	Integral Gain [Ki]	%3/10/20231:55 PM
0.000	0.000	0.000	0.000	0.000	0.000	0.000
1103410.000	0.000	-0.010	0.000	50.000	0.000	0.000
1103440.000	0.000	-0.010	0.000	50.000	0.000	0.000
1103440.000	0.000	-0.010	0.000	50.000	0.000	0.000
1103440.000	0.000	-0.010	0.000	50.000	0.000	0.000
1103470.000	0.000	-0.010	0.000	50.000	0.000	0.000
1103470.000	0.000	-0.010	0.000	50.000	0.000	0.000
1103470.000	0.000	-0.010	0.000	50.000	0.000	0.000
1103500.000	0.000	-0.010	0.000	50.000	0.000	0.000
1103500.000	0.000	-0.010	0.000	50.000	0.000	0.000
1103500.000	0.000	-0.010	0.000	50.000	0.000	0.000
1103530.000	0.000	-0.010	0.000	50.000	0.000	0.000
1103530.000	0.000	-0.010	0.000	50.000	0.000	0.000
1103530.000	0.000	-0.010	0.000	50.000	0.000	0.000
1103560.000	0.000	-0.010	0.000	50.000	0.000	0.000
1103560.000	0.000	-0.010	0.000	50.000	0.000	0.000
1103560.000	0.000	-0.010	0.000	50.000	0.000	0.000
1103590.000	0.000	-0.010	0.000	50.000	0.000	0.000
1103590.000	0.000	-0.010	0.000	50.000	0.000	0.000
1103590.000	0.000	-0.010	0.000	50.000	0.000	0.000
1103620.000	0.000	-0.010	0.000	50.000	0.000	0.000
1103620.000	0.000	-0.010	0.000	50.000	0.000	0.000
1103620.000	0.000	-0.010	0.000	50.000	0.000	0.000
1103650.000	0.000	-0.010	0.000	50.000	0.000	0.000
1103650.000	0.000	-0.010	0.000	50.000	0.000	0.000
1103650.000	0.000	-0.010	0.000	50.000	0.000	0.000
1103680.000	0.000	-0.010	0.000	50.000	0.000	0.000
1103680.000	0.000	-0.010	0.000	50.000	0.000	0.000
1103680.000	0.000	-0.010	0.000	50.000	0.000	0.000
1103710.000	0.000	-0.010	0.000	50.000	0.000	0.000
1103710.000	0.000	-0.010	0.000	50.000	0.000	0.000
1103710.000	0.000	-0.010	0.000	50.000	0.000	0.000
1103740.000	0.000	-0.010	0.000	50.000	0.000	0.000
1103740.000	0.000	-0.010	0.000	50.000	0.000	0.000
1103740.000	0.000	-0.010	0.000	50.000	0.000	0.000
1103770.000	0.000	-0.010	0.000	50.000	0.000	0.000
1103770.000	0.000	-0.010	0.000	50.000	0.000	0.000
1103770.000	0.000	-0.010	0.000	50.000	0.000	0.000
1103800.000	0.000	-0.010	0.000	50.000	0.000	0.000
1103800.000	0.000	-0.010	0.000	50.000	0.000	0.000
1103800.000	0.000	-0.010	0.000	50.000	0.000	0.000
1103830.000	0.000	-0.010	0.000	50.000	0.000	0.000
1103830.000	0.000	-0.010	0.000	50.000	0.000	0.000
1103830.000	0.000	-0.010	0.000	50.000	0.000	0.000
1103860.000	0.000	-0.010	0.000	50.000	0.000	0.000
1103860.000	0.000	-0.010	0.000	50.000	0.000	0.000
1103860.000	0.000	-0.010	0.000	50.000	0.000	0.000
1103890.000	0.000	-0.010	0.000	50.000	0.000	0.000
1103890.000	0.000	-0.010	0.000	50.000	0.000	0.000
1103890.000	0.000	-0.010	0.000	50.000	0.000	0.000
1103920.000	0.000	0.000	-0.016	50.000	0.000	0.000
1103920.000	0.000	0.000	-0.016	50.000	0.000	0.000
1103920.000	0.000	0.000	-0.016	50.000	0.000	0.000
1103950.000	0.000	0.000	-0.016	50.000	0.000	0.000
1103950.000	0.000	0.000	-0.016	50.000	0.000	0.000
1103950.000	0.000	0.000	-0.016	50.000	0.000	0.000
1103980.000	0.000	0.000	-0.016	50.000	0.000	0.000
1103980.000	0.000	0.000	-0.016	50.000	0.000	0.000
1103980.000	0.000	0.000	-0.016	50.000	0.000	0.000
1104010.000	0.000	0.000	-0.016	50.000	0.000	0.000
1104010.000	0.000	0.000	-0.016	50.000	0.000	0.000
1104010.000	0.000	0.000	-0.016	50.000	0.000	0.000
1104040.000	0.000	0.000	-0.016	50.000	0.000	0.000
1104040.000	0.000	0.000	-0.016	50.000	0.000	0.000
1104040.000	0.000	0.000	-0.016	50.000	0.000	0.000
1104070.000	0.000	0.000	-0.016	50.000	0.000	0.000
1104070.000	0.000	0.000	-0.016	50.000	0.000	0.000
1104070.000	0.000	0.000	-0.016	50.000	0.000	0.000
1104100.000	0.000	0.000	-0.016	50.000	0.000	0.000
1104100.000	0.000	0.000	-0.016	50.000	0.000	0.000
1104100.000	0.000	0.000	-0.016	50.000	0.000	0.000
1104130.000	0.000	0.000	-0.016	50.000	0.000	0.000
1104130.000	0.000	0.000	-0.016	50.000	0.000	0.000
1104130.000	0.000	0.000	-0.016	50.000	0.000	0.000
1104160.000	0.000	0.000	-0.016	50.000	0.000	0.000
1104160.000	0.000	0.000	-0.016	50.000	0.000	0.000
1104160.000	0.000	0.000	-0.016	50.000	0.000	0.000
1104190.000	0.000	0.000	-0.016	50.000	0.000	0.000
1104190.000	0.000	0.000	-0.016	50.000	0.000	0.000
1104190.000	0.000	0.000	-0.016	50.000	0.000	0.000
1104220.000	0.000	0.000	-0.016	50.000	0.000	0.000
1104220.000	0.000	0.000	-0.016	50.000	0.000	0.000
1104220.000	0.000	0.000	-0.016	50.000	0.000	0.000
1104250.000	0.000	0.000	-0.016	50.000	0.000	0.000
1104250.000	0.000	0.000	-0.016	50.000	0.000	0.000
1104250.000	0.000	0.000	-0.016	50.000	0.000	0.000
1104280.000	0.000	0.000	-0.016	50.000	0.000	0.000
1104280.000	0.000	0.000	-0.016	50.000	0.000	0.000
1104280.000	0.000	0.000	-0.016	50.000	0.000	0.000
1104310.000	0.000	0.000	-0.016	50.000	0.000	0.000
1104310.000	0.000	0.000	-0.016	50.000	0.000	0.000
1104310.000	0.000	0.000	-0.016	50.000	0.000	0.000
1104340.000	0.000	0.000	-0.016	50.000	0.000	0.000
1104340.000	0.000	0.000	-0.016	50.000	0.000	0.000
1104340.000	0.000	0.000	-0.016	50.000	0.000	0.000
1104370.000	0.000	0.000	-0.016	50.000	0.000	0.000
1104370.000	0.000	0.000	-0.016	50.000	0.000	0.000
1104370.000	0.000	0.000	-0.016	50.000	0.000	0.000
1104400.000	0.000	0.000	-0.016	50.000	0.000	0.000
1104400.000	0.000	0.000	-0.016	50.000	0.000	0.000
1104400.000	0.000	0.000	-0.016	50.000	0.000	0.000
1104430.000	0.000	0.000	-0.016	50.000	0.000	0.000
1104430.000	0.000	0.000	-0.016	50.000	0.000	0.000
1104430.000	0.000	0.000	-0.016	50.000	0.000	0.000
1104460.000	0.000	0.000	-0.016	50.000	0.000	0.000
1104460.000	0.000	0.000	-0.016	50.000	0.000	0.000
1104460.000	0.000	0.000	-0.016	50.000	0.000	0.000
1104490.000	0.000	0.000	-0.016	50.000	0.000	0.000
1104490.000	0.000	0.000	-0.016	50.000	0.000	0.000
1104490.000	0.000	0.000	-0.016	50.000	0.000	0.000
1104520.000	0.000	0.000	-0.016	50.000	0.000	0.000
1104520.000	0.000	0.000	-0.016	50.000	0.000	0.000
1104520.000	0.000	0.000	-0.016	50.000	0.000	0.000
1104550.000	0.000	-0.010	0.000	50.000	0.000	0.000
1104550.000	0.000	-0.010	0.000	50.000	0.000	0.000
1104550.000	0.000	-0.010	0.000	50.000	0.000	0.000
1104580.000	0.000	-0.010	0.000	50.000	0.000	0.000
1104580.000	0.000	-0.010	0.000	50.000	0.000	0.000
1104580.000	0.000	-0.010	0.000	50.000	0.000	0.000
1104610.000	0.000	-0.010	0.000	50.000	0.000	0.000
1104610.000	0.000	-0.010	0.000	50.000	0.000	0.000
1104610.000	0.000	-0.010	0.000	50.000	0.000	0.000
1104640.000	0.000	-0.010	0.000	50.000	0.000	0.000
1104640.000	0.000	-0.010	0.000	50.000	0.000	0.000
1104640.000	0.000	-0.010	0.000	50.000	0.000	0.000
1104670.000	0.000	-0.010	0.000	50.000	0.000	0.000
1104670.000	0.000	-0.010	0.000	50.000	0.000	0.000
1104670.000	0.000	-0.010	0.000	50.000	0.000	0.000
1104700.000	0.000	-0.010	0.000	50.000	0.000	0.000
1104700.000	0.000	-0.010	0.000	50.000	0.000	0.000
1104700.000	0.000	-0.010	0.000	50.000	0.000	0.000
1104730.000	0.000	-0.010	0.000	50.000	0.000	0.000
1104730.000	0.000	-0.010	0.000	50.000	0.000	0.000
1104730.000	0.000	-0.010	0.000	50.000	0.000	0.000
1104760.000	0.000	-0.030	0.031	50.000	0.000	0.000
1104760.000	0.000	-0.030	0.031	50.000	0.000	0.000
1104760.000	0.000	-0.030	0.031	50.000	0.000	0.000
1104790.000	0.000	-0.070	0.062	50.000	0.000	0.000
1104790.000	0.000	-0.070	0.062	50.000	0.000	0.000
1104790.000	0.000	-0.070	0.062	50.000	0.000	0.000
1104820.000	0.000	-0.100	0.109	50.000	0.000	0.000
1104820.000	0.000	-0.100	0.109	50.000	0.000	0.000
1104820.000	0.000	-0.100	0.109	50.000	0.000	0.000
1104850.000	0.000	-0.140	0.156	50.000	0.000	0.000
1104850.000	0.000	-0.140	0.156	50.000	0.000	0.000
1104850.000	0.000	-0.140	0.156	50.000	0.000	0.000
1104880.000	0.000	-0.190	0.203	50.000	0.000	0.000
1104880.000	0.000	-0.190	0.203	50.000	0.000	0.000
1104880.000	0.000	-0.190	0.203	50.000	0.000	0.000
1104910.000	0.000	-0.230	0.266	50.000	0.000	0.000
1104910.000	0.000	-0.230	0.266	50.000	0.000	0.000
1104910.000	0.000	-0.230	0.266	50.000	0.000	0.000
1104940.000	0.000	-0.280	0.328	50.000	0.000	0.000
1104940.000	0.000	-0.280	0.328	50.000	0.000	0.000
1104940.000	0.000	-0.280	0.328	50.000	0.000	0.000
1104970.000	0.000	-0.330	0.375	50.000	0.000	0.000
1104970.000	0.000	-0.330	0.375	50.000	0.000	0.000
1104970.000	0.000	-0.330	0.375	50.000	0.000	0.000
1105000.000	0.000	-0.380	0.437	50.000	0.000	0.000
1105000.000	0.000	-0.380	0.437	50.000	0.000	0.000
1105000.000	0.000	-0.380	0.437	50.000	0.000	0.000
1105030.000	0.000	-0.420	0.484	50.000	0.000	0.000
1105030.000	0.000	-0.420	0.484	50.000	0.000	0.000
1105030.000	0.000	-0.420	0.484	50.000	0.000	0.000
1105060.000	0.000	-0.460	0.531	50.000	0.000	0.000
1105060.000	0.000	-0.460	0.531	50.000	0.000	0.000
1105060.000	0.000	-0.460	0.531	50.000	0.000	0.000
1105090.000	0.000	-0.500	0.578	50.000	0.000	0.000
1105090.000	0.000	-0.500	0.578	50.000	0.000	0.000
1105090.000	0.000	-0.500	0.578	50.000	0.000	0.000
1105120.000	0.000	-0.540	0.625	50.000	0.000	0.000
1105120.000	0.000	-0.540	0.625	50.000	0.000	0.000
1105120.000	0.000	-0.540	0.625	50.000	0.000	0.000
1105150.000	0.000	-0.570	0.656	50.000	0.000	0.000
1105150.000	0.000	-0.570	0.656	50.000	0.000	0.000
1105150.000	0.000	-0.570	0.656	50.000	0.000	0.000
1105180.000	0.000	-0.590	0.687	50.000	0.000	0.000
1105180.000	0.000	-0.590	0.687	50.000	0.000	0.000
1105180.000	0.000	-0.590	0.687	50.000	0.000	0.000
1105210.000	0.000	-0.620	0.719	50.000	0.000	0.000
1105210.000	0.000	-0.620	0.719	50.000	0.000	0.000
1105210.000	0.000	-0.620	0.719	50.000	0.000	0.000
1105240.000	0.000	-0.640	0.750	50.000	0.000	0.000
1105240.000	0.000	-0.640	0.750	50.000	0.000	0.000
1105240.000	0.000	-0.640	0.750	50.000	0.000	0.000
1105270.000	0.000	-0.650	0.766	50.000	0.000	0.000
1105270.000	0.000	-0.650	0.766	50.000	0.000	0.000
1105270.000	0.000	-0.650	0.766	50.000	0.000	0.000
1105300.000	0.000	-0.660	0.781	50.000	0.000	0.000
1105300.000	0.000	-0.660	0.781	50.000	0.000	0.000
1105300.000	0.000	-0.660	0.781	50.000	0.000	0.000
1105330.000	0.000	-0.670	0.781	50.000	0.000	0.000
1105330.000	0.000	-0.670	0.781	50.000	0.000	0.000
1105330.000	0.000	-0.670	0.781	50.000	0.000	0.000
1105360.000	0.000	-0.670	0.781	50.000	0.000	0.000
1105360.000	0.000	-0.670	0.781	50.000	0.000	0.000
1105360.000	0.000	-0.670	0.781	50.000	0.000	0.000
1105390.000	0.000	-0.660	0.781	50.000	0.000	0.000
1105390.000	0.000	-0.660	0.781	50.000	0.000	0.000
1105390.000	0.000	-0.660	0.781	50.000	0.000	0.000
1105420.000	0.000	-0.650	0.766	50.000	0.000	0.000
1105420.000	0.000	-0.650	0.766	50.000	0.000	0.000
1105420.000	0.000	-0.650	0.766	50.000	0.000	0.000
1105450.000	0.000	-0.640	0.750	50.000	0.000	0.000
1105450.000	0.000	-0.640	0.750	50.000	0.000	0.000
1105450.000	0.000	-0.640	0.750	50.000	0.000	0.000
1105480.000	0.000	-0.620	0.734	50.000	0.000	0.000
1105480.000	0.000	-0.620	0.734	50.000	0.000	0.000
1105480.000	0.000	-0.620	0.734	50.000	0.000	0.000
1105510.000	0.000	-0.600	0.703	50.000	0.000	0.000
1105510.000	0.000	-0.600	0.703	50.000	0.000	0.000
1105510.000	0.000	-0.600	0.703	50.000	0.000	0.000
1105540.000	0.000	-0.580	0.672	50.000	0.000	0.000
1105540.000	0.000	-0.580	0.672	50.000	0.000	0.000
1105540.000	0.000	-0.580	0.672	50.000	0.000	0.000
1105570.000	0.000	-0.550	0.641	50.000	0.000	0.000
1105570.000	0.000	-0.550	0.641	50.000	0.000	0.000
1105570.000	0.000	-0.550	0.641	50.000	0.000	0.000
1105600.000	0.000	-0.520	0.609	50.000	0.000	0.000
1105600.000	0.000	-0.520	0.609	50.000	0.000	0.000
1105600.000	0.000	-0.520	0.609	50.000	0.000	0.000
1105630.000	0.000	-0.480	0.562	50.000	0.000	0.000
1105630.000	0.000	-0.480	0.562	50.000	0.000	0.000
1105630.000	0.000	-0.480	0.562	50.000	0.000	0.000
1105660.000	0.000	-0.450	0.516	50.000	0.000	0.000
1105660.000	0.000	-0.450	0.516	50.000	0.000	0.000
1105660.000	0.000	-0.450	0.516	50.000	0.000	0.000
1105690.000	0.000	-0.410	0.469	50.000	0.000	0.000
1105690.000	0.000	-0.410	0.469	50.000	0.000	0.000
1105690.000	0.000	-0.410	0.469	50.000	0.000	0.000
1105720.000	0.000	-0.360	0.422	50.000	0.000	0.000
1105720.000	0.000	-0.360	0.422	50.000	0.000	0.000
1105720.000	0.000	-0.360	0.422	50.000	0.000	0.000
1105750.000	0.000	-0.320	0.375	50.000	0.000	0.000
1105750.000	0.000	-0.320	0.375	50.000	0.000	0.000
1105750.000	0.000	-0.320	0.375	50.000	0.000	0.000
1105780.000	0.000	-0.270	0.312	50.000	0.000	0.000
1105780.000	0.000	-0.270	0.312	50.000	0.000	0.000
1105780.000	0.000	-0.270	0.312	50.000	0.000	0.000
1105810.000	0.000	-0.230	0.266	50.000	0.000	0.000
1105810.000	0.000	-0.230	0.266	50.000	0.000	0.000
1105810.000	0.000	-0.230	0.266	50.000	0.000	0.000
1105840.000	0.000	-0.180	0.203	50.000	0.000	0.000
1105840.000	0.000	-0.180	0.203	50.000	0.000	0.000
1105840.000	0.000	-0.180	0.203	50.000	0.000	0.000
1105870.000	0.000	-0.130	0.141	50.000	0.000	0.000
1105870.000	0.000	-0.130	0.141	50.000	0.000	0.000
1105870.000	0.000	-0.130	0.141	50.000	0.000	0.000
1105900.000	0.000	-0.080	0.078	50.000	0.000	0.000
1105900.000	0.000	-0.080	0.078	50.000	0.000	0.000
1105900.000	0.000	-0.080	0.078	50.000	0.000	0.000
1105930.000	0.000	-0.030	0.031	50.000	0.000	0.000
1105930.000	0.000	-0.030	0.031	50.000	0.000	0.000
1105930.000	0.000	-0.030	0.031	50.000	0.000	0.000
1105960.000	0.000	0.020	-0.031	50.000	0.000	0.000
1105960.000	0.000	0.020	-0.031	50.000	0.000	0.000
1105960.000	0.000	0.020	-0.031	50.000	0.000	0.000
1105990.000	0.000	0.060	-0.094	50.000	0.000	0.000
1105990.000	0.000	0.060	-0.094	50.000	0.000	0.000
1105990.000	0.000	0.060	-0.094	50.000	0.000	0.000
1106020.000	0.000	0.110	-0.141	50.000	0.000	0.000
1106020.000	0.000	0.110	-0.141	50.000	0.000	0.000
1106020.000	0.000	0.110	-0.141	50.000	0.000	0.000
1106050.000	0.000	0.150	-0.203	50.000	0.000	0.000
1106050.000	0.000	0.150	-0.203	50.000	0.000	0.000
1106050.000	0.000	0.150	-0.203	50.000	0.000	0.000
1106080.000	0.000	0.200	-0.250	50.000	0.000	0.000
1106080.000	0.000	0.200	-0.250	50.000	0.000	0.000
1106080.000	0.000	0.200	-0.250	50.000	0.000	0.000
1106110.000	0.000	0.240	-0.297	50.000	0.000	0.000
1106110.000	0.000	0.240	-0.297	50.000	0.000	0.000
1106110.000	0.000	0.240	-0.297	50.000	0.000	0.000
1106140.000	0.000	0.280	-0.344	50.000	0.000	0.000
1106140.000	0.000	0.280	-0.344	50.000	0.000	0.000
1106140.000	0.000	0.280	-0.344	50.000	0.000	0.000
1106170.000	0.000	0.310	-0.391	50.000	0.000	0.000
1106170.000	0.000	0.310	-0.391	50.000	0.000	0.000
1106170.000	0.000	0.310	-0.391	50.000	0.000	0.000
1106200.000	0.000	0.340	-0.422	50.000	0.000	0.000
1106200.000	0.000	0.340	-0.422	50.000	0.000	0.000
1106200.000	0.000	0.340	-0.422	50.000	0.000	0.000
1106230.000	0.000	0.370	-0.453	50.000	0.000	0.000
1106230.000	0.000	0.370	-0.453	50.000	0.000	0.000
1106230.000	0.000	0.370	-0.453	50.000	0.000	0.000
1106260.000	0.000	0.400	-0.484	50.000	0.000	0.000
1106260.000	0.000	0.400	-0.484	50.000	0.000	0.000
1106260.000	0.000	0.400	-0.484	50.000	0.000	0.000
1106290.000	0.000	0.420	-0.516	50.000	0.000	0.000
1106290.000	0.000	0.420	-0.516	50.000	0.000	0.000
1106290.000	0.000	0.420	-0.516	50.000	0.000	0.000
1106320.000	0.000	0.440	-0.531	50.000	0.000	0.000
1106320.000	0.000	0.440	-0.531	50.000	0.000	0.000
1106320.000	0.000	0.440	-0.531	50.000	0.000	0.000
1106350.000	0.000	0.450	-0.547	50.000	0.000	0.000
1106350.000	0.000	0.450	-0.547	50.000	0.000	0.000
1106350.000	0.000	0.450	-0.547	50.000	0.000	0.000
1106380.000	0.000	0.460	-0.562	50.000	0.000	0.000
1106380.000	0.000	0.460	-0.562	50.000	0.000	0.000
1106380.000	0.000	0.460	-0.562	50.000	0.000	0.000
1106410.000	0.000	0.460	-0.562	50.000	0.000	0.000
1106410.000	0.000	0.460	-0.562	50.000	0.000	0.000
1106410.000	0.000	0.460	-0.562	50.000	0.000	0.000
1106440.000	0.000	0.460	-0.562	50.000	0.000	0.000
1106440.000	0.000	0.460	-0.562	50.000	0.000	0.000
1106440.000	0.000	0.460	-0.562	50.000	0.000	0.000
1106470.000	0.000	0.460	-0.562	50.000	0.000	0.000
1106470.000	0.000	0.460	-0.562	50.000	0.000	0.000
1106470.000	0.000	0.460	-0.562	50.000	0.000	0.000
1106500.000	0.000	0.450	-0.547	50.000	0.000	0.000
1106500.000	0.000	0.450	-0.547	50.000	0.000	0.000
1106500.000	0.000	0.450	-0.547	50.000	0.000	0.000
1106530.000	0.000	0.440	-0.531	50.000	0.000	0.000
1106530.000	0.000	0.440	-0.531	50.000	0.000	0.000
1106530.000	0.000	0.440	-0.531	50.000	0.000	0.000
1106560.000	0.000	0.420	-0.516	50.000	0.000	0.000
1106560.000	0.000	0.420	-0.516	50.000	0.000	0.000
1106560.000	0.000	0.420	-0.516	50.000	0.000	0.000
1106590.000	0.000	0.400	-0.500	50.000	0.000	0.000
1106590.000	0.000	0.400	-0.500	50.000	0.000	0.000
1106590.000	0.000	0.400	-0.500	50.000	0.000	0.000
1106620.000	0.000	0.380	-0.469	50.000	0.000	0.000
1106620.000	0.000	0.380	-0.469	50.000	0.000	0.000
1106620.000	0.000	0.380	-0.469	50.000	0.000	0.000
1106650.000	0.000	0.350	-0.437	50.000	0.000	0.000
1106650.000	0.000	0.350	-0.437	50.000	0.000	0.000
1106650.000	0.000	0.350	-0.437	50.000	0.000	0.000
1106680.000	0.000	0.320	-0.406	50.000	0.000	0.000
1106680.000	0.000	0.320	-0.406	50.000	0.000	0.000
1106680.000	0.000	0.320	-0.406	50.000	0.000	0.000
1106710.000	0.000	0.290	-0.359	50.000	0.000	0.000
1106710.000	0.000	0.290	-0.359	50.000	0.000	0.000
1106710.000	0.000	0.290	-0.359	50.000	0.000	0.000
1106740.000	0.000	0.260	-0.328	50.000	0.000	0.000
1106740.000	0.000	0.260	-0.328	50.000	0.000	0.000
1106740.000	0.000	0.260	-0.328	50.000	0.000	0.000
1106770.000	0.000	0.220	-0.281	50.000	0.000	0.000
1106770.000	0.000	0.220	-0.281	50.000	0.000	0.000
1106770.000	0.000	0.220	-0.281	50.000	0.000	0.000
1106800.000	0.000	0.180	-0.234	50.000	0.000	0.000
1106800.000	0.000	0.180	-0.234	50.000	0.000	0.000
1106800.000	0.000	0.180	-0.234	50.000	0.000	0.000
1106830.000	0.000	0.140	-0.187	50.000	0.000	0.000
1106830.000	0.000	0.140	-0.187	50.000	0.000	0.000
1106830.000	0.000	0.140	-0.187	50.000	0.000	0.000
1106860.000	0.000	0.100	-0.125	50.000	0.000	0.000
1106860.000	0.000	0.100	-0.125	50.000	0.000	0.000
1106860.000	0.000	0.100	-0.125	50.000	0.000	0.000
1106890.000	0.000	0.050	-0.078	50.000	0.000	0.000
1106890.000	0.000	0.050	-0.078	50.000	0.000	0.000
1106890.000	0.000	0.050	-0.078	50.000	0.000	0.000
1106920.000	0.000	0.010	-0.031	50.000	0.000	0.000
1106920.000	0.000	0.010	-0.031	50.000	0.000	0.000
1106920.000	0.000	0.010	-0.031	50.000	0.000	0.000
1106950.000	0.000	-0.030	0.031	50.000	0.000	0.000
1106950.000	0.000	-0.030	0.031	50.000	0.000	0.000
1106950.000	0.000	-0.030	0.031	50.000	0.000	0.000
1106980.000	0.000	-0.080	0.078	50.000	0.000	0.000
1106980.000	0.000	-0.080	0.078	50.000	0.000	0.000
1106980.000	0.000	-0.080	0.078	50.000	0.000	0.000
1107010.000	0.000	-0.120	0.125	50.000	0.000	0.000
1107010.000	0.000	-0.120	0.125	50.000	0.000	0.000
1107010.000	0.000	-0.120	0.125	50.000	0.000	0.000
1107040.000	0.000	-0.170	0.187	50.000	0.000	0.000
1107040.000	0.000	-0.170	0.187	50.000	0.000	0.000
1107040.000	0.000	-0.170	0.187	50.000	0.000	0.000
1107070.000	0.000	-0.210	0.234	50.000	0.000	0.000
1107070.000	0.000	-0.210	0.234	50.000	0.000	0.000
1107070.000	0.000	-0.210	0.234	50.000	0.000	0.000
1107100.000	0.000	-0.250	0.281	50.000	0.000	0.000
1107100.000	0.000	-0.250	0.281	50.000	0.000	0.000
1107100.000	0.000	-0.250	0.281	50.000	0.000	0.000
1107130.000	0.000	-0.290	0.328	50.000	0.000	0.000
1107130.000	0.000	-0.290	0.328	50.000	0.000	0.000
1107130.000	0.000	-0.290	0.328	50.000	0.000	0.000
1107160.000	0.000	-0.330	0.375	50.000	0.000	0.000
1107160.000	0.000	-0.330	0.375	50.000	0.000	0.000
1107160.000	0.000	-0.330	0.375	50.000	0.000	0.000
1107190.000	0.000	-0.360	0.422	50.000	0.000	0.000
1107190.000	0.000	-0.360	0.422	50.000	0.000	0.000
1107190.000	0.000	-0.360	0.422	50.000	0.000	0.000
1107220.000	0.000	-0.390	0.453	50.000	0.000	0.000
1107220.000	0.000	-0.390	0.453	50.000	0.000	0.000
1107220.000	0.000	-0.390	0.453	50.000	0.000	0.000
1107250.000	0.000	-0.420	0.484	50.000	0.000	0.000
1107250.000	0.000	-0.420	0.484	50.000	0.000	0.000
1107250.000	0.000	-0.420	0.484	50.000	0.000	0.000
1107280.000	0.000	-0.450	0.516	50.000	0.000	0.000
1107280.000	0.000	-0.450	0.516	50.000	0.000	0.000
1107280.000	0.000	-0.450	0.516	50.000	0.000	0.000
1107310.000	0.000	-0.470	0.547	50.000	0.000	0.000
1107310.000	0.000	-0.470	0.547	50.000	0.000	0.000
1107310.000	0.000	-0.470	0.547	50.000	0.000	0.000
1107340.000	0.000	-0.500	0.578	50.000	0.000	0.000
1107340.000	0.000	-0.500	0.578	50.000	0.000	0.000
1107340.000	0.000	-0.500	0.578	50.000	0.000	0.000
1107370.000	0.000	-0.510	0.594	50.000	0.000	0.000
1107370.000	0.000	-0.510	0.594	50.000	0.000	0.000
1107370.000	0.000	-0.510	0.594	50.000	0.000	0.000
1107400.000	0.000	-0.530	0.609	50.000	0.000	0.000
1107400.000	0.000	-0.530	0.609	50.000	0.000	0.000
1107400.000	0.000	-0.530	0.609	50.000	0.000	0.000
1107430.000	0.000	-0.540	0.625	50.000	0.000	0.000
1107430.000	0.000	-0.540	0.625	50.000	0.000	0.000
1107430.000	0.000	-0.540	0.625	50.000	0.000	0.000
1107460.000	0.000	-0.540	0.625	50.000	0.000	0.000
1107460.000	0.000	-0.540	0.625	50.000	0.000	0.000
1107460.000	0.000	-0.540	0.625	50.000	0.000	0.000
1107490.000	0.000	-0.540	0.641	50.000	0.000	0.000
1107490.000	0.000	-0.540	0.641	50.000	0.000	0.000
1107490.000	0.000	-0.540	0.641	50.000	0.000	0.000
1107520.000	0.000	-0.540	0.625	50.000	0.000	0.000
1107520.000	0.000	-0.540	0.625	50.000	0.000	0.000
1107520.000	0.000	-0.540	0.625	50.000	0.000	0.000
1107550.000	0.000	-0.540	0.625	50.000	0.000	0.000
1107550.000	0.000	-0.540	0.625	50.000	0.000	0.000
1107550.000	0.000	-0.540	0.625	50.000	0.000	0.000
1107580.000	0.000	-0.530	0.609	50.000	0.000	0.000
1107580.000	0.000	-0.530	0.609	50.000	0.000	0.000
1107580.000	0.000	-0.530	0.609	50.000	0.000	0.000
1107610.000	0.000	-0.510	0.594	50.000	0.000	0.000
1107610.000	0.000	-0.510	0.594	50.000	0.000	0.000
1107610.000	0.000	-0.510	0.594	50.000	0.000	0.000
1107640.000	0.000	-0.500	0.578	50.000	0.000	0.000
1107640.000	0.000	-0.500	0.578	50.000	0.000	0.000
1107640.000	0.000	-0.500	0.578	50.000	0.000	0.000
1107670.000	0.000	-0.480	0.562	50.000	0.000	0.000
1107670.000	0.000	-0.480	0.562	50.000	0.000	0.000
1107670.000	0.000	-0.480	0.562	50.000	0.000	0.000
1107700.000	0.000	-0.450	0.531	50.000	0.000	0.000
1107700.000	0.000	-0.450	0.531	50.000	0.000	0.000
1107700.000	0.000	-0.450	0.531	50.000	0.000	0.000
1107730.000	0.000	-0.430	0.500	50.000	0.000	0.000
1107730.000	0.000	-0.430	0.500	50.000	0.000	0.000
1107730.000	0.000	-0.430	0.500	50.000	0.000	0.000
1107760.000	0.000	-0.400	0.469	50.000	0.000	0.000
1107760.000	0.000	-0.400	0.469	50.000	0.000	0.000
1107760.000	0.000	-0.400	0.469	50.000	0.000	0.000
1107790.000	0.000	-0.370	0.422	50.000	0.000	0.000
1107790.000	0.000	-0.370	0.422	50.000	0.000	0.000
1107790.000	0.000	-0.370	0.422	50.000	0.000	0.000
1107820.000	0.000	-0.340	0.391	50.000	0.000	0.000
1107820.000	0.000	-0.340	0.391	50.000	0.000	0.000
1107820.000	0.000	-0.340	0.391	50.000	0.000	0.000
1107850.000	0.000	-0.300	0.344	50.000	0.000	0.000
1107850.000	0.000	-0.300	0.344	50.000	0.000	0.000
1107850.000	0.000	-0.300	0.344	50.000	0.000	0.000
1107880.000	0.000	-0.270	0.312	50.000	0.000	0.000
1107880.000	0.000	-0.270	0.312	50.000	0.000	0.000
1107880.000	0.000	-0.270	0.312	50.000	0.000	0.000
1107910.000	0.000	-0.230	0.266	50.000	0.000	0.000
1107910.000	0.000	-0.230	0.266	50.000	0.000	0.000
1107910.000	0.000	-0.230	0.266	50.000	0.000	0.000
1107940.000	0.000	-0.190	0.219	50.000	0.000	0.000
1107940.000	0.000	-0.190	0.219	50.000	0.000	0.000
1107940.000	0.000	-0.190	0.219	50.000	0.000	0.000
1107970.000	0.000	-0.150	0.172	50.000	0.000	0.000
1107970.000	0.000	-0.150	0.172	50.000	0.000	0.000
1107970.000	0.000	-0.150	0.172	50.000	0.000	0.000
1108000.000	0.000	-0.120	0.125	50.000	0.000	0.000
1108000.000	0.000	-0.120	0.125	50.000	0.000	0.000
1108000.000	0.000	-0.120	0.125	50.000	0.000	0.000
1108030.000	0.000	-0.080	0.078	50.000	0.000	0.000
1108030.000	0.000	-0.080	0.078	50.000	0.000	0.000
1108030.000	0.000	-0.080	0.078	50.000	0.000	0.000
1108060.000	0.000	-0.040	0.031	50.000	0.000	0.000
1108060.000	0.000	-0.040	0.031	50.000	0.000	0.000
1108060.000	0.000	-0.040	0.031	50.000	0.000	0.000
1108090.000	0.000	0.000	-0.016	50.000	0.000	0.000
1108090.000	0.000	0.000	-0.016	50.000	0.000	0.000
1108090.000	0.000	0.000	-0.016	50.000	0.000	0.000
1108120.000	0.000	0.040	-0.062	50.000	0.000	0.000
1108120.000	0.000	0.040	-0.062	50.000	0.000	0.000
1108120.000	0.000	0.040	-0.062	50.000	0.000	0.000
1108150.000	0.000	0.080	-0.109	50.000	0.000	0.000
1108150.000	0.000	0.080	-0.109	50.000	0.000	0.000
1108150.000	0.000	0.080	-0.109	50.000	0.000	0.000
1108180.000	0.000	0.110	-0.141	50.000	0.000	0.000
1108180.000	0.000	0.110	-0.141	50.000	0.000	0.000
1108180.000	0.000	0.110	-0.141	50.000	0.000	0.000
1108210.000	0.000	0.150	-0.187	50.000	0.000	0.000
1108210.000	0.000	0.150	-0.187	50.000	0.000	0.000
1108210.000	0.000	0.150	-0.187	50.000	0.000	0.000
1108240.000	0.000	0.180	-0.234	50.000	0.000	0.000
1108240.000	0.000	0.180	-0.234	50.000	0.000	0.000
1108240.000	0.000	0.180	-0.234	50.000	0.000	0.000
1108270.000	0.000	0.210	-0.266	50.000	0.000	0.000
1108270.000	0.000	0.210	-0.266	50.000	0.000	0.000
1108270.000	0.000	0.210	-0.266	50.000	0.000	0.000
1108300.000	0.000	0.240	-0.297	50.000	0.000	0.000
1108300.000	0.000	0.240	-0.297	50.000	0.000	0.000
1108300.000	0.000	0.240	-0.297	50.000	0.000	0.000
1108330.000	0.000	0.260	-0.328	50.000	0.000	0.000
1108330.000	0.000	0.260	-0.328	50.000	0.000	0.000
1108330.000	0.000	0.260	-0.328	50.000	0.000	0.000
1108360.000	0.000	0.290	-0.359	50.000	0.000	0.000
1108360.000	0.000	0.290	-0.359	50.000	0.000	0.000
1108360.000	0.000	0.290	-0.359	50.000	0.000	0.000
1108390.000	0.000	0.310	-0.375	50.000	0.000	0.000
1108390.000	0.000	0.310	-0.375	50.000	0.000	0.000
1108390.000	0.000	0.310	-0.375	50.000	0.000	0.000
1108420.000	0.000	0.320	-0.406	50.000	0.000	0.000
1108420.000	0.000	0.320	-0.406	50.000	0.000	0.000
1108420.000	0.000	0.320	-0.406	50.000	0.000	0.000
1108450.000	0.000	0.340	-0.422	50.000	0.000	0.000
1108450.000	0.000	0.340	-0.422	50.000	0.000	0.000
1108450.000	0.000	0.340	-0.422	50.000	0.000	0.000
1108480.000	0.000	0.350	-0.422	50.000	0.000	0.000
1108480.000	0.000	0.350	-0.422	50.000	0.000	0.000
1108480.000	0.000	0.350	-0.422	50.000	0.000	0.000
1108510.000	0.000	0.350	-0.437	50.000	0.000	0.000
1108510.000	0.000	0.350	-0.437	50.000	0.000	0.000
1108510.000	0.000	0.350	-0.437	50.000	0.000	0.000
1108540.000	0.000	0.360	-0.437	50.000	0.000	0.000
1108540.000	0.000	0.360	-0.437	50.000	0.000	0.000
1108540.000	0.000	0.360	-0.437	50.000	0.000	0.000
1108570.000	0.000	0.360	-0.437	50.000	0.000	0.000
1108570.000	0.000	0.360	-0.437	50.000	0.000	0.000
1108570.000	0.000	0.360	-0.437	50.000	0.000	0.000
1108600.000	0.000	0.350	-0.437	50.000	0.000	0.000
1108600.000	0.000	0.350	-0.437	50.000	0.000	0.000
1108600.000	0.000	0.350	-0.437	50.000	0.000	0.000
1108630.000	0.000	0.350	-0.422	50.000	0.000	0.000
1108630.000	0.000	0.350	-0.422	50.000	0.000	0.000
1108630.000	0.000	0.350	-0.422	50.000	0.000	0.000
1108660.000	0.000	0.340	-0.422	50.000	0.000	0.000
1108660.000	0.000	0.340	-0.422	50.000	0.000	0.000
1108660.000	0.000	0.340	-0.422	50.000	0.000	0.000
1108690.000	0.000	0.320	-0.391	50.000	0.000	0.000
1108690.000	0.000	0.320	-0.391	50.000	0.000	0.000
1108690.000	0.000	0.320	-0.391	50.000	0.000	0.000
1108720.000	0.000	0.300	-0.375	50.000	0.000	0.000
1108720.000	0.000	0.300	-0.375	50.000	0.000	0.000
1108720.000	0.000	0.300	-0.375	50.000	0.000	0.000
1108750.000	0.000	0.280	-0.359	50.000	0.000	0.000
1108750.000	0.000	0.280	-0.359	50.000	0.000	0.000
1108750.000	0.000	0.280	-0.359	50.000	0.000	0.000
1108780.000	0.000	0.260	-0.328	50.000	0.000	0.000
1108780.000	0.000	0.260	-0.328	50.000	0.000	0.000
1108780.000	0.000	0.260	-0.328	50.000	0.000	0.000
1108810.000	0.000	0.240	-0.297	50.000	0.000	0.000
1108810.000	0.000	0.240	-0.297	50.000	0.000	0.000
1108810.000	0.000	0.240	-0.297	50.000	0.000	0.000
1108840.000	0.000	0.210	-0.266	50.000	0.000	0.000
1108840.000	0.000	0.210	-0.266	50.000	0.000	0.000
1108840.000	0.000	0.210	-0.266	50.000	0.000	0.000
1108870.000	0.000	0.180	-0.234	50.000	0.000	0.000
1108870.000	0.000	0.180	-0.234	50.000	0.000	0.000
1108870.000	0.000	0.180	-0.234	50.000	0.000	0.000
1108900.000	0.000	0.150	-0.203	50.000	0.000	0.000
1108900.000	0.000	0.150	-0.203	50.000	0.000	0.000
1108900.000	0.000	0.150	-0.203	50.000	0.000	0.000
1108930.000	0.000	0.120	-0.156	50.000	0.000	0.000
1108930.000	0.000	0.120	-0.156	50.000	0.000	0.000
1108930.000	0.000	0.120	-0.156	50.000	0.000	0.000
1108960.000	0.000	0.090	-0.125	50.000	0.000	0.000
1108960.000	0.000	0.090	-0.125	50.000	0.000	0.000
1108960.000	0.000	0.090	-0.125	50.000	0.000	0.000
1108990.000	0.000	0.060	-0.078	50.000	0.000	0.000
1108990.000	0.000	0.060	-0.078	50.000	0.000	0.000
1108990.000	0.000	0.060	-0.078	50.000	0.000	0.000
1109020.000	0.000	0.020	-0.047	50.000	0.000	0.000
1109020.000	0.000	0.020	-0.047	50.000	0.000	0.000
1109020.000	0.000	0.020	-0.047	50.000	0.000	0.000
1109050.000	0.000	-0.010	0.000	50.000	0.000	0.000
1109050.000	0.000	-0.010	0.000	50.000	0.000	0.000
1109050.000	0.000	-0.010	0.000	50.000	0.000	0.000
1109080.000	0.000	-0.050	0.047	50.000	0.000	0.000
1109080.000	0.000	-0.050	0.047	50.000	0.000	0.000
1109080.000	0.000	-0.050	0.047	50.000	0.000	0.000
1109110.000	0.000	-0.080	0.078	50.000	0.000	0.000
1109110.000	0.000	-0.080	0.078	50.000	0.000	0.000
1109110.000	0.000	-0.080	0.078	50.000	0.000	0.000
1109140.000	0.000	-0.120	0.125	50.000	0.000	0.000
1109140.000	0.000	-0.120	0.125	50.000	0.000	0.000
1109140.000	0.000	-0.120	0.125	50.000	0.000	0.000
1109170.000	0.000	-0.150	0.156	50.000	0.000	0.000
1109170.000	0.000	-0.150	0.156	50.000	0.000	0.000
1109170.000	0.000	-0.150	0.156	50.000	0.000	0.000
1109200.000	0.000	-0.180	0.203	50.000	0.000	0.000
1109200.000	0.000	-0.180	0.203	50.000	0.000	0.000
1109200.000	0.000	-0.180	0.203	50.000	0.000	0.000
1109230.000	0.000	-0.210	0.234	50.000	0.000	0.000
1109230.000	0.000	-0.210	0.234	50.000	0.000	0.000
1109230.000	0.000	-0.210	0.234	50.000	0.000	0.000
1109260.000	0.000	-0.240	0.266	50.000	0.000	0.000
1109260.000	0.000	-0.240	0.266	50.000	0.000	0.000
1109260.000	0.000	-0.240	0.266	50.000	0.000	0.000
1109290.000	0.000	-0.270	0.312	50.000	0.000	0.000
1109290.000	0.000	-0.270	0.312	50.000	0.000	0.000
1109290.000	0.000	-0.270	0.312	50.000	0.000	0.000
1109320.000	0.000	-0.300	0.344	50.000	0.000	0.000
1109320.000	0.000	-0.300	0.344	50.000	0.000	0.000
1109320.000	0.000	-0.300	0.344	50.000	0.000	0.000
1109350.000	0.000	-0.320	0.375	50.000	0.000	0.000
1109350.000	0.000	-0.320	0.375	50.000	0.000	0.000
1109350.000	0.000	-0.320	0.375	50.000	0.000	0.000
1109380.000	0.000	-0.340	0.391	50.000	0.000	0.000
1109380.000	0.000	-0.340	0.391	50.000	0.000	0.000
1109380.000	0.000	-0.340	0.391	50.000	0.000	0.000
1109410.000	0.000	-0.360	0.422	50.000	0.000	0.000
1109410.000	0.000	-0.360	0.422	50.000	0.000	0.000
1109410.000	0.000	-0.360	0.422	50.000	0.000	0.000
1109440.000	0.000	-0.380	0.437	50.000	0.000	0.000
1109440.000	0.000	-0.380	0.437	50.000	0.000	0.000
1109440.000	0.000	-0.380	0.437	50.000	0.000	0.000
1109470.000	0.000	-0.400	0.453	50.000	0.000	0.000
1109470.000	0.000	-0.400	0.453	50.000	0.000	0.000
1109470.000	0.000	-0.400	0.453	50.000	0.000	0.000
1109500.000	0.000	-0.410	0.469	50.000	0.000	0.000
1109500.000	0.000	-0.410	0.469	50.000	0.000	0.000
1109500.000	0.000	-0.410	0.469	50.000	0.000	0.000
1109530.000	0.000	-0.420	0.484	50.000	0.000	0.000
1109530.000	0.000	-0.420	0.484	50.000	0.000	0.000
1109530.000	0.000	-0.420	0.484	50.000	0.000	0.000
1109560.000	0.000	-0.420	0.484	50.000	0.000	0.000
1109560.000	0.000	-0.420	0.484	50.000	0.000	0.000
1109560.000	0.000	-0.420	0.484	50.000	0.000	0.000
1109590.000	0.000	-0.430	0.500	50.000	0.000	0.000
1109590.000	0.000	-0.430	0.500	50.000	0.000	0.000
1109590.000	0.000	-0.430	0.500	50.000	0.000	0.000
1109620.000	0.000	-0.430	0.500	50.000	0.000	0.000
1109620.000	0.000	-0.430	0.500	50.000	0.000	0.000
1109620.000	0.000	-0.430	0.500	50.000	0.000	0.000
1109650.000	0.000	-0.420	0.500	50.000	0.000	0.000
1109650.000	0.000	-0.420	0.500	50.000	0.000	0.000
1109650.000	0.000	-0.420	0.500	50.000	0.000	0.000
1109680.000	0.000	-0.420	0.484	50.000	0.000	0.000
1109680.000	0.000	-0.420	0.484	50.000	0.000	0.000
1109680.000	0.000	-0.420	0.484	50.000	0.000	0.000
1109710.000	0.000	-0.410	0.469	50.000	0.000	0.000
1109710.000	0.000	-0.410	0.469	50.000	0.000	0.000
1109710.000	0.000	-0.410	0.469	50.000	0.000	0.000
1109740.000	0.000	-0.400	0.469	50.000	0.000	0.000
1109740.000	0.000	-0.400	0.469	50.000	0.000	0.000
1109740.000	0.000	-0.400	0.469	50.000	0.000	0.000
1109770.000	0.000	-0.390	0.453	50.000	0.000	0.000
1109770.000	0.000	-0.390	0.453	50.000	0.000	0.000
1109770.000	0.000	-0.390	0.453	50.000	0.000	0.000
1109800.000	0.000	-0.370	0.422	50.000	0.000	0.000
1109800.000	0.000	-0.370	0.422	50.000	0.000	0.000
1109800.000	0.000	-0.370	0.422	50.000	0.000	0.000
1109830.000	0.000	-0.350	0.406	50.000	0.000	0.000
1109830.000	0.000	-0.350	0.406	50.000	0.000	0.000
1109830.000	0.000	-0.350	0.406	50.000	0.000	0.000
1109860.000	0.000	-0.330	0.391	50.000	0.000	0.000
1109860.000	0.000	-0.330	0.391	50.000	0.000	0.000
1109860.000	0.000	-0.330	0.391	50.000	0.000	0.000
1109890.000	0.000	-0.310	0.359	50.000	0.000	0.000
1109890.000	0.000	-0.310	0.359	50.000	0.000	0.000
1109890.000	0.000	-0.310	0.359	50.000	0.000	0.000
1109920.000	0.000	-0.290	0.328	50.000	0.000	0.000
1109920.000	0.000	-0.290	0.328	50.000	0.000	0.000
1109920.000	0.000	-0.290	0.328	50.000	0.000	0.000
1109950.000	0.000	-0.260	0.297	50.000	0.000	0.000
1109950.000	0.000	-0.260	0.297	50.000	0.000	0.000
1109950.000	0.000	-0.260	0.297	50.000	0.000	0.000
1109980.000	0.000	-0.240	0.266	50.000	0.000	0.000
1109980.000	0.000	-0.240	0.266	50.000	0.000	0.000
1109980.000	0.000	-0.240	0.266	50.000	0.000	0.000
1110010.000	0.000	-0.210	0.234	50.000	0.000	0.000
1110010.000	0.000	-0.210	0.234	50.000	0.000	0.000
1110010.000	0.000	-0.210	0.234	50.000	0.000	0.000
1110040.000	0.000	-0.180	0.203	50.000	0.000	0.000
1110040.000	0.000	-0.180	0.203	50.000	0.000	0.000
1110040.000	0.000	-0.180	0.203	50.000	0.000	0.000
1110070.000	0.000	-0.160	0.172	50.000	0.000	0.000
1110070.000	0.000	-0.160	0.172	50.000	0.000	0.000
1110070.000	0.000	-0.160	0.172	50.000	0.000	0.000
1110100.000	0.000	-0.130	0.141	50.000	0.000	0.000
1110100.000	0.000	-0.130	0.141	50.000	0.000	0.000
1110100.000	0.000	-0.130	0.141	50.000	0.000	0.000
1110130.000	0.000	-0.100	0.109	50.000	0.000	0.000
1110130.000	0.000	-0.100	0.109	50.000	0.000	0.000
1110130.000	0.000	-0.100	0.109	50.000	0.000	0.000
1110160.000	0.000	-0.070	0.062	50.000	0.000	0.000
1110160.000	0.000	-0.070	0.062	50.000	0.000	0.000
1110160.000	0.000	-0.070	0.062	50.000	0.000	0.000
1110190.000	0.000	-0.040	0.031	50.000	0.000	0.000
1110190.000	0.000	-0.040	0.031	50.000	0.000	0.000
1110190.000	0.000	-0.040	0.031	50.000	0.000	0.000
1110220.000	0.000	-0.010	0.000	50.000	0.000	0.000
1110220.000	0.000	-0.010	0.000	50.000	0.000	0.000
1110220.000	0.000	-0.010	0.000	50.000	0.000	0.000
1110250.000	0.000	0.020	-0.031	50.000	0.000	0.000
1110250.000	0.000	0.020	-0.031	50.000	0.000	0.000
1110250.000	0.000	0.020	-0.031	50.000	0.000	0.000
1110280.000	0.000	0.050	-0.062	50.000	0.000	0.000
1110280.000	0.000	0.050	-0.062	50.000	0.000	0.000
1110280.000	0.000	0.050	-0.062	50.000	0.000	0.000
1110310.000	0.000	0.070	-0.094	50.000	0.000	0.000
1110310.000	0.000	0.070	-0.094	50.000	0.000	0.000
1110310.000	0.000	0.070	-0.094	50.000	0.000	0.000
1110340.000	0.000	0.100	-0.125	50.000	0.000	0.000
1110340.000	0.000	0.100	-0.125	50.000	0.000	0.000
1110340.000	0.000	0.100	-0.125	50.000	0.000	0.000
1110370.000	0.000	0.120	-0.156	50.000	0.000	0.000
1110370.000	0.000	0.120	-0.156	50.000	0.000	0.000
1110370.000	0.000	0.120	-0.156	50.000	0.000	0.000
1110400.000	0.000	0.140	-0.187	50.000	0.000	0.000
1110400.000	0.000	0.140	-0.187	50.000	0.000	0.000
1110400.000	0.000	0.140	-0.187	50.000	0.000	0.000
1110430.000	0.000	0.160	-0.203	50.000	0.000	0.000
1110430.000	0.000	0.160	-0.203	50.000	0.000	0.000
1110430.000	0.000	0.160	-0.203	50.000	0.000	0.000
1110460.000	0.000	0.180	-0.234	50.000	0.000	0.000
1110460.000	0.000	0.180	-0.234	50.000	0.000	0.000
1110460.000	0.000	0.180	-0.234	50.000	0.000	0.000
1110490.000	0.000	0.200	-0.250	50.000	0.000	0.000
1110490.000	0.000	0.200	-0.250	50.000	0.000	0.000
1110490.000	0.000	0.200	-0.250	50.000	0.000	0.000
1110520.000	0.000	0.210	-0.266	50.000	0.000	0.000
1110520.000	0.000	0.210	-0.266	50.000	0.000	0.000
1110520.000	0.000	0.210	-0.266	50.000	0.000	0.000
1110550.000	0.000	0.230	-0.281	50.000	0.000	0.000
1110550.000	0.000	0.230	-0.281	50.000	0.000	0.000
1110550.000	0.000	0.230	-0.281	50.000	0.000	0.000
1110580.000	0.000	0.240	-0.297	50.000	0.000	0.000
1110580.000	0.000	0.240	-0.297	50.000	0.000	0.000
1110580.000	0.000	0.240	-0.297	50.000	0.000	0.000
1110610.000	0.000	0.240	-0.297	50.000	0.000	0.000
1110610.000	0.000	0.240	-0.297	50.000	0.000	0.000
1110610.000	0.000	0.240	-0.297	50.000	0.000	0.000
1110640.000	0.000	0.250	-0.312	50.000	0.000	0.000
1110640.000	0.000	0.250	-0.312	50.000	0.000	0.000
1110640.000	0.000	0.250	-0.312	50.000	0.000	0.000
1110670.000	0.000	0.250	-0.312	50.000	0.000	0.000
1110670.000	0.000	0.250	-0.312	50.000	0.000	0.000
1110670.000	0.000	0.250	-0.312	50.000	0.000	0.000
1110700.000	0.000	0.250	-0.312	50.000	0.000	0.000
1110700.000	0.000	0.250	-0.312	50.000	0.000	0.000
1110700.000	0.000	0.250	-0.312	50.000	0.000	0.000
1110730.000	0.000	0.250	-0.312	50.000	0.000	0.000
1110730.000	0.000	0.250	-0.312	50.000	0.000	0.000
1110730.000	0.000	0.250	-0.312	50.000	0.000	0.000
1110760.000	0.000	0.240	-0.297	50.000	0.000	0.000
1110760.000	0.000	0.240	-0.297	50.000	0.000	0.000
1110760.000	0.000	0.240	-0.297	50.000	0.000	0.000
1110790.000	0.000	0.230	-0.297	50.000	0.000	0.000
1110790.000	0.000	0.230	-0.297	50.000	0.000	0.000
1110790.000	0.000	0.230	-0.297	50.000	0.000	0.000
1110820.000	0.000	0.220	-0.281	50.000	0.000	0.000
1110820.000	0.000	0.220	-0.281	50.000	0.000	0.000
1110820.000	0.000	0.220	-0.281	50.000	0.000	0.000
1110850.000	0.000	0.210	-0.266	50.000	0.000	0.000
1110850.000	0.000	0.210	-0.266	50.000	0.000	0.000
1110850.000	0.000	0.210	-0.266	50.000	0.000	0.000
1110880.000	0.000	0.190	-0.250	50.000	0.000	0.000
1110880.000	0.000	0.190	-0.250	50.000	0.000	0.000
1110880.000	0.000	0.190	-0.250	50.000	0.000	0.000
1110910.000	0.000	0.180	-0.219	50.000	0.000	0.000
1110910.000	0.000	0.180	-0.219	50.000	0.000	0.000
1110910.000	0.000	0.180	-0.219	50.000	0.000	0.000
1110940.000	0.000	0.160	-0.203	50.000	0.000	0.000
1110940.000	0.000	0.160	-0.203	50.000	0.000	0.000
1110940.000	0.000	0.160	-0.203	50.000	0.000	0.000
1110970.000	0.000	0.140	-0.187	50.000	0.000	0.000
1110970.000	0.000	0.140	-0.187	50.000	0.000	0.000
1110970.000	0.000	0.140	-0.187	50.000	0.000	0.000
1111000.000	0.000	0.120	-0.156	50.000	0.000	0.000
1111000.000	0.000	0.120	-0.156	50.000	0.000	0.000
1111000.000	0.000	0.120	-0.156	50.000	0.000	0.000
1111030.000	0.000	0.100	-0.125	50.000	0.000	0.000
1111030.000	0.000	0.100	-0.125	50.000	0.000	0.000
1111030.000	0.000	0.100	-0.125	50.000	0.000	0.000
1111060.000	0.000	0.080	-0.109	50.000	0.000	0.000
1111060.000	0.000	0.080	-0.109	50.000	0.000	0.000
1111060.000	0.000	0.080	-0.109	50.000	0.000	0.000
1111090.000	0.000	0.050	-0.078	50.000	0.000	0.000
1111090.000	0.000	0.050	-0.078	50.000	0.000	0.000
1111090.000	0.000	0.050	-0.078	50.000	0.000	0.000
1111120.000	0.000	0.030	-0.047	50.000	0.000	0.000
1111120.000	0.000	0.030	-0.047	50.000	0.000	0.000
1111120.000	0.000	0.030	-0.047	50.000	0.000	0.000
1111150.000	0.000	0.000	-0.016	50.000	0.000	0.000
1111150.000	0.000	0.000	-0.016	50.000	0.000	0.000
1111150.000	0.000	0.000	-0.016	50.000	0.000	0.000
1111180.000	0.000	-0.020	0.016	50.000	0.000	0.000
1111180.000	0.000	-0.020	0.016	50.000	0.000	0.000
1111180.000	0.000	-0.020	0.016	50.000	0.000	0.000
1111210.000	0.000	-0.050	0.047	50.000	0.000	0.000
1111210.000	0.000	-0.050	0.047	50.000	0.000	0.000
1111210.000	0.000	-0.050	0.047	50.000	0.000	0.000
1111240.000	0.000	-0.070	0.078	50.000	0.000	0.000
1111240.000	0.000	-0.070	0.078	50.000	0.000	0.000
1111240.000	0.000	-0.070	0.078	50.000	0.000	0.000
1111270.000	0.000	-0.100	0.094	50.000	0.000	0.000
1111270.000	0.000	-0.100	0.094	50.000	0.000	0.000
1111270.000	0.000	-0.100	0.094	50.000	0.000	0.000
1111300.000	0.000	-0.120	0.125	50.000	0.000	0.000
1111300.000	0.000	-0.120	0.125	50.000	0.000	0.000
1111300.000	0.000	-0.120	0.125	50.000	0.000	0.000
1111330.000	0.000	-0.140	0.156	50.000	0.000	0.000
1111330.000	0.000	-0.140	0.156	50.000	0.000	0.000
1111330.000	0.000	-0.140	0.156	50.000	0.000	0.000
1111360.000	0.000	-0.160	0.187	50.000	0.000	0.000
1111360.000	0.000	-0.160	0.187	50.000	0.000	0.000
1111360.000	0.000	-0.160	0.187	50.000	0.000	0.000
1111390.000	0.000	-0.190	0.203	50.000	0.000	0.000
1111390.000	0.000	-0.190	0.203	50.000	0.000	0.000
1111390.000	0.000	-0.190	0.203	50.000	0.000	0.000
1111420.000	0.000	-0.210	0.234	50.000	0.000	0.000
1111420.000	0.000	-0.210	0.234	50.000	0.000	0.000
1111420.000	0.000	-0.210	0.234	50.000	0.000	0.000
1111450.000	0.000	-0.220	0.250	50.000	0.000	0.000
1111450.000	0.000	-0.220	0.250	50.000	0.000	0.000
1111450.000	0.000	-0.220	0.250	50.000	0.000	0.000
1111480.000	0.000	-0.240	0.266	50.000	0.000	0.000
1111480.000	0.000	-0.240	0.266	50.000	0.000	0.000
1111480.000	0.000	-0.240	0.266	50.000	0.000	0.000
1111510.000	0.000	-0.260	0.297	50.000	0.000	0.000
1111510.000	0.000	-0.260	0.297	50.000	0.000	0.000
1111510.000	0.000	-0.260	0.297	50.000	0.000	0.000
1111540.000	0.000	-0.270	0.312	50.000	0.000	0.000
1111540.000	0.000	-0.270	0.312	50.000	0.000	0.000
1111540.000	0.000	-0.270	0.312	50.000	0.000	0.000
1111570.000	0.000	-0.280	0.328	50.000	0.000	0.000
1111570.000	0.000	-0.280	0.328	50.000	0.000	0.000
1111570.000	0.000	-0.280	0.328	50.000	0.000	0.000
1111600.000	0.000	-0.290	0.328	50.000	0.000	0.000
1111600.000	0.000	-0.290	0.328	50.000	0.000	0.000
1111600.000	0.000	-0.290	0.328	50.000	0.000	0.000
1111630.000	0.000	-0.300	0.344	50.000	0.000	0.000
1111630.000	0.000	-0.300	0.344	50.000	0.000	0.000
1111630.000	0.000	-0.300	0.344	50.000	0.000	0.000
1111660.000	0.000	-0.310	0.344	50.000	0.000	0.000
1111660.000	0.000	-0.310	0.344	50.000	0.000	0.000
1111660.000	0.000	-0.310	0.344	50.000	0.000	0.000
1111690.000	0.000	-0.310	0.359	50.000	0.000	0.000
1111690.000	0.000	-0.310	0.359	50.000	0.000	0.000
1111690.000	0.000	-0.310	0.359	50.000	0.000	0.000
1111720.000	0.000	-0.310	0.359	50.000	0.000	0.000
1111720.000	0.000	-0.310	0.359	50.000	0.000	0.000
1111720.000	0.000	-0.310	0.359	50.000	0.000	0.000
1111750.000	0.000	-0.310	0.359	50.000	0.000	0.000
1111750.000	0.000	-0.310	0.359	50.000	0.000	0.000
1111750.000	0.000	-0.310	0.359	50.000	0.000	0.000
1111780.000	0.000	-0.310	0.359	50.000	0.000	0.000
1111780.000	0.000	-0.310	0.359	50.000	0.000	0.000
1111780.000	0.000	-0.310	0.359	50.000	0.000	0.000
1111810.000	0.000	-0.300	0.344	50.000	0.000	0.000
1111810.000	0.000	-0.300	0.344	50.000	0.000	0.000
1111810.000	0.000	-0.300	0.344	50.000	0.000	0.000
1111840.000	0.000	-0.300	0.344	50.000	0.000	0.000
1111840.000	0.000	-0.300	0.344	50.000	0.000	0.000
1111840.000	0.000	-0.300	0.344	50.000	0.000	0.000
1111870.000	0.000	-0.290	0.328	50.000	0.000	0.000
1111870.000	0.000	-0.290	0.328	50.000	0.000	0.000
1111870.000	0.000	-0.290	0.328	50.000	0.000	0.000
1111900.000	0.000	-0.280	0.312	50.000	0.000	0.000
1111900.000	0.000	-0.280	0.312	50.000	0.000	0.000
1111900.000	0.000	-0.280	0.312	50.000	0.000	0.000
1111930.000	0.000	-0.270	0.297	50.000	0.000	0.000
1111930.000	0.000	-0.270	0.297	50.000	0.000	0.000
1111930.000	0.000	-0.270	0.297	50.000	0.000	0.000
1111960.000	0.000	-0.250	0.281	50.000	0.000	0.000
1111960.000	0.000	-0.250	0.281	50.000	0.000	0.000
1111960.000	0.000	-0.250	0.281	50.000	0.000	0.000
1111990.000	0.000	-0.240	0.266	50.000	0.000	0.000
1111990.000	0.000	-0.240	0.266	50.000	0.000	0.000
1111990.000	0.000	-0.240	0.266	50.000	0.000	0.000
1112020.000	0.000	-0.220	0.250	50.000	0.000	0.000
1112020.000	0.000	-0.220	0.250	50.000	0.000	0.000
1112020.000	0.000	-0.220	0.250	50.000	0.000	0.000
1112050.000	0.000	-0.210	0.234	50.000	0.000	0.000
1112050.000	0.000	-0.210	0.234	50.000	0.000	0.000
1112050.000	0.000	-0.210	0.234	50.000	0.000	0.000
1112080.000	0.000	-0.190	0.219	50.000	0.000	0.000
1112080.000	0.000	-0.190	0.219	50.000	0.000	0.000
1112080.000	0.000	-0.190	0.219	50.000	0.000	0.000
1112110.000	0.000	-0.170	0.187	50.000	0.000	0.000
1112110.000	0.000	-0.170	0.187	50.000	0.000	0.000
1112110.000	0.000	-0.170	0.187	50.000	0.000	0.000
1112140.000	0.000	-0.150	0.172	50.000	0.000	0.000
1112140.000	0.000	-0.150	0.172	50.000	0.000	0.000
1112140.000	0.000	-0.150	0.172	50.000	0.000	0.000
1112170.000	0.000	-0.130	0.141	50.000	0.000	0.000
1112170.000	0.000	-0.130	0.141	50.000	0.000	0.000
1112170.000	0.000	-0.130	0.141	50.000	0.000	0.000
1112200.000	0.000	-0.110	0.125	50.000	0.000	0.000
1112200.000	0.000	-0.110	0.125	50.000	0.000	0.000
1112200.000	0.000	-0.110	0.125	50.000	0.000	0.000
1112230.000	0.000	-0.090	0.094	50.000	0.000	0.000
1112230.000	0.000	-0.090	0.094	50.000	0.000	0.000
1112230.000	0.000	-0.090	0.094	50.000	0.000	0.000
1112260.000	0.000	-0.070	0.078	50.000	0.000	0.000
1112260.000	0.000	-0.070	0.078	50.000	0.000	0.000
1112260.000	0.000	-0.070	0.078	50.000	0.000	0.000
1112290.000	0.000	-0.050	0.047	50.000	0.000	0.000
1112290.000	0.000	-0.050	0.047	50.000	0.000	0.000
1112290.000	0.000	-0.050	0.047	50.000	0.000	0.000
1112320.000	0.000	-0.030	0.031	50.000	0.000	0.000
1112320.000	0.000	-0.030	0.031	50.000	0.000	0.000
1112320.000	0.000	-0.030	0.031	50.000	0.000	0.000
1112350.000	0.000	-0.020	0.000	50.000	0.000	0.000
1112350.000	0.000	-0.020	0.000	50.000	0.000	0.000
1112350.000	0.000	-0.020	0.000	50.000	0.000	0.000
1112380.000	0.000	0.000	-0.016	50.000	0.000	0.000
1112380.000	0.000	0.000	-0.016	50.000	0.000	0.000
1112380.000	0.000	0.000	-0.016	50.000	0.000	0.000
1112410.000	0.000	0.020	-0.031	50.000	0.000	0.000
1112410.000	0.000	0.020	-0.031	50.000	0.000	0.000
1112410.000	0.000	0.020	-0.031	50.000	0.000	0.000
1112440.000	0.000	0.040	-0.062	50.000	0.000	0.000
1112440.000	0.000	0.040	-0.062	50.000	0.000	0.000
1112440.000	0.000	0.040	-0.062	50.000	0.000	0.000
1112470.000	0.000	0.060	-0.078	50.000	0.000	0.000
1112470.000	0.000	0.060	-0.078	50.000	0.000	0.000
1112470.000	0.000	0.060	-0.078	50.000	0.000	0.000
1112500.000	0.000	0.070	-0.094	50.000	0.000	0.000
1112500.000	0.000	0.070	-0.094	50.000	0.000	0.000
1112500.000	0.000	0.070	-0.094	50.000	0.000	0.000
1112530.000	0.000	0.080	-0.109	50.000	0.000	0.000
1112530.000	0.000	0.080	-0.109	50.000	0.000	0.000
1112530.000	0.000	0.080	-0.109	50.000	0.000	0.000
1112560.000	0.000	0.100	-0.125	50.000	0.000	0.000
1112560.000	0.000	0.100	-0.125	50.000	0.000	0.000
1112560.000	0.000	0.100	-0.125	50.000	0.000	0.000
1112590.000	0.000	0.110	-0.141	50.000	0.000	0.000
1112590.000	0.000	0.110	-0.141	50.000	0.000	0.000
1112590.000	0.000	0.110	-0.141	50.000	0.000	0.000
1112620.000	0.000	0.120	-0.156	50.000	0.000	0.000
1112620.000	0.000	0.120	-0.156	50.000	0.000	0.000
1112620.000	0.000	0.120	-0.156	50.000	0.000	0.000
1112650.000	0.000	0.120	-0.156	50.000	0.000	0.000
1112650.000	0.000	0.120	-0.156	50.000	0.000	0.000
1112650.000	0.000	0.120	-0.156	50.000	0.000	0.000
1112680.000	0.000	0.130	-0.172	50.000	0.000	0.000
1112680.000	0.000	0.130	-0.172	50.000	0.000	0.000
1112680.000	0.000	0.130	-0.172	50.000	0.000	0.000
1112710.000	0.000	0.130	-0.172	50.000	0.000	0.000
1112710.000	0.000	0.130	-0.172	50.000	0.000	0.000
1112710.000	0.000	0.130	-0.172	50.000	0.000	0.000
1112740.000	0.000	0.140	-0.172	50.000	0.000	0.000
1112740.000	0.000	0.140	-0.172	50.000	0.000	0.000
1112740.000	0.000	0.140	-0.172	50.000	0.000	0.000
1112770.000	0.000	0.140	-0.172	50.000	0.000	0.000
1112770.000	0.000	0.140	-0.172	50.000	0.000	0.000
1112770.000	0.000	0.140	-0.172	50.000	0.000	0.000
1112800.000	0.000	0.140	-0.172	50.000	0.000	0.000
1112800.000	0.000	0.140	-0.172	50.000	0.000	0.000
1112800.000	0.000	0.140	-0.172	50.000	0.000	0.000
1112830.000	0.000	0.130	-0.172	50.000	0.000	0.000
1112830.000	0.000	0.130	-0.172	50.000	0.000	0.000
1112830.000	0.000	0.130	-0.172	50.000	0.000	0.000
1112860.000	0.000	0.130	-0.172	50.000	0.000	0.000
1112860.000	0.000	0.130	-0.172	50.000	0.000	0.000
1112860.000	0.000	0.130	-0.172	50.000	0.000	0.000
1112890.000	0.000	0.120	-0.156	50.000	0.000	0.000
1112890.000	0.000	0.120	-0.156	50.000	0.000	0.000
1112890.000	0.000	0.120	-0.156	50.000	0.000	0.000
1112920.000	0.000	0.120	-0.156	50.000	0.000	0.000
1112920.000	0.000	0.120	-0.156	50.000	0.000	0.000
1112920.000	0.000	0.120	-0.156	50.000	0.000	0.000
1112950.000	0.000	0.110	-0.141	50.000	0.000	0.000
1112950.000	0.000	0.110	-0.141	50.000	0.000	0.000
1112950.000	0.000	0.110	-0.141	50.000	0.000	0.000
1112980.000	0.000	0.100	-0.125	50.000	0.000	0.000
1112980.000	0.000	0.100	-0.125	50.000	0.000	0.000
1112980.000	0.000	0.100	-0.125	50.000	0.000	0.000
1113010.000	0.000	0.090	-0.109	50.000	0.000	0.000
1113010.000	0.000	0.090	-0.109	50.000	0.000	0.000
1113010.000	0.000	0.090	-0.109	50.000	0.000	0.000
1113040.000	0.000	0.070	-0.109	50.000	0.000	0.000
1113040.000	0.000	0.070	-0.109	50.000	0.000	0.000
1113040.000	0.000	0.070	-0.109	50.000	0.000	0.000
1113070.000	0.000	0.060	-0.094	50.000	0.000	0.000
1113070.000	0.000	0.060	-0.094	50.000	0.000	0.000
1113070.000	0.000	0.060	-0.094	50.000	0.000	0.000
1113100.000	0.000	0.050	-0.062	50.000	0.000	0.000
1113100.000	0.000	0.050	-0.062	50.000	0.000	0.000
1113100.000	0.000	0.050	-0.062	50.000	0.000	0.000
1113130.000	0.000	0.030	-0.047	50.000	0.000	0.000
1113130.000	0.000	0.030	-0.047	50.000	0.000	0.000
1113130.000	0.000	0.030	-0.047	50.000	0.000	0.000
1113160.000	0.000	0.020	-0.031	50.000	0.000	0.000
1113160.000	0.000	0.020	-0.031	50.000	0.000	0.000
1113160.000	0.000	0.020	-0.031	50.000	0.000	0.000
1113190.000	0.000	0.000	-0.016	50.000	0.000	0.000
1113190.000	0.000	0.000	-0.016	50.000	0.000	0.000
1113190.000	0.000	0.000	-0.016	50.000	0.000	0.000
1113220.000	0.000	-0.010	0.000	50.000	0.000	0.000
1113220.000	0.000	-0.010	0.000	50.000	0.000	0.000
1113220.000	0.000	-0.010	0.000	50.000	0.000	0.000
1113250.000	0.000	-0.030	0.016	50.000	0.000	0.000
1113250.000	0.000	-0.030	0.016	50.000	0.000	0.000
1113250.000	0.000	-0.030	0.016	50.000	0.000	0.000
1113280.000	0.000	-0.040	0.031	50.000	0.000	0.000
1113280.000	0.000	-0.040	0.031	50.000	0.000	0.000
1113280.000	0.000	-0.040	0.031	50.000	0.000	0.000
1113310.000	0.000	-0.060	0.047	50.000	0.000	0.000
1113310.000	0.000	-0.060	0.047	50.000	0.000	0.000
1113310.000	0.000	-0.060	0.047	50.000	0.000	0.000
1113340.000	0.000	-0.070	0.078	50.000	0.000	0.000
1113340.000	0.000	-0.070	0.078	50.000	0.000	0.000
1113340.000	0.000	-0.070	0.078	50.000	0.000	0.000
1113370.000	0.000	-0.090	0.094	50.000	0.000	0.000
1113370.000	0.000	-0.090	0.094	50.000	0.000	0.000
1113370.000	0.000	-0.090	0.094	50.000	0.000	0.000
1113400.000	0.000	-0.100	0.109	50.000	0.000	0.000
1113400.000	0.000	-0.100	0.109	50.000	0.000	0.000
1113400.000	0.000	-0.100	0.109	50.000	0.000	0.000
1113430.000	0.000	-0.110	0.125	50.000	0.000	0.000
1113430.000	0.000	-0.110	0.125	50.000	0.000	0.000
1113430.000	0.000	-0.110	0.125	50.000	0.000	0.000
1113460.000	0.000	-0.120	0.141	50.000	0.000	0.000
1113460.000	0.000	-0.120	0.141	50.000	0.000	0.000
1113460.000	0.000	-0.120	0.141	50.000	0.000	0.000
1113490.000	0.000	-0.140	0.156	50.000	0.000	0.000
1113490.000	0.000	-0.140	0.156	50.000	0.000	0.000
1113490.000	0.000	-0.140	0.156	50.000	0.000	0.000
1113520.000	0.000	-0.150	0.156	50.000	0.000	0.000
1113520.000	0.000	-0.150	0.156	50.000	0.000	0.000
1113520.000	0.000	-0.150	0.156	50.000	0.000	0.000
1113550.000	0.000	-0.160	0.172	50.000	0.000	0.000
1113550.000	0.000	-0.160	0.172	50.000	0.000	0.000
1113550.000	0.000	-0.160	0.172	50.000	0.000	0.000
1113580.000	0.000	-0.170	0.187	50.000	0.000	0.000
1113580.000	0.000	-0.170	0.187	50.000	0.000	0.000
1113580.000	0.000	-0.170	0.187	50.000	0.000	0.000
1113610.000	0.000	-0.170	0.187	50.000	0.000	0.000
1113610.000	0.000	-0.170	0.187	50.000	0.000	0.000
1113610.000	0.000	-0.170	0.187	50.000	0.000	0.000
1113640.000	0.000	-0.180	0.203	50.000	0.000	0.000
1113640.000	0.000	-0.180	0.203	50.000	0.000	0.000
1113640.000	0.000	-0.180	0.203	50.000	0.000	0.000
1113670.000	0.000	-0.190	0.203	50.000	0.000	0.000
1113670.000	0.000	-0.190	0.203	50.000	0.000	0.000
1113670.000	0.000	-0.190	0.203	50.000	0.000	0.000
1113700.000	0.000	-0.190	0.219	50.000	0.000	0.000
1113700.000	0.000	-0.190	0.219	50.000	0.000	0.000
1113700.000	0.000	-0.190	0.219	50.000	0.000	0.000
1113730.000	0.000	-0.190	0.219	50.000	0.000	0.000
1113730.000	0.000	-0.190	0.219	50.000	0.000	0.000
1113730.000	0.000	-0.190	0.219	50.000	0.000	0.000
1113760.000	0.000	-0.190	0.219	50.000	0.000	0.000
1113760.000	0.000	-0.190	0.219	50.000	0.000	0.000
1113760.000	0.000	-0.190	0.219	50.000	0.000	0.000
1113790.000	0.000	-0.190	0.219	50.000	0.000	0.000
1113790.000	0.000	-0.190	0.219	50.000	0.000	0.000
1113790.000	0.000	-0.190	0.219	50.000	0.000	0.000
1113820.000	0.000	-0.190	0.219	50.000	0.000	0.000
1113820.000	0.000	-0.190	0.219	50.000	0.000	0.000
1113820.000	0.000	-0.190	0.219	50.000	0.000	0.000
1113850.000	0.000	-0.190	0.219	50.000	0.000	0.000
1113850.000	0.000	-0.190	0.219	50.000	0.000	0.000
1113850.000	0.000	-0.190	0.219	50.000	0.000	0.000
1113880.000	0.000	-0.190	0.203	50.000	0.000	0.000
1113880.000	0.000	-0.190	0.203	50.000	0.000	0.000
1113880.000	0.000	-0.190	0.203	50.000	0.000	0.000
1113910.000	0.000	-0.180	0.203	50.000	0.000	0.000
1113910.000	0.000	-0.180	0.203	50.000	0.000	0.000
1113910.000	0.000	-0.180	0.203	50.000	0.000	0.000
1113940.000	0.000	-0.180	0.203	50.000	0.000	0.000
1113940.000	0.000	-0.180	0.203	50.000	0.000	0.000
1113940.000	0.000	-0.180	0.203	50.000	0.000	0.000
1113970.000	0.000	-0.170	0.187	50.000	0.000	0.000
1113970.000	0.000	-0.170	0.187	50.000	0.000	0.000
1113970.000	0.000	-0.170	0.187	50.000	0.000	0.000
1114000.000	0.000	-0.160	0.187	50.000	0.000	0.000
1114000.000	0.000	-0.160	0.187	50.000	0.000	0.000
1114000.000	0.000	-0.160	0.187	50.000	0.000	0.000
1114030.000	0.000	-0.160	0.172	50.000	0.000	0.000
1114030.000	0.000	-0.160	0.172	50.000	0.000	0.000
1114030.000	0.000	-0.160	0.172	50.000	0.000	0.000
1114060.000	0.000	-0.150	0.156	50.000	0.000	0.000
1114060.000	0.000	-0.150	0.156	50.000	0.000	0.000
1114060.000	0.000	-0.150	0.156	50.000	0.000	0.000
1114090.000	0.000	-0.140	0.156	50.000	0.000	0.000
1114090.000	0.000	-0.140	0.156	50.000	0.000	0.000
1114090.000	0.000	-0.140	0.156	50.000	0.000	0.000
1114120.000	0.000	-0.130	0.141	50.000	0.000	0.000
1114120.000	0.000	-0.130	0.141	50.000	0.000	0.000
1114120.000	0.000	-0.130	0.141	50.000	0.000	0.000
1114150.000	0.000	-0.120	0.125	50.000	0.000	0.000
1114150.000	0.000	-0.120	0.125	50.000	0.000	0.000
1114150.000	0.000	-0.120	0.125	50.000	0.000	0.000
1114180.000	0.000	-0.110	0.125	50.000	0.000	0.000
1114180.000	0.000	-0.110	0.125	50.000	0.000	0.000
1114180.000	0.000	-0.110	0.125	50.000	0.000	0.000
1114210.000	0.000	-0.100	0.109	50.000	0.000	0.000
1114210.000	0.000	-0.100	0.109	50.000	0.000	0.000
1114210.000	0.000	-0.100	0.109	50.000	0.000	0.000
1114240.000	0.000	-0.090	0.094	50.000	0.000	0.000
1114240.000	0.000	-0.090	0.094	50.000	0.000	0.000
1114240.000	0.000	-0.090	0.094	50.000	0.000	0.000
1114270.000	0.000	-0.080	0.078	50.000	0.000	0.000
1114270.000	0.000	-0.080	0.078	50.000	0.000	0.000
1114270.000	0.000	-0.080	0.078	50.000	0.000	0.000
1114300.000	0.000	-0.070	0.078	50.000	0.000	0.000
1114300.000	0.000	-0.070	0.078	50.000	0.000	0.000
1114300.000	0.000	-0.070	0.078	50.000	0.000	0.000
1114330.000	0.000	-0.060	0.062	50.000	0.000	0.000
1114330.000	0.000	-0.060	0.062	50.000	0.000	0.000
1114330.000	0.000	-0.060	0.062	50.000	0.000	0.000
1114360.000	0.000	-0.050	0.047	50.000	0.000	0.000
1114360.000	0.000	-0.050	0.047	50.000	0.000	0.000
1114360.000	0.000	-0.050	0.047	50.000	0.000	0.000
1114390.000	0.000	-0.040	0.031	50.000	0.000	0.000
1114390.000	0.000	-0.040	0.031	50.000	0.000	0.000
1114390.000	0.000	-0.040	0.031	50.000	0.000	0.000
1114420.000	0.000	-0.030	0.031	50.000	0.000	0.000
1114420.000	0.000	-0.030	0.031	50.000	0.000	0.000
1114420.000	0.000	-0.030	0.031	50.000	0.000	0.000
1114450.000	0.000	-0.020	0.016	50.000	0.000	0.000
1114450.000	0.000	-0.020	0.016	50.000	0.000	0.000
1114450.000	0.000	-0.020	0.016	50.000	0.000	0.000
1114480.000	0.000	-0.010	0.000	50.000	0.000	0.000
1114480.000	0.000	-0.010	0.000	50.000	0.000	0.000
1114480.000	0.000	-0.010	0.000	50.000	0.000	0.000
1114510.000	0.000	0.000	0.000	50.000	0.000	0.000
1114510.000	0.000	0.000	0.000	50.000	0.000	0.000
1114510.000	0.000	0.000	0.000	50.000	0.000	0.000
1114540.000	0.000	0.000	-0.016	50.000	0.000	0.000
1114540.000	0.000	0.000	-0.016	50.000	0.000	0.000
1114540.000	0.000	0.000	-0.016	50.000	0.000	0.000
1114570.000	0.000	0.010	-0.031	50.000	0.000	0.000
1114570.000	0.000	0.010	-0.031	50.000	0.000	0.000
1114570.000	0.000	0.010	-0.031	50.000	0.000	0.000
1114600.000	0.000	0.020	-0.031	50.000	0.000	0.000
1114600.000	0.000	0.020	-0.031	50.000	0.000	0.000
1114600.000	0.000	0.020	-0.031	50.000	0.000	0.000
1114630.000	0.000	0.020	-0.031	50.000	0.000	0.000
1114630.000	0.000	0.020	-0.031	50.000	0.000	0.000
1114630.000	0.000	0.020	-0.031	50.000	0.000	0.000
1114660.000	0.000	0.030	-0.047	50.000	0.000	0.000
1114660.000	0.000	0.030	-0.047	50.000	0.000	0.000
1114660.000	0.000	0.030	-0.047	50.000	0.000	0.000
1114690.000	0.000	0.030	-0.047	50.000	0.000	0.000
1114690.000	0.000	0.030	-0.047	50.000	0.000	0.000
1114690.000	0.000	0.030	-0.047	50.000	0.000	0.000
1114720.000	0.000	0.030	-0.047	50.000	0.000	0.000
1114720.000	0.000	0.030	-0.047	50.000	0.000	0.000
1114720.000	0.000	0.030	-0.047	50.000	0.000	0.000
1114750.000	0.000	0.030	-0.047	50.000	0.000	0.000
1114750.000	0.000	0.030	-0.047	50.000	0.000	0.000
1114750.000	0.000	0.030	-0.047	50.000	0.000	0.000
1114780.000	0.000	0.030	-0.047	50.000	0.000	0.000
1114780.000	0.000	0.030	-0.047	50.000	0.000	0.000
1114780.000	0.000	0.030	-0.047	50.000	0.000	0.000
1114810.000	0.000	0.030	-0.047	50.000	0.000	0.000
1114810.000	0.000	0.030	-0.047	50.000	0.000	0.000
1114810.000	0.000	0.030	-0.047	50.000	0.000	0.000
1114840.000	0.000	0.030	-0.047	50.000	0.000	0.000
1114840.000	0.000	0.030	-0.047	50.000	0.000	0.000
1114840.000	0.000	0.030	-0.047	50.000	0.000	0.000
1114870.000	0.000	0.030	-0.047	50.000	0.000	0.000
1114870.000	0.000	0.030	-0.047	50.000	0.000	0.000
1114870.000	0.000	0.030	-0.047	50.000	0.000	0.000
1114900.000	0.000	0.030	-0.047	50.000	0.000	0.000
1114900.000	0.000	0.030	-0.047	50.000	0.000	0.000
1114900.000	0.000	0.030	-0.047	50.000	0.000	0.000
1114930.000	0.000	0.020	-0.047	50.000	0.000	0.000
1114930.000	0.000	0.020	-0.047	50.000	0.000	0.000
1114930.000	0.000	0.020	-0.047	50.000	0.000	0.000
1114960.000	0.000	0.020	-0.031	50.000	0.000	0.000
1114960.000	0.000	0.020	-0.031	50.000	0.000	0.000
1114960.000	0.000	0.020	-0.031	50.000	0.000	0.000
1114990.000	0.000	0.020	-0.031	50.000	0.000	0.000
1114990.000	0.000	0.020	-0.031	50.000	0.000	0.000
1114990.000	0.000	0.020	-0.031	50.000	0.000	0.000
1115020.000	0.000	0.010	-0.031	50.000	0.000	0.000
1115020.000	0.000	0.010	-0.031	50.000	0.000	0.000
1115020.000	0.000	0.010	-0.031	50.000	0.000	0.000
1115050.000	0.000	0.010	-0.016	50.000	0.000	0.000
1115050.000	0.000	0.010	-0.016	50.000	0.000	0.000
1115050.000	0.000	0.010	-0.016	50.000	0.000	0.000
1115080.000	0.000	0.000	-0.016	50.000	0.000	0.000
1115080.000	0.000	0.000	-0.016	50.000	0.000	0.000
1115080.000	0.000	0.000	-0.016	50.000	0.000	0.000
1115110.000	0.000	-0.010	0.000	50.000	0.000	0.000
1115110.000	0.000	-0.010	0.000	50.000	0.000	0.000
1115110.000	0.000	-0.010	0.000	50.000	0.000	0.000
1115140.000	0.000	-0.010	0.000	50.000	0.000	0.000
1115140.000	0.000	-0.010	0.000	50.000	0.000	0.000
1115140.000	0.000	-0.010	0.000	50.000	0.000	0.000
1115170.000	0.000	-0.020	0.016	50.000	0.000	0.000
1115170.000	0.000	-0.020	0.016	50.000	0.000	0.000
1115170.000	0.000	-0.020	0.016	50.000	0.000	0.000
1115200.000	0.000	-0.030	0.016	50.000	0.000	0.000
1115200.000	0.000	-0.030	0.016	50.000	0.000	0.000
1115200.000	0.000	-0.030	0.016	50.000	0.000	0.000
1115230.000	0.000	-0.030	0.031	50.000	0.000	0.000
1115230.000	0.000	-0.030	0.031	50.000	0.000	0.000
1115230.000	0.000	-0.030	0.031	50.000	0.000	0.000
1115260.000	0.000	-0.040	0.031	50.000	0.000	0.000
1115260.000	0.000	-0.040	0.031	50.000	0.000	0.000
1115260.000	0.000	-0.040	0.031	50.000	0.000	0.000
1115290.000	0.000	-0.050	0.047	50.000	0.000	0.000
1115290.000	0.000	-0.050	0.047	50.000	0.000	0.000
1115290.000	0.000	-0.050	0.047	50.000	0.000	0.000
1115320.000	0.000	-0.050	0.047	50.000	0.000	0.000
1115320.000	0.000	-0.050	0.047	50.000	0.000	0.000
1115320.000	0.000	-0.050	0.047	50.000	0.000	0.000
1115350.000	0.000	-0.060	0.062	50.000	0.000	0.000
1115350.000	0.000	-0.060	0.062	50.000	0.000	0.000
1115350.000	0.000	-0.060	0.062	50.000	0.000	0.000
1115380.000	0.000	-0.060	0.062	50.000	0.000	0.000
1115380.000	0.000	-0.060	0.062	50.000	0.000	0.000
1115380.000	0.000	-0.060	0.062	50.000	0.000	0.000
1115410.000	0.000	-0.070	0.062	50.000	0.000	0.000
1115410.000	0.000	-0.070	0.062	50.000	0.000	0.000
1115410.000	0.000	-0.070	0.062	50.000	0.000	0.000
1115440.000	0.000	-0.070	0.078	50.000	0.000	0.000
1115440.000	0.000	-0.070	0.078	50.000	0.000	0.000
1115440.000	0.000	-0.070	0.078	50.000	0.000	0.000
1115470.000	0.000	-0.070	0.078	50.000	0.000	0.000
1115470.000	0.000	-0.070	0.078	50.000	0.000	0.000
1115470.000	0.000	-0.070	0.078	50.000	0.000	0.000
1115500.000	0.000	-0.080	0.078	50.000	0.000	0.000
1115500.000	0.000	-0.080	0.078	50.000	0.000	0.000
1115500.000	0.000	-0.080	0.078	50.000	0.000	0.000
1115530.000	0.000	-0.080	0.078	50.000	0.000	0.000
1115530.000	0.000	-0.080	0.078	50.000	0.000	0.000
1115530.000	0.000	-0.080	0.078	50.000	0.000	0.000
1115560.000	0.000	-0.080	0.078	50.000	0.000	0.000
1115560.000	0.000	-0.080	0.078	50.000	0.000	0.000
1115560.000	0.000	-0.080	0.078	50.000	0.000	0.000
1115590.000	0.000	-0.080	0.094	50.000	0.000	0.000
1115590.000	0.000	-0.080	0.094	50.000	0.000	0.000
1115590.000	0.000	-0.080	0.094	50.000	0.000	0.000
1115620.000	0.000	-0.090	0.094	50.000	0.000	0.000
1115620.000	0.000	-0.090	0.094	50.000	0.000	0.000
1115620.000	0.000	-0.090	0.094	50.000	0.000	0.000
1115650.000	0.000	-0.090	0.094	50.000	0.000	0.000
1115650.000	0.000	-0.090	0.094	50.000	0.000	0.000
1115650.000	0.000	-0.090	0.094	50.000	0.000	0.000
1115680.000	0.000	-0.090	0.094	50.000	0.000	0.000
1115680.000	0.000	-0.090	0.094	50.000	0.000	0.000
1115680.000	0.000	-0.090	0.094	50.000	0.000	0.000
1115710.000	0.000	-0.090	0.094	50.000	0.000	0.000
1115710.000	0.000	-0.090	0.094	50.000	0.000	0.000
1115710.000	0.000	-0.090	0.094	50.000	0.000	0.000
1115740.000	0.000	-0.090	0.094	50.000	0.000	0.000
1115740.000	0.000	-0.090	0.094	50.000	0.000	0.000
1115740.000	0.000	-0.090	0.094	50.000	0.000	0.000
1115770.000	0.000	-0.080	0.094	50.000	0.000	0.000
1115770.000	0.000	-0.080	0.094	50.000	0.000	0.000
1115770.000	0.000	-0.080	0.094	50.000	0.000	0.000
1115800.000	0.000	-0.080	0.078	50.000	0.000	0.000
1115800.000	0.000	-0.080	0.078	50.000	0.000	0.000
1115800.000	0.000	-0.080	0.078	50.000	0.000	0.000
1115830.000	0.000	-0.080	0.078	50.000	0.000	0.000
1115830.000	0.000	-0.080	0.078	50.000	0.000	0.000
1115830.000	0.000	-0.080	0.078	50.000	0.000	0.000
1115860.000	0.000	-0.080	0.078	50.000	0.000	0.000
1115860.000	0.000	-0.080	0.078	50.000	0.000	0.000
1115860.000	0.000	-0.080	0.078	50.000	0.000	0.000
1115890.000	0.000	-0.080	0.078	50.000	0.000	0.000
1115890.000	0.000	-0.080	0.078	50.000	0.000	0.000
1115890.000	0.000	-0.080	0.078	50.000	0.000	0.000
1115920.000	0.000	-0.070	0.078	50.000	0.000	0.000
1115920.000	0.000	-0.070	0.078	50.000	0.000	0.000
1115920.000	0.000	-0.070	0.078	50.000	0.000	0.000
1115950.000	0.000	-0.070	0.062	50.000	0.000	0.000
1115950.000	0.000	-0.070	0.062	50.000	0.000	0.000
1115950.000	0.000	-0.070	0.062	50.000	0.000	0.000
1115980.000	0.000	-0.070	0.062	50.000	0.000	0.000
1115980.000	0.000	-0.070	0.062	50.000	0.000	0.000
1115980.000	0.000	-0.070	0.062	50.000	0.000	0.000
1116010.000	0.000	-0.060	0.062	50.000	0.000	0.000
1116010.000	0.000	-0.060	0.062	50.000	0.000	0.000
1116010.000	0.000	-0.060	0.062	50.000	0.000	0.000
1116040.000	0.000	-0.060	0.062	50.000	0.000	0.000
1116040.000	0.000	-0.060	0.062	50.000	0.000	0.000
1116040.000	0.000	-0.060	0.062	50.000	0.000	0.000
1116070.000	0.000	-0.060	0.062	50.000	0.000	0.000
1116070.000	0.000	-0.060	0.062	50.000	0.000	0.000
1116070.000	0.000	-0.060	0.062	50.000	0.000	0.000
1116100.000	0.000	-0.050	0.047	50.000	0.000	0.000
1116100.000	0.000	-0.050	0.047	50.000	0.000	0.000
1116100.000	0.000	-0.050	0.047	50.000	0.000	0.000
1116130.000	0.000	-0.050	0.047	50.000	0.000	0.000
1116130.000	0.000	-0.050	0.047	50.000	0.000	0.000
1116130.000	0.000	-0.050	0.047	50.000	0.000	0.000
1116160.000	0.000	-0.050	0.047	50.000	0.000	0.000
1116160.000	0.000	-0.050	0.047	50.000	0.000	0.000
1116160.000	0.000	-0.050	0.047	50.000	0.000	0.000
1116190.000	0.000	-0.040	0.031	50.000	0.000	0.000
1116190.000	0.000	-0.040	0.031	50.000	0.000	0.000
1116190.000	0.000	-0.040	0.031	50.000	0.000	0.000
1116220.000	0.000	-0.040	0.031	50.000	0.000	0.000
1116220.000	0.000	-0.040	0.031	50.000	0.000	0.000
1116220.000	0.000	-0.040	0.031	50.000	0.000	0.000
1116250.000	0.000	-0.040	0.031	50.000	0.000	0.000
1116250.000	0.000	-0.040	0.031	50.000	0.000	0.000
1116250.000	0.000	-0.040	0.031	50.000	0.000	0.000
1116280.000	0.000	-0.030	0.031	50.000	0.000	0.000
1116280.000	0.000	-0.030	0.031	50.000	0.000	0.000
1116280.000	0.000	-0.030	0.031	50.000	0.000	0.000
1116310.000	0.000	-0.030	0.016	50.000	0.000	0.000
1116310.000	0.000	-0.030	0.016	50.000	0.000	0.000
1116310.000	0.000	-0.030	0.016	50.000	0.000	0.000
1116340.000	0.000	-0.030	0.016	50.000	0.000	0.000
1116340.000	0.000	-0.030	0.016	50.000	0.000	0.000
1116340.000	0.000	-0.030	0.016	50.000	0.000	0.000
1116370.000	0.000	-0.020	0.016	50.000	0.000	0.000
1116370.000	0.000	-0.020	0.016	50.000	0.000	0.000
1116370.000	0.000	-0.020	0.016	50.000	0.000	0.000
1116400.000	0.000	-0.020	0.016	50.000	0.000	0.000
1116400.000	0.000	-0.020	0.016	50.000	0.000	0.000
1116400.000	0.000	-0.020	0.016	50.000	0.000	0.000
1116430.000	0.000	-0.020	0.016	50.000	0.000	0.000
1116430.000	0.000	-0.020	0.016	50.000	0.000	0.000
1116430.000	0.000	-0.020	0.016	50.000	0.000	0.000
1116460.000	0.000	-0.020	0.000	50.000	0.000	0.000
1116460.000	0.000	-0.020	0.000	50.000	0.000	0.000
1116460.000	0.000	-0.020	0.000	50.000	0.000	0.000
1116490.000	0.000	-0.020	0.000	50.000	0.000	0.000
1116490.000	0.000	-0.020	0.000	50.000	0.000	0.000
1116490.000	0.000	-0.020	0.000	50.000	0.000	0.000
1116520.000	0.000	-0.020	0.000	50.000	0.000	0.000
1116520.000	0.000	-0.020	0.000	50.000	0.000	0.000
1116520.000	0.000	-0.020	0.000	50.000	0.000	0.000
1116550.000	0.000	-0.020	0.000	50.000	0.000	0.000
1116550.000	0.000	-0.020	0.000	50.000	0.000	0.000
1116550.000	0.000	-0.020	0.000	50.000	0.000	0.000
1116580.000	0.000	-0.020	0.000	50.000	0.000	0.000
1116580.000	0.000	-0.020	0.000	50.000	0.000	0.000
1116580.000	0.000	-0.020	0.000	50.000	0.000	0.000
1116610.000	0.000	-0.020	0.000	50.000	0.000	0.000
1116610.000	0.000	-0.020	0.000	50.000	0.000	0.000
1116610.000	0.000	-0.020	0.000	50.000	0.000	0.000
1116640.000	0.000	-0.020	0.016	50.000	0.000	0.000
1116640.000	0.000	-0.020	0.016	50.000	0.000	0.000
1116640.000	0.000	-0.020	0.016	50.000	0.000	0.000
1116670.000	0.000	-0.020	0.016	50.000	0.000	0.000
1116670.000	0.000	-0.020	0.016	50.000	0.000	0.000
1116670.000	0.000	-0.020	0.016	50.000	0.000	0.000
1116700.000	0.000	-0.020	0.016	50.000	0.000	0.000
1116700.000	0.000	-0.020	0.016	50.000	0.000	0.000
1116700.000	0.000	-0.020	0.016	50.000	0.000	0.000
1116730.000	0.000	-0.020	0.016	50.000	0.000	0.000
1116730.000	0.000	-0.020	0.016	50.000	0.000	0.000
1116730.000	0.000	-0.020	0.016	50.000	0.000	0.000
1116760.000	0.000	-0.030	0.016	50.000	0.000	0.000
1116760.000	0.000	-0.030	0.016	50.000	0.000	0.000
1116760.000	0.000	-0.030	0.016	50.000	0.000	0.000
1116790.000	0.000	-0.030	0.016	50.000	0.000	0.000
1116790.000	0.000	-0.030	0.016	50.000	0.000	0.000
1116790.000	0.000	-0.030	0.016	50.000	0.000	0.000
1116820.000	0.000	-0.030	0.016	50.000	0.000	0.000
1116820.000	0.000	-0.030	0.016	50.000	0.000	0.000
1116820.000	0.000	-0.030	0.016	50.000	0.000	0.000
1116850.000	0.000	-0.030	0.031	50.000	0.000	0.000
1116850.000	0.000	-0.030	0.031	50.000	0.000	0.000
1116850.000	0.000	-0.030	0.031	50.000	0.000	0.000
1116880.000	0.000	-0.030	0.031	50.000	0.000	0.000
1116880.000	0.000	-0.030	0.031	50.000	0.000	0.000
1116880.000	0.000	-0.030	0.031	50.000	0.000	0.000
1116910.000	0.000	-0.040	0.031	50.000	0.000	0.000
1116910.000	0.000	-0.040	0.031	50.000	0.000	0.000
1116910.000	0.000	-0.040	0.031	50.000	0.000	0.000
1116940.000	0.000	-0.040	0.031	50.000	0.000	0.000
1116940.000	0.000	-0.040	0.031	50.000	0.000	0.000
1116940.000	0.000	-0.040	0.031	50.000	0.000	0.000
1116970.000	0.000	-0.040	0.031	50.000	0.000	0.000
1116970.000	0.000	-0.040	0.031	50.000	0.000	0.000
1116970.000	0.000	-0.040	0.031	50.000	0.000	0.000
1117000.000	0.000	-0.040	0.031	50.000	0.000	0.000
1117000.000	0.000	-0.040	0.031	50.000	0.000	0.000
1117000.000	0.000	-0.040	0.031	50.000	0.000	0.000
1117030.000	0.000	-0.040	0.031	50.000	0.000	0.000
1117030.000	0.000	-0.040	0.031	50.000	0.000	0.000
1117030.000	0.000	-0.040	0.031	50.000	0.000	0.000
1117060.000	0.000	-0.040	0.031	50.000	0.000	0.000
1117060.000	0.000	-0.040	0.031	50.000	0.000	0.000
1117060.000	0.000	-0.040	0.031	50.000	0.000	0.000
1117090.000	0.000	-0.040	0.031	50.000	0.000	0.000
1117090.000	0.000	-0.040	0.031	50.000	0.000	0.000
1117090.000	0.000	-0.040	0.031	50.000	0.000	0.000
1117120.000	0.000	-0.040	0.031	50.000	0.000	0.000
1117120.000	0.000	-0.040	0.031	50.000	0.000	0.000
1117120.000	0.000	-0.040	0.031	50.000	0.000	0.000
1117150.000	0.000	-0.040	0.031	50.000	0.000	0.000
1117150.000	0.000	-0.040	0.031	50.000	0.000	0.000
1117150.000	0.000	-0.040	0.031	50.000	0.000	0.000
1117180.000	0.000	-0.040	0.031	50.000	0.000	0.000
1117180.000	0.000	-0.040	0.031	50.000	0.000	0.000
1117180.000	0.000	-0.040	0.031	50.000	0.000	0.000
1117210.000	0.000	-0.040	0.031	50.000	0.000	0.000
1117210.000	0.000	-0.040	0.031	50.000	0.000	0.000
1117210.000	0.000	-0.040	0.031	50.000	0.000	0.000
1117240.000	0.000	-0.040	0.031	50.000	0.000	0.000
1117240.000	0.000	-0.040	0.031	50.000	0.000	0.000
1117240.000	0.000	-0.040	0.031	50.000	0.000	0.000
1117270.000	0.000	-0.040	0.031	50.000	0.000	0.000
1117270.000	0.000	-0.040	0.031	50.000	0.000	0.000
1117270.000	0.000	-0.040	0.031	50.000	0.000	0.000
1117300.000	0.000	-0.040	0.031	50.000	0.000	0.000
1117300.000	0.000	-0.040	0.031	50.000	0.000	0.000
1117300.000	0.000	-0.040	0.031	50.000	0.000	0.000
1117330.000	0.000	-0.040	0.031	50.000	0.000	0.000
1117330.000	0.000	-0.040	0.031	50.000	0.000	0.000
1117330.000	0.000	-0.040	0.031	50.000	0.000	0.000
1117360.000	0.000	-0.030	0.031	50.000	0.000	0.000
1117360.000	0.000	-0.030	0.031	50.000	0.000	0.000
1117360.000	0.000	-0.030	0.031	50.000	0.000	0.000
1117390.000	0.000	-0.030	0.031	50.000	0.000	0.000
1117390.000	0.000	-0.030	0.031	50.000	0.000	0.000
1117390.000	0.000	-0.030	0.031	50.000	0.000	0.000
1117420.000	0.000	-0.030	0.016	50.000	0.000	0.000
1117420.000	0.000	-0.030	0.016	50.000	0.000	0.000
1117420.000	0.000	-0.030	0.016	50.000	0.000	0.000
1117450.000	0.000	-0.030	0.016	50.000	0.000	0.000
1117450.000	0.000	-0.030	0.016	50.000	0.000	0.000
1117450.000	0.000	-0.030	0.016	50.000	0.000	0.000
1117480.000	0.000	-0.030	0.016	50.000	0.000	0.000
1117480.000	0.000	-0.030	0.016	50.000	0.000	0.000
1117480.000	0.000	-0.030	0.016	50.000	0.000	0.000
1117510.000	0.000	-0.030	0.016	50.000	0.000	0.000
1117510.000	0.000	-0.030	0.016	50.000	0.000	0.000
1117510.000	0.000	-0.030	0.016	50.000	0.000	0.000
1117540.000	0.000	-0.030	0.016	50.000	0.000	0.000
1117540.000	0.000	-0.030	0.016	50.000	0.000	0.000
1117540.000	0.000	-0.030	0.016	50.000	0.000	0.000
1117570.000	0.000	-0.020	0.016	50.000	0.000	0.000
1117570.000	0.000	-0.020	0.016	50.000	0.000	0.000
1117570.000	0.000	-0.020	0.016	50.000	0.000	0.000
1117600.000	0.000	-0.020	0.016	50.000	0.000	0.000
1117600.000	0.000	-0.020	0.016	50.000	0.000	0.000
1117600.000	0.000	-0.020	0.016	50.000	0.000	0.000
1117630.000	0.000	-0.020	0.016	50.000	0.000	0.000
1117630.000	0.000	-0.020	0.016	50.000	0.000	0.000
1117630.000	0.000	-0.020	0.016	50.000	0.000	0.000
1117660.000	0.000	-0.020	0.016	50.000	0.000	0.000
1117660.000	0.000	-0.020	0.016	50.000	0.000	0.000
1117660.000	0.000	-0.020	0.016	50.000	0.000	0.000
1117690.000	0.000	-0.020	0.016	50.000	0.000	0.000
1117690.000	0.000	-0.020	0.016	50.000	0.000	0.000
1117690.000	0.000	-0.020	0.016	50.000	0.000	0.000
1117720.000	0.000	-0.020	0.000	50.000	0.000	0.000
1117720.000	0.000	-0.020	0.000	50.000	0.000	0.000
1117720.000	0.000	-0.020	0.000	50.000	0.000	0.000
1117750.000	0.000	-0.020	0.000	50.000	0.000	0.000
1117750.000	0.000	-0.020	0.000	50.000	0.000	0.000
1117750.000	0.000	-0.020	0.000	50.000	0.000	0.000
1117780.000	0.000	-0.020	0.000	50.000	0.000	0.000
1117780.000	0.000	-0.020	0.000	50.000	0.000	0.000
1117780.000	0.000	-0.020	0.000	50.000	0.000	0.000
1117810.000	0.000	-0.010	0.000	50.000	0.000	0.000
1117810.000	0.000	-0.010	0.000	50.000	0.000	0.000
1117810.000	0.000	-0.010	0.000	50.000	0.000	0.000
1117840.000	0.000	-0.010	0.000	50.000	0.000	0.000
1117840.000	0.000	-0.010	0.000	50.000	0.000	0.000
1117840.000	0.000	-0.010	0.000	50.000	0.000	0.000
1117870.000	0.000	-0.010	0.000	50.000	0.000	0.000
1117870.000	0.000	-0.010	0.000	50.000	0.000	0.000
1117870.000	0.000	-0.010	0.000	50.000	0.000	0.000
1117900.000	0.000	-0.010	0.000	50.000	0.000	0.000
1117900.000	0.000	-0.010	0.000	50.000	0.000	0.000
1117900.000	0.000	-0.010	0.000	50.000	0.000	0.000
1117930.000	0.000	-0.010	0.000	50.000	0.000	0.000
1117930.000	0.000	-0.010	0.000	50.000	0.000	0.000
1117930.000	0.000	-0.010	0.000	50.000	0.000	0.000
1117960.000	0.000	-0.010	0.000	50.000	0.000	0.000
1117960.000	0.000	-0.010	0.000	50.000	0.000	0.000
1117960.000	0.000	-0.010	0.000	50.000	0.000	0.000
1117990.000	0.000	-0.010	0.000	50.000	0.000	0.000
1117990.000	0.000	-0.010	0.000	50.000	0.000	0.000
1117990.000	0.000	-0.010	0.000	50.000	0.000	0.000
1118020.000	0.000	-0.010	0.000	50.000	0.000	0.000
1118020.000	0.000	-0.010	0.000	50.000	0.000	0.000
1118020.000	0.000	-0.010	0.000	50.000	0.000	0.000
1118050.000	0.000	-0.010	0.000	50.000	0.000	0.000
1118050.000	0.000	-0.010	0.000	50.000	0.000	0.000
1118050.000	0.000	-0.010	0.000	50.000	0.000	0.000
1118080.000	0.000	-0.010	0.000	50.000	0.000	0.000
1118080.000	0.000	-0.010	0.000	50.000	0.000	0.000
1118080.000	0.000	-0.010	0.000	50.000	0.000	0.000
1118110.000	0.000	-0.010	0.000	50.000	0.000	0.000
1118110.000	0.000	-0.010	0.000	50.000	0.000	0.000
1118110.000	0.000	-0.010	0.000	50.000	0.000	0.000
1118140.000	0.000	-0.010	0.000	50.000	0.000	0.000
1118140.000	0.000	-0.010	0.000	50.000	0.000	0.000
1118140.000	0.000	-0.010	0.000	50.000	0.000	0.000
1118170.000	0.000	-0.010	0.000	50.000	0.000	0.000
1118170.000	0.000	-0.010	0.000	50.000	0.000	0.000
1118170.000	0.000	-0.010	0.000	50.000	0.000	0.000
1118200.000	0.000	-0.010	0.000	50.000	0.000	0.000
1118200.000	0.000	-0.010	0.000	50.000	0.000	0.000
1118200.000	0.000	-0.010	0.000	50.000	0.000	0.000
1118230.000	0.000	-0.010	0.000	50.000	0.000	0.000
1118230.000	0.000	-0.010	0.000	50.000	0.000	0.000
1118230.000	0.000	-0.010	0.000	50.000	0.000	0.000
1118260.000	0.000	-0.010	0.000	50.000	0.000	0.000
1118260.000	0.000	-0.010	0.000	50.000	0.000	0.000
1118260.000	0.000	-0.010	0.000	50.000	0.000	0.000
1118290.000	0.000	-0.010	0.000	50.000	0.000	0.000
1118290.000	0.000	-0.010	0.000	50.000	0.000	0.000
1118290.000	0.000	-0.010	0.000	50.000	0.000	0.000
1118320.000	0.000	-0.010	0.000	50.000	0.000	0.000
1118320.000	0.000	-0.010	0.000	50.000	0.000	0.000
1118320.000	0.000	-0.010	0.000	50.000	0.000	0.000
1118350.000	0.000	-0.010	0.000	50.000	0.000	0.000
1118350.000	0.000	-0.010	0.000	50.000	0.000	0.000
1118350.000	0.000	-0.010	0.000	50.000	0.000	0.000
1118380.000	0.000	-0.020	0.000	50.000	0.000	0.000
1118380.000	0.000	-0.020	0.000	50.000	0.000	0.000
1118380.000	0.000	-0.020	0.000	50.000	0.000	0.000
1118410.000	0.000	-0.020	0.000	50.000	0.000	0.000
1118410.000	0.000	-0.020	0.000	50.000	0.000	0.000
1118410.000	0.000	-0.020	0.000	50.000	0.000	0.000
1118440.000	0.000	-0.020	0.000	50.000	0.000	0.000
1118440.000	0.000	-0.020	0.000	50.000	0.000	0.000
1118440.000	0.000	-0.020	0.000	50.000	0.000	0.000
1118470.000	0.000	-0.020	0.000	50.000	0.000	0.000
1118470.000	0.000	-0.020	0.000	50.000	0.000	0.000
1118470.000	0.000	-0.020	0.000	50.000	0.000	0.000
1118500.000	0.000	-0.020	0.000	50.000	0.000	0.000
1118500.000	0.000	-0.020	0.000	50.000	0.000	0.000
1118500.000	0.000	-0.020	0.000	50.000	0.000	0.000
1118530.000	0.000	-0.020	0.000	50.000	0.000	0.000
1118530.000	0.000	-0.020	0.000	50.000	0.000	0.000
1118530.000	0.000	-0.020	0.000	50.000	0.000	0.000
1118560.000	0.000	-0.020	0.000	50.000	0.000	0.000
1118560.000	0.000	-0.020	0.000	50.000	0.000	0.000
1118560.000	0.000	-0.020	0.000	50.000	0.000	0.000
1118590.000	0.000	-0.020	0.000	50.000	0.000	0.000
1118590.000	0.000	-0.020	0.000	50.000	0.000	0.000
1118590.000	0.000	-0.020	0.000	50.000	0.000	0.000
1118620.000	0.000	-0.020	0.000	50.000	0.000	0.000
1118620.000	0.000	-0.020	0.000	50.000	0.000	0.000
1118620.000	0.000	-0.020	0.000	50.000	0.000	0.000
1118650.000	0.000	-0.020	0.000	50.000	0.000	0.000
1118650.000	0.000	-0.020	0.000	50.000	0.000	0.000
1118650.000	0.000	-0.020	0.000	50.000	0.000	0.000
1118680.000	0.000	-0.020	0.000	50.000	0.000	0.000
1118680.000	0.000	-0.020	0.000	50.000	0.000	0.000
1118680.000	0.000	-0.020	0.000	50.000	0.000	0.000
1118710.000	0.000	-0.010	0.000	50.000	0.000	0.000
1118710.000	0.000	-0.010	0.000	50.000	0.000	0.000
1118710.000	0.000	-0.010	0.000	50.000	0.000	0.000
1118740.000	0.000	-0.010	0.000	50.000	0.000	0.000
1118740.000	0.000	-0.010	0.000	50.000	0.000	0.000
1118740.000	0.000	-0.010	0.000	50.000	0.000	0.000
1118770.000	0.000	-0.010	0.000	50.000	0.000	0.000
1118770.000	0.000	-0.010	0.000	50.000	0.000	0.000
1118770.000	0.000	-0.010	0.000	50.000	0.000	0.000
1118800.000	0.000	-0.010	0.000	50.000	0.000	0.000
1118800.000	0.000	-0.010	0.000	50.000	0.000	0.000
1118800.000	0.000	-0.010	0.000	50.000	0.000	0.000
1118830.000	0.000	-0.010	0.000	50.000	0.000	0.000
1118830.000	0.000	-0.010	0.000	50.000	0.000	0.000
1118830.000	0.000	-0.010	0.000	50.000	0.000	0.000
1118860.000	0.000	-0.010	0.000	50.000	0.000	0.000
1118860.000	0.000	-0.010	0.000	50.000	0.000	0.000
1118860.000	0.000	-0.010	0.000	50.000	0.000	0.000
1118890.000	0.000	-0.010	0.000	50.000	0.000	0.000
1118890.000	0.000	-0.010	0.000	50.000	0.000	0.000
1118890.000	0.000	-0.010	0.000	50.000	0.000	0.000
1118920.000	0.000	-0.010	0.000	50.000	0.000	0.000
1118920.000	0.000	-0.010	0.000	50.000	0.000	0.000
1118920.000	0.000	-0.010	0.000	50.000	0.000	0.000
1118950.000	0.000	-0.010	0.000	50.000	0.000	0.000
1118950.000	0.000	-0.010	0.000	50.000	0.000	0.000
1118950.000	0.000	-0.010	0.000	50.000	0.000	0.000
1118980.000	0.000	-0.010	0.000	50.000	0.000	0.000
1118980.000	0.000	-0.010	0.000	50.000	0.000	0.000
1118980.000	0.000	-0.010	0.000	50.000	0.000	0.000
1119010.000	0.000	-0.010	0.000	50.000	0.000	0.000
1119010.000	0.000	-0.010	0.000	50.000	0.000	0.000
1119010.000	0.000	-0.010	0.000	50.000	0.000	0.000
1119040.000	0.000	-0.010	0.000	50.000	0.000	0.000
1119040.000	0.000	-0.010	0.000	50.000	0.000	0.000
1119040.000	0.000	-0.010	0.000	50.000	0.000	0.000
1119070.000	0.000	-0.010	0.000	50.000	0.000	0.000
1119070.000	0.000	-0.010	0.000	50.000	0.000	0.000
1119070.000	0.000	-0.010	0.000	50.000	0.000	0.000
1119100.000	0.000	-0.010	0.000	50.000	0.000	0.000
1119100.000	0.000	-0.010	0.000	50.000	0.000	0.000
1119100.000	0.000	-0.010	0.000	50.000	0.000	0.000
1119130.000	0.000	-0.010	0.000	50.000	0.000	0.000
1119130.000	0.000	-0.010	0.000	50.000	0.000	0.000
1119130.000	0.000	-0.010	0.000	50.000	0.000	0.000
1119160.000	0.000	-0.010	0.000	50.000	0.000	0.000
1119160.000	0.000	-0.010	0.000	50.000	0.000	0.000
1119160.000	0.000	-0.010	0.000	50.000	0.000	0.000
1119190.000	0.000	-0.010	0.000	50.000	0.000	0.000
1119190.000	0.000	-0.010	0.000	50.000	0.000	0.000
1119190.000	0.000	-0.010	0.000	50.000	0.000	0.000
1119220.000	0.000	-0.010	0.000	50.000	0.000	0.000
1119220.000	0.000	-0.010	0.000	50.000	0.000	0.000
1119220.000	0.000	-0.010	0.000	50.000	0.000	0.000
1119250.000	0.000	-0.010	0.000	50.000	0.000	0.000
1119250.000	0.000	-0.010	0.000	50.000	0.000	0.000
1119250.000	0.000	-0.010	0.000	50.000	0.000	0.000
1119280.000	0.000	-0.010	0.000	50.000	0.000	0.000
1119280.000	0.000	-0.010	0.000	50.000	0.000	0.000
1119280.000	0.000	-0.010	0.000	50.000	0.000	0.000
1119310.000	0.000	-0.010	0.000	50.000	0.000	0.000
1119310.000	0.000	-0.010	0.000	50.000	0.000	0.000
1119310.000	0.000	-0.010	0.000	50.000	0.000	0.000
1119340.000	0.000	-0.010	0.000	50.000	0.000	0.000
1119340.000	0.000	-0.010	0.000	50.000	0.000	0.000
1119340.000	0.000	-0.010	0.000	50.000	0.000	0.000
1119370.000	0.000	-0.010	0.000	50.000	0.000	0.000
1119370.000	0.000	-0.010	0.000	50.000	0.000	0.000
1119370.000	0.000	-0.010	0.000	50.000	0.000	0.000
1119400.000	0.000	-0.010	0.000	50.000	0.000	0.000
1119400.000	0.000	-0.010	0.000	50.000	0.000	0.000
1119400.000	0.000	-0.010	0.000	50.000	0.000	0.000
1119430.000	0.000	-0.010	0.000	50.000	0.000	0.000
1119430.000	0.000	-0.010	0.000	50.000	0.000	0.000
1119430.000	0.000	-0.010	0.000	50.000	0.000	0.000
1119460.000	0.000	-0.010	0.000	50.000	0.000	0.000
1119460.000	0.000	-0.010	0.000	50.000	0.000	0.000
1119460.000	0.000	-0.010	0.000	50.000	0.000	0.000
1119490.000	0.000	-0.010	0.000	50.000	0.000	0.000
1119490.000	0.000	-0.010	0.000	50.000	0.000	0.000
1119490.000	0.000	-0.010	0.000	50.000	0.000	0.000
1119520.000	0.000	-0.010	0.000	50.000	0.000	0.000
1119520.000	0.000	-0.010	0.000	50.000	0.000	0.000
1119520.000	0.000	-0.010	0.000	50.000	0.000	0.000
1119550.000	0.000	-0.010	0.000	50.000	0.000	0.000
1119550.000	0.000	-0.010	0.000	50.000	0.000	0.000
1119550.000	0.000	-0.010	0.000	50.000	0.000	0.000
1119580.000	0.000	-0.010	0.000	50.000	0.000	0.000
1119580.000	0.000	-0.010	0.000	50.000	0.000	0.000
1119580.000	0.000	-0.010	0.000	50.000	0.000	0.000
1119610.000	0.000	-0.010	0.000	50.000	0.000	0.000
1119610.000	0.000	-0.010	0.000	50.000	0.000	0.000
1119610.000	0.000	-0.010	0.000	50.000	0.000	0.000
1119640.000	0.000	-0.010	0.000	50.000	0.000	0.000
1119640.000	0.000	-0.010	0.000	50.000	0.000	0.000
1119640.000	0.000	-0.010	0.000	50.000	0.000	0.000
1119670.000	0.000	-0.010	0.000	50.000	0.000	0.000
1119670.000	0.000	-0.010	0.000	50.000	0.000	0.000
1119670.000	0.000	-0.010	0.000	50.000	0.000	0.000
1119700.000	0.000	-0.010	0.000	50.000	0.000	0.000
1119700.000	0.000	-0.010	0.000	50.000	0.000	0.000
1119700.000	0.000	-0.010	0.000	50.000	0.000	0.000
1119730.000	0.000	-0.010	0.000	50.000	0.000	0.000
1119730.000	0.000	-0.010	0.000	50.000	0.000	0.000
1119730.000	0.000	-0.010	0.000	50.000	0.000	0.000
1119760.000	0.000	-0.010	0.000	50.000	0.000	0.000
1119760.000	0.000	-0.010	0.000	50.000	0.000	0.000
1119760.000	0.000	-0.010	0.000	50.000	0.000	0.000
1119790.000	0.000	-0.010	0.000	50.000	0.000	0.000
1119790.000	0.000	-0.010	0.000	50.000	0.000	0.000
1119790.000	0.000	-0.010	0.000	50.000	0.000	0.000
1119820.000	0.000	-0.010	0.000	50.000	0.000	0.000
1119820.000	0.000	-0.010	0.000	50.000	0.000	0.000
1119820.000	0.000	-0.010	0.000	50.000	0.000	0.000
1119850.000	0.000	-0.010	0.000	50.000	0.000	0.000
1119850.000	0.000	-0.010	0.000	50.000	0.000	0.000
1119850.000	0.000	-0.010	0.000	50.000	0.000	0.000
1119880.000	0.000	-0.010	0.000	50.000	0.000	0.000
1119880.000	0.000	-0.010	0.000	50.000	0.000	0.000
1119880.000	0.000	-0.010	0.000	50.000	0.000	0.000
1119910.000	0.000	-0.010	0.000	50.000	0.000	0.000
1119910.000	0.000	-0.010	0.000	50.000	0.000	0.000
1119910.000	0.000	-0.010	0.000	50.000	0.000	0.000
1119940.000	0.000	-0.010	0.000	50.000	0.000	0.000
