%Time [ms]	Commanded Torque [mNm]	Angular Velocity [RPM]	Actual Current [Amp]	%3/3/20232:00 PM
0.000	0.000	0.000	0.000
20.000	2.500	0.000	0.007
30.000	2.500	0.000	0.007
40.000	2.500	0.000	0.006
50.000	2.500	0.000	0.003
60.000	2.500	0.000	0.006
70.000	2.500	0.000	0.008
80.000	2.500	0.000	0.007
90.000	2.500	0.000	0.007
100.000	2.500	0.000	0.004
110.000	2.500	0.000	0.003
120.000	2.500	0.000	0.007
130.000	2.500	0.000	0.006
140.000	2.500	0.000	0.007
150.000	2.500	0.000	0.006
160.000	2.500	0.000	0.007
170.000	2.500	0.000	0.006
180.000	2.500	0.000	0.006
190.000	2.500	0.000	0.006
200.000	2.500	0.000	0.006
210.000	2.500	0.000	0.008
220.000	2.500	0.000	0.001
230.000	2.500	0.000	0.004
240.000	2.500	0.000	0.002
250.000	2.500	0.000	0.006
260.000	2.500	0.000	0.003
270.000	2.500	0.000	0.002
280.000	2.500	0.000	0.007
290.000	2.500	0.000	0.006
300.000	2.500	0.000	0.006
310.000	2.500	0.000	0.006
320.000	2.500	0.000	0.004
330.000	2.500	0.000	0.007
340.000	2.500	0.000	0.006
350.000	2.500	0.000	0.004
360.000	2.500	0.000	0.004
370.000	2.500	0.000	0.004
380.000	2.500	0.000	0.007
390.000	2.500	0.000	0.003
400.000	2.500	0.000	0.001
410.000	2.500	0.000	0.003
420.000	2.500	0.000	0.003
430.000	2.500	0.000	0.004
440.000	2.500	0.000	0.003
450.000	2.500	0.000	0.004
460.000	2.500	0.000	0.008
470.000	2.500	0.000	0.006
480.000	2.500	0.000	0.006
490.000	2.500	0.000	0.007
500.000	2.500	0.000	0.004
510.000	2.500	0.000	0.007
520.000	2.500	0.000	-0.000
530.000	2.500	0.000	0.007
540.000	2.500	0.000	0.008
550.000	2.500	0.000	0.001
560.000	2.500	0.000	0.002
570.000	2.500	0.000	0.002
580.000	2.500	0.000	0.006
590.000	2.500	0.000	0.007
600.000	2.500	0.000	0.007
610.000	2.500	0.000	0.012
620.000	2.500	0.000	0.002
630.000	2.500	0.000	0.002
640.000	2.500	0.000	0.002
650.000	2.500	0.000	0.004
660.000	2.500	0.000	0.004
670.000	2.500	0.000	0.004
680.000	2.500	0.000	0.007
690.000	2.500	0.000	0.007
700.000	2.500	0.000	0.004
710.000	2.500	0.000	0.002
720.000	2.500	0.000	0.002
730.000	2.500	0.000	0.002
740.000	2.500	0.000	0.002
750.000	2.500	0.000	0.002
760.000	2.500	0.000	0.006
770.000	2.500	0.000	0.006
780.000	2.500	0.000	0.006
790.000	2.500	0.000	0.006
800.000	2.500	0.000	0.007
810.000	2.500	0.000	0.004
820.000	2.500	0.000	0.007
830.000	2.500	0.000	0.004
840.000	2.500	0.000	0.007
850.000	2.500	0.000	0.004
860.000	2.500	0.000	0.004
870.000	2.500	0.000	0.004
880.000	2.500	0.000	0.007
890.000	2.500	0.000	0.006
900.000	2.500	0.000	0.004
910.000	2.500	0.000	0.006
920.000	2.500	0.000	0.003
930.000	2.500	0.000	0.007
940.000	2.500	0.000	0.008
950.000	2.500	0.000	0.006
960.000	2.500	0.000	0.006
970.000	2.500	0.000	-0.003
980.000	2.500	0.000	0.004
990.000	2.500	0.000	0.007
1000.000	2.500	0.000	0.003
1010.000	2.500	0.000	0.004
1020.000	2.500	0.000	0.003
1030.000	2.500	0.000	0.006
1040.000	2.500	0.000	0.029
1050.000	2.500	0.000	0.047
1060.000	2.500	0.000	0.062
1070.000	2.500	-0.073	0.079
1080.000	2.500	-0.073	0.085
1090.000	2.500	-0.073	0.087
1100.000	2.500	-0.073	0.091
1110.000	2.500	-0.146	0.092
1120.000	2.500	-0.146	0.079
1130.000	2.500	-0.146	0.100
1140.000	2.500	-0.220	0.098
1150.000	2.500	-0.220	0.102
1160.000	2.500	-0.293	0.104
1170.000	2.500	-0.220	0.106
1180.000	2.500	-0.293	0.103
1190.000	2.500	-0.366	0.104
1200.000	2.500	-0.366	0.098
1210.000	2.500	-0.366	0.108
1220.000	2.500	-0.366	0.090
1230.000	2.500	-0.439	0.106
1240.000	2.500	-0.439	0.104
1250.000	2.500	-0.513	0.102
1260.000	2.500	-0.513	0.106
1270.000	2.500	-0.586	0.108
1280.000	2.500	-0.513	0.104
1290.000	2.500	-0.586	0.103
1300.000	2.500	-0.659	0.103
1310.000	2.500	-0.659	0.104
1320.000	2.500	-0.806	0.100
1330.000	2.500	-0.806	0.107
1340.000	2.500	-0.879	0.107
1350.000	2.500	-0.952	0.103
1360.000	2.500	-1.025	0.103
1370.000	2.500	-1.025	0.111
1380.000	2.500	-1.172	0.103
1390.000	2.500	-1.099	0.103
1400.000	2.500	-1.172	0.102
1410.000	2.500	-1.172	0.103
1420.000	2.500	-1.172	0.090
1430.000	2.500	-1.172	0.102
1440.000	2.500	-1.099	0.102
1450.000	2.500	-1.099	0.106
1460.000	2.500	-1.025	0.104
1470.000	2.500	-1.099	0.109
1480.000	2.500	-1.099	0.103
1490.000	2.500	-1.099	0.103
1500.000	2.500	-1.172	0.104
1510.000	2.500	-1.261	0.107
1520.000	2.500	-1.335	0.090
1530.000	2.500	-1.461	0.104
1540.000	2.500	-1.608	0.106
1550.000	2.500	-1.534	0.102
1560.000	2.500	-1.681	0.104
1570.000	2.500	-1.616	0.106
1580.000	2.500	-1.616	0.103
1590.000	2.500	-1.676	0.104
1600.000	2.500	-1.602	0.104
1610.000	2.500	-1.448	0.090
1620.000	2.500	-1.448	0.090
1630.000	2.500	-1.395	0.104
1640.000	2.500	-1.395	0.103
1650.000	2.500	-1.395	0.103
1660.000	2.500	-1.395	0.104
1670.000	2.500	-1.606	0.106
1680.000	2.500	-1.606	0.106
1690.000	2.500	-1.766	0.106
1700.000	2.500	-1.766	0.106
1710.000	2.500	-1.884	0.107
1720.000	2.500	-1.884	0.098
1730.000	2.500	-1.884	0.103
1740.000	2.500	-1.958	0.102
1750.000	2.500	-1.958	0.100
1760.000	2.500	-1.884	0.101
1770.000	2.500	-1.884	0.098
1780.000	2.500	-1.958	0.103
1790.000	2.500	-1.958	0.102
1800.000	2.500	-2.104	0.100
1810.000	2.500	-2.051	0.102
1820.000	2.500	-2.124	0.097
1830.000	2.500	-2.124	0.106
1840.000	2.500	-2.051	0.103
1850.000	2.500	-2.051	0.107
1860.000	2.500	-2.051	0.104
1870.000	2.500	-1.904	0.117
1880.000	2.500	-1.831	0.106
1890.000	2.500	-1.685	0.107
1900.000	2.500	-1.538	0.104
1910.000	2.500	-1.611	0.106
1920.000	2.500	-1.611	0.109
1930.000	2.500	-1.685	0.104
1940.000	2.500	-1.758	0.107
1950.000	2.500	-1.831	0.103
1960.000	2.500	-1.831	0.103
1970.000	2.500	-1.904	0.101
1980.000	2.500	-1.831	0.104
1990.000	2.500	-1.831	0.104
2000.000	2.500	-1.831	0.109
2010.000	2.500	-1.831	0.101
2020.000	2.500	-1.758	0.117
2030.000	2.500	-1.758	0.103
2040.000	2.500	-1.831	0.103
2050.000	2.500	-1.904	0.106
2060.000	2.500	-1.978	0.106
2070.000	2.500	-2.051	0.097
2080.000	2.500	-2.051	0.104
2090.000	2.500	-2.051	0.104
2100.000	2.500	-2.051	0.103
2110.000	2.500	-1.978	0.104
2120.000	2.500	-1.978	0.102
2130.000	2.500	-1.904	0.103
2140.000	2.500	-1.831	0.106
2150.000	2.500	-1.685	0.103
2160.000	2.500	-1.758	0.104
2170.000	2.500	-1.831	0.102
2180.000	2.500	-1.978	0.103
2190.000	2.500	-2.051	0.107
2200.000	2.500	-2.124	0.106
2210.000	2.500	-2.124	0.107
2220.000	2.500	-2.197	0.101
2230.000	2.500	-2.271	0.106
2240.000	2.500	-2.344	0.106
2250.000	2.500	-2.490	0.106
2260.000	2.500	-2.563	0.106
2270.000	2.500	-2.637	0.101
2280.000	2.500	-2.563	0.104
2290.000	2.500	-2.563	0.103
2300.000	2.500	-2.563	0.101
2310.000	2.500	-2.637	0.101
2320.000	2.500	-2.637	0.104
2330.000	2.500	-2.637	0.103
2340.000	2.500	-2.637	0.106
2350.000	2.500	-2.710	0.106
2360.000	2.500	-2.637	0.107
2370.000	2.500	-2.563	0.098
2380.000	2.500	-2.637	0.104
2390.000	2.500	-2.637	0.104
2400.000	2.500	-2.710	0.106
2410.000	2.500	-2.783	0.102
2420.000	2.500	-2.930	0.103
2430.000	2.500	-3.149	0.104
2440.000	2.500	-3.149	0.103
2450.000	2.500	-3.076	0.106
2460.000	2.500	-3.003	0.103
2470.000	2.500	-2.930	0.104
2480.000	2.500	-2.856	0.107
2490.000	2.500	-2.930	0.104
2500.000	2.500	-3.117	0.101
2510.000	2.500	-3.117	0.101
2520.000	2.500	-3.084	0.114
2530.000	2.500	-2.937	0.106
2540.000	2.500	-2.937	0.104
2550.000	2.500	-2.937	0.106
2560.000	2.500	-3.010	0.103
2570.000	2.500	-3.230	0.106
2580.000	2.500	-3.523	0.103
2590.000	2.500	-3.596	0.104
2600.000	2.500	-3.450	0.106
2610.000	2.500	-3.336	0.102
2620.000	2.500	-3.223	0.108
2630.000	2.500	-3.223	0.103
2640.000	2.500	-3.296	0.103
2650.000	2.500	-3.442	0.104
2660.000	2.500	-3.589	0.107
2670.000	2.500	-3.442	0.092
2680.000	2.500	-3.223	0.103
2690.000	2.500	-3.223	0.103
2700.000	2.500	-3.369	0.104
2710.000	2.500	-3.662	0.101
2720.000	2.500	-3.809	0.102
2730.000	2.500	-3.882	0.103
2740.000	2.500	-3.809	0.107
2750.000	2.500	-3.589	0.106
2760.000	2.500	-3.516	0.103
2770.000	2.500	-3.662	0.104
2780.000	2.500	-3.882	0.106
2790.000	2.500	-3.882	0.106
2800.000	2.500	-3.809	0.104
2810.000	2.500	-3.589	0.104
2820.000	2.500	-3.662	0.104
2830.000	2.500	-3.809	0.104
2840.000	2.500	-4.028	0.104
2850.000	2.500	-4.102	0.104
2860.000	2.500	-4.102	0.107
2870.000	2.500	-3.882	0.103
2880.000	2.500	-3.735	0.108
2890.000	2.500	-3.809	0.101
2900.000	2.500	-4.028	0.106
2910.000	2.500	-4.028	0.104
2920.000	2.500	-3.882	0.106
2930.000	2.500	-3.735	0.102
2940.000	2.500	-3.662	0.102
2950.000	2.500	-3.882	0.104
2960.000	2.500	-4.028	0.104
2970.000	2.500	-4.175	0.102
2980.000	2.500	-4.175	0.109
2990.000	2.500	-4.028	0.103
3000.000	2.500	-3.882	0.106
3010.000	2.500	-4.102	0.103
3020.000	2.500	-4.248	0.106
3030.000	2.500	-4.321	0.106
3040.000	2.500	-4.248	0.104
3050.000	2.500	-4.175	0.104
3060.000	2.500	-4.321	0.101
3070.000	2.500	-4.468	0.103
3080.000	2.500	-4.395	0.106
3090.000	2.500	-4.468	0.106
3100.000	2.500	-4.395	0.104
3110.000	2.500	-4.248	0.104
3120.000	2.500	-4.395	0.106
3130.000	2.500	-4.443	0.109
3140.000	2.500	-4.337	0.104
3150.000	2.500	-4.337	0.104
3160.000	2.500	-4.190	0.104
3170.000	2.500	-4.264	0.104
3180.000	2.500	-4.483	0.104
3190.000	2.500	-4.410	0.103
3200.000	2.500	-4.483	0.104
3210.000	2.500	-4.410	0.103
3220.000	2.500	-4.264	0.102
3230.000	2.500	-4.361	0.107
3240.000	2.500	-4.434	0.104
3250.000	2.500	-4.468	0.104
3260.000	2.500	-4.468	0.107
3270.000	2.500	-4.468	0.104
3280.000	2.500	-4.541	0.103
3290.000	2.500	-4.614	0.104
3300.000	2.500	-4.614	0.106
3310.000	2.500	-4.574	0.103
3320.000	2.500	-4.600	0.102
3330.000	2.500	-4.600	0.106
3340.000	2.500	-4.527	0.103
3350.000	2.500	-4.600	0.104
3360.000	2.500	-4.527	0.108
3370.000	2.500	-4.454	0.103
3380.000	2.500	-4.527	0.103
3390.000	2.500	-4.600	0.103
3400.000	2.500	-4.560	0.106
3410.000	2.500	-4.567	0.106
3420.000	2.500	-4.540	0.108
3430.000	2.500	-4.687	0.111
3440.000	2.500	-4.760	0.103
3450.000	2.500	-4.720	0.106
3460.000	2.500	-4.720	0.103
3470.000	2.500	-4.793	0.102
3480.000	2.500	-4.793	0.108
3490.000	2.500	-4.761	0.104
3500.000	2.500	-4.835	0.104
3510.000	2.500	-4.835	0.104
3520.000	2.500	-4.908	0.106
3530.000	2.500	-4.835	0.104
3540.000	2.500	-4.835	0.104
3550.000	2.500	-4.875	0.103
3560.000	2.500	-5.094	0.102
3570.000	2.500	-5.094	0.102
3580.000	2.500	-4.948	0.104
3590.000	2.500	-4.980	0.103
3600.000	2.500	-4.980	0.104
3610.000	2.500	-5.127	0.101
3620.000	2.500	-5.200	0.097
3630.000	2.500	-5.200	0.097
3640.000	2.500	-5.200	0.102
3650.000	2.500	-5.566	0.101
3660.000	2.500	-5.566	0.101
3670.000	2.500	-5.347	0.104
3680.000	2.500	-5.200	0.103
3690.000	2.500	-5.200	0.103
3700.000	2.500	-5.347	0.102
3710.000	2.500	-5.347	0.101
3720.000	2.500	-5.347	0.101
3730.000	2.500	-5.347	0.098
3740.000	2.500	-5.566	0.106
3750.000	2.500	-5.566	0.106
3760.000	2.500	-5.347	0.106
3770.000	2.500	-5.347	0.101
3780.000	2.500	-5.347	0.101
3790.000	2.500	-5.640	0.104
3800.000	2.500	-5.566	0.106
3810.000	2.500	-5.566	0.106
3820.000	2.500	-5.713	0.101
3830.000	2.500	-5.786	0.104
3840.000	2.500	-5.786	0.104
3850.000	2.500	-5.566	0.106
3860.000	2.500	-5.786	0.106
3870.000	2.500	-5.786	0.106
3880.000	2.500	-5.859	0.106
3890.000	2.500	-5.640	0.102
3900.000	2.500	-5.640	0.102
3910.000	2.500	-5.859	0.103
3920.000	2.500	-5.493	0.096
3930.000	2.500	-5.493	0.096
3940.000	2.500	-5.493	0.106
3950.000	2.500	-5.933	0.107
3960.000	2.500	-5.933	0.107
3970.000	2.500	-5.786	0.106
3980.000	2.500	-6.079	0.106
3990.000	2.500	-6.079	0.106
4000.000	2.500	-6.079	0.106
4010.000	2.500	-5.713	0.104
4020.000	2.500	-5.713	0.104
4030.000	2.500	-5.933	0.101
4040.000	2.500	-5.933	0.106
4050.000	2.500	-5.933	0.106
4060.000	2.500	-5.859	0.106
4070.000	2.500	-6.152	0.109
4080.000	2.500	-6.152	0.109
4090.000	2.500	-5.786	0.104
4100.000	2.500	-6.079	0.103
4110.000	2.500	-6.079	0.103
4120.000	2.500	-6.152	0.103
4130.000	2.500	-6.152	0.104
4140.000	2.500	-6.152	0.104
4150.000	2.500	-6.372	0.104
4160.000	2.500	-5.933	0.104
4170.000	2.500	-5.933	0.104
4180.000	2.500	-6.006	0.113
4190.000	2.500	-6.299	0.104
4200.000	2.500	-6.299	0.104
4210.000	2.500	-6.079	0.106
4220.000	2.500	-6.372	0.114
4230.000	2.500	-6.372	0.114
4240.000	2.500	-6.079	0.103
4250.000	2.500	-6.299	0.102
4260.000	2.500	-6.299	0.102
4270.000	2.500	-6.445	0.100
4280.000	2.500	-6.445	0.104
4290.000	2.500	-6.445	0.104
4300.000	2.500	-6.592	0.106
4310.000	2.500	-6.226	0.106
4320.000	2.500	-6.299	0.101
4330.000	2.500	-6.299	0.101
4340.000	2.500	-6.519	0.104
4350.000	2.500	-6.519	0.104
4360.000	2.500	-6.445	0.106
4370.000	2.500	-6.592	0.108
4380.000	2.500	-6.592	0.108
4390.000	2.500	-6.226	0.103
4400.000	2.500	-6.372	0.104
4410.000	2.500	-6.525	0.106
4420.000	2.500	-6.598	0.104
4430.000	2.500	-6.672	0.096
4440.000	2.500	-6.818	0.102
4450.000	2.500	-6.818	0.102
4460.000	2.500	-6.598	0.102
4470.000	2.500	-6.598	0.104
4480.000	2.500	-6.818	0.101
4490.000	2.500	-6.891	0.102
4500.000	2.500	-6.885	0.106
4510.000	2.500	-6.951	0.104
4520.000	2.500	-6.951	0.103
4530.000	2.500	-6.732	0.104
4540.000	2.500	-6.821	0.103
4550.000	2.500	-6.894	0.103
4560.000	2.500	-7.048	0.103
4570.000	2.500	-7.194	0.103
4580.000	2.500	-7.048	0.090
4590.000	2.500	-7.048	0.102
4600.000	2.500	-6.981	0.103
4610.000	2.500	-7.054	0.101
4620.000	2.500	-7.001	0.102
4630.000	2.500	-7.147	0.101
4640.000	2.500	-7.204	0.102
4650.000	2.500	-7.131	0.104
4660.000	2.500	-7.035	0.104
4670.000	2.500	-6.962	0.106
4680.000	2.500	-7.042	0.113
4690.000	2.500	-7.115	0.106
4700.000	2.500	-7.408	0.103
4710.000	2.500	-7.261	0.106
4720.000	2.500	-7.298	0.108
4730.000	2.500	-7.225	0.106
4740.000	2.500	-7.072	0.104
4750.000	2.500	-7.145	0.103
4760.000	2.500	-7.381	0.106
4770.000	2.500	-7.381	0.104
4780.000	2.500	-7.366	0.103
4790.000	2.500	-7.366	0.103
4800.000	2.500	-7.207	0.104
4810.000	2.500	-7.280	0.103
4820.000	2.500	-7.516	0.115
4830.000	2.500	-7.809	0.103
4840.000	2.500	-7.661	0.104
4850.000	2.500	-7.588	0.106
4860.000	2.500	-7.581	0.106
4870.000	2.500	-7.361	0.103
4880.000	2.500	-7.443	0.107
4890.000	2.500	-7.809	0.104
4900.000	2.500	-7.676	0.106
4910.000	2.500	-7.529	0.103
4920.000	2.500	-7.656	0.103
4930.000	2.500	-7.363	0.103
4940.000	2.500	-7.517	0.103
4950.000	2.500	-7.957	0.104
4960.000	2.500	-7.744	0.106
4970.000	2.500	-7.744	0.103
4980.000	2.500	-7.890	0.109
4990.000	2.500	-7.597	0.103
5000.000	2.500	-7.597	0.104
5010.000	2.500	-8.037	0.103
5020.000	2.500	-7.764	0.106
5030.000	2.500	-7.690	0.104
5040.000	2.500	-7.910	0.104
5050.000	2.500	-7.690	0.106
5060.000	2.500	-7.910	0.103
5070.000	2.500	-8.276	0.104
5080.000	2.500	-7.983	0.104
5090.000	2.500	-7.910	0.106
5100.000	2.500	-8.203	0.106
5110.000	2.500	-7.837	0.103
5120.000	2.500	-8.057	0.106
5130.000	2.500	-8.496	0.113
5140.000	2.500	-8.057	0.103
5150.000	2.500	-8.057	0.104
5160.000	2.500	-8.203	0.106
5170.000	2.500	-7.983	0.102
5180.000	2.500	-8.496	0.104
5190.000	2.500	-8.569	0.101
5200.000	2.500	-8.130	0.103
5210.000	2.500	-8.423	0.102
5220.000	2.500	-8.350	0.102
5230.000	2.500	-8.130	0.102
5240.000	2.500	-8.643	0.104
5250.000	2.500	-8.496	0.106
5260.000	2.500	-8.350	0.107
5270.000	2.500	-8.496	0.106
5280.000	2.500	-8.276	0.106
5290.000	2.500	-8.643	0.103
5300.000	2.500	-8.789	0.102
5310.000	2.500	-8.496	0.102
5320.000	2.500	-8.716	0.101
5330.000	2.500	-8.716	0.102
5340.000	2.500	-8.569	0.103
5350.000	2.500	-8.862	0.103
5360.000	2.500	-8.716	0.106
5370.000	2.500	-8.789	0.106
5380.000	2.500	-8.789	0.106
5390.000	2.500	-8.569	0.104
5400.000	2.500	-9.009	0.103
5410.000	2.500	-8.936	0.103
5420.000	2.500	-8.716	0.102
5430.000	2.500	-8.862	0.104
5440.000	2.500	-8.716	0.103
5450.000	2.500	-8.984	0.101
5460.000	2.500	-9.058	0.104
5470.000	2.500	-8.846	0.106
5480.000	2.500	-8.993	0.107
5490.000	2.500	-8.913	0.106
5500.000	2.500	-8.766	0.103
5510.000	2.500	-9.059	0.102
5520.000	2.500	-8.913	0.106
5530.000	2.500	-9.018	0.107
5540.000	2.500	-9.092	0.103
5550.000	2.500	-8.737	0.104
5560.000	2.500	-9.030	0.104
5570.000	2.500	-8.875	0.106
5580.000	2.500	-8.875	0.104
5590.000	2.500	-9.028	0.104
5600.000	2.500	-8.882	0.106
5610.000	2.500	-9.175	0.106
5620.000	2.500	-9.175	0.102
5630.000	2.500	-8.995	0.102
5640.000	2.500	-9.069	0.106
5650.000	2.500	-9.098	0.104
5660.000	2.500	-9.245	0.104
5670.000	2.500	-9.318	0.102
5680.000	2.500	-9.098	0.103
5690.000	2.500	-9.172	0.106
5700.000	2.500	-9.172	0.106
5710.000	2.500	-9.383	0.106
5720.000	2.500	-9.456	0.104
5730.000	2.500	-9.310	0.104
5740.000	2.500	-9.383	0.104
5750.000	2.500	-9.367	0.104
5760.000	2.500	-9.367	0.106
5770.000	2.500	-9.448	0.102
5780.000	2.500	-9.521	0.103
5790.000	2.500	-9.428	0.106
5800.000	2.500	-9.607	0.104
5810.000	2.500	-9.396	0.106
5820.000	2.500	-9.396	0.106
5830.000	2.500	-9.615	0.102
5840.000	2.500	-9.615	0.104
5850.000	2.500	-9.615	0.104
5860.000	2.500	-9.615	0.106
5870.000	2.500	-9.754	0.101
5880.000	2.500	-9.754	0.101
5890.000	2.500	-9.774	0.115
5900.000	2.500	-9.668	0.103
5910.000	2.500	-9.668	0.103
5920.000	2.500	-9.668	0.101
5930.000	2.500	-9.668	0.108
5940.000	2.500	-9.668	0.108
5950.000	2.500	-9.961	0.104
5960.000	2.500	-9.741	0.103
5970.000	2.500	-9.741	0.103
5980.000	2.500	-9.814	0.103
5990.000	2.500	-9.741	0.097
6000.000	2.500	-9.888	0.104
6010.000	2.500	-9.595	0.103
6020.000	2.500	-9.741	0.102
6030.000	2.500	-9.741	0.102
6040.000	2.500	-9.741	0.092
6050.000	2.500	-9.741	0.104
6060.000	2.500	-9.588	0.103
6070.000	2.500	-9.735	0.104
6080.000	2.500	-9.840	0.101
6090.000	2.500	-9.767	0.102
6100.000	2.500	-9.767	0.102
6110.000	2.500	-9.987	0.106
6120.000	2.500	-9.840	0.102
6130.000	2.500	-9.840	0.102
6140.000	2.500	-9.914	0.103
6150.000	2.500	-9.914	0.103
6160.000	2.500	-9.993	0.101
6170.000	2.500	-10.140	0.102
6180.000	2.500	-10.140	0.102
6190.000	2.500	-10.327	0.107
6200.000	2.500	-10.107	0.103
6210.000	2.500	-10.107	0.103
6220.000	2.500	-10.181	0.103
6230.000	2.500	-10.327	0.120
6240.000	2.500	-10.327	0.120
6250.000	2.500	-10.107	0.104
6260.000	2.500	-10.181	0.104
6270.000	2.500	-10.181	0.104
6280.000	2.500	-10.474	0.108
6290.000	2.500	-10.181	0.107
6300.000	2.500	-10.181	0.107
6310.000	2.500	-10.327	0.104
6320.000	2.500	-10.474	0.104
6330.000	2.500	-10.474	0.104
6340.000	2.500	-9.961	0.098
6350.000	2.500	-10.107	0.106
6360.000	2.500	-10.107	0.106
6370.000	2.500	-10.400	0.103
6380.000	2.500	-10.033	0.111
6390.000	2.500	-10.033	0.111
6400.000	2.500	-10.326	0.104
6410.000	2.500	-10.546	0.103
6420.000	2.500	-10.546	0.103
6430.000	2.500	-10.033	0.106
6440.000	2.500	-10.360	0.106
6450.000	2.500	-10.360	0.106
6460.000	2.500	-10.547	0.106
6470.000	2.500	-10.107	0.106
6480.000	2.500	-10.107	0.106
6490.000	2.500	-10.474	0.102
6500.000	2.500	-10.693	0.103
6510.000	2.500	-10.693	0.103
6520.000	2.500	-10.107	0.101
6530.000	2.500	-10.474	0.106
6540.000	2.500	-10.474	0.106
6550.000	2.500	-10.620	0.103
6560.000	2.500	-10.400	0.106
6570.000	2.500	-10.400	0.106
6580.000	2.500	-10.693	0.102
6590.000	2.500	-10.767	0.102
6600.000	2.500	-10.767	0.102
6610.000	2.500	-10.327	0.104
6620.000	2.500	-10.620	0.106
6630.000	2.500	-10.620	0.106
6640.000	2.500	-10.913	0.109
6650.000	2.500	-10.620	0.103
6660.000	2.500	-10.620	0.103
6670.000	2.500	-10.693	0.104
6680.000	2.500	-10.693	0.104
6690.000	2.500	-10.840	0.111
6700.000	2.500	-10.474	0.107
6710.000	2.500	-10.840	0.104
6720.000	2.500	-10.534	0.118
6730.000	2.500	-10.973	0.107
6740.000	2.500	-10.460	0.100
6750.000	2.500	-10.680	0.106
6760.000	2.500	-10.713	0.104
6770.000	2.500	-11.006	0.108
6780.000	2.500	-10.773	0.104
6790.000	2.500	-10.626	0.107
6800.000	2.500	-10.846	0.104
6810.000	2.500	-10.773	0.102
6820.000	2.500	-11.209	0.107
6830.000	2.500	-10.696	0.100
6840.000	2.500	-11.023	0.101
6850.000	2.500	-10.803	0.104
6860.000	2.500	-11.063	0.104
6870.000	2.500	-10.624	0.104
6880.000	2.500	-11.142	0.104
6890.000	2.500	-11.142	0.103
6900.000	2.500	-11.308	0.104
6910.000	2.500	-10.942	0.104
6920.000	2.500	-10.999	0.104
6930.000	2.500	-10.999	0.104
6940.000	2.500	-11.112	0.103
6950.000	2.500	-10.892	0.103
6960.000	2.500	-10.892	0.103
6970.000	2.500	-11.185	0.101
6980.000	2.500	-10.974	0.100
6990.000	2.500	-11.080	0.114
7000.000	2.500	-10.694	0.101
7010.000	2.500	-11.060	0.104
7020.000	2.500	-10.914	0.107
7030.000	2.500	-11.239	0.102
7040.000	2.500	-10.873	0.109
7050.000	2.500	-10.980	0.107
7060.000	2.500	-10.980	0.102
7070.000	2.500	-11.126	0.102
7080.000	2.500	-10.906	0.103
7090.000	2.500	-10.995	0.096
7100.000	2.500	-11.142	0.101
7110.000	2.500	-11.102	0.107
7120.000	2.500	-11.289	0.106
7130.000	2.500	-11.142	0.109
7140.000	2.500	-11.142	0.109
7150.000	2.500	-11.182	0.103
7160.000	2.500	-10.963	0.102
7170.000	2.500	-10.963	0.102
7180.000	2.500	-11.142	0.104
7190.000	2.500	-10.947	0.098
7200.000	2.500	-11.240	0.103
7210.000	2.500	-11.085	0.104
7220.000	2.500	-11.191	0.104
7230.000	2.500	-11.237	0.103
7240.000	2.500	-11.538	0.106
7250.000	2.500	-11.245	0.104
7260.000	2.500	-11.245	0.104
7270.000	2.500	-11.392	0.103
7280.000	2.500	-11.432	0.104
7290.000	2.500	-11.432	0.104
7300.000	2.500	-11.285	0.106
7310.000	2.500	-11.627	0.104
7320.000	2.500	-11.627	0.104
7330.000	2.500	-11.507	0.103
7340.000	2.500	-11.353	0.104
7350.000	2.500	-11.353	0.104
7360.000	2.500	-11.572	0.104
7370.000	2.500	-11.206	0.107
7380.000	2.500	-11.206	0.107
7390.000	2.500	-11.499	0.094
7400.000	2.500	-11.646	0.104
7410.000	2.500	-11.646	0.104
7420.000	2.500	-11.206	0.103
7430.000	2.500	-11.499	0.097
7440.000	2.500	-11.499	0.097
7450.000	2.500	-11.572	0.106
7460.000	2.500	-11.426	0.103
7470.000	2.500	-11.426	0.103
7480.000	2.500	-11.572	0.103
7490.000	2.500	-11.279	0.104
7500.000	2.500	-11.279	0.104
7510.000	2.500	-11.426	0.106
7520.000	2.500	-11.646	0.106
7530.000	2.500	-11.646	0.106
7540.000	2.500	-11.353	0.104
7550.000	2.500	-11.646	0.108
7560.000	2.500	-11.646	0.108
7570.000	2.500	-11.792	0.106
7580.000	2.500	-11.499	0.104
7590.000	2.500	-11.499	0.104
7600.000	2.500	-11.646	0.104
7610.000	2.500	-11.572	0.106
7620.000	2.500	-11.572	0.106
7630.000	2.500	-11.452	0.104
7640.000	2.500	-11.745	0.101
7650.000	2.500	-11.745	0.106
7660.000	2.500	-11.599	0.104
7670.000	2.500	-11.452	0.103
7680.000	2.500	-11.819	0.102
7690.000	2.500	-11.745	0.107
7700.000	2.500	-11.526	0.106
7710.000	2.500	-11.599	0.104
7720.000	2.500	-11.819	0.103
7730.000	2.500	-11.865	0.103
7740.000	2.500	-11.792	0.103
7750.000	2.500	-11.719	0.102
7760.000	2.500	-11.938	0.102
7770.000	2.500	-11.938	0.097
7780.000	2.500	-11.719	0.106
7790.000	2.500	-11.719	0.092
7800.000	2.500	-12.305	0.104
7810.000	2.500	-12.134	0.103
7820.000	2.500	-12.061	0.103
7830.000	2.500	-11.947	0.106
7840.000	2.500	-12.167	0.102
7850.000	2.500	-11.947	0.102
7860.000	2.500	-12.021	0.106
7870.000	2.500	-12.078	0.102
7880.000	2.500	-12.517	0.106
7890.000	2.500	-12.204	0.107
7900.000	2.500	-11.984	0.103
7910.000	2.500	-11.862	0.103
7920.000	2.500	-12.228	0.106
7930.000	2.500	-12.073	0.107
7940.000	2.500	-12.073	0.104
7950.000	2.500	-12.113	0.103
7960.000	2.500	-12.333	0.106
7970.000	2.500	-11.983	0.103
7980.000	2.500	-11.910	0.108
7990.000	2.500	-12.198	0.104
8000.000	2.500	-12.345	0.103
8010.000	2.500	-12.178	0.106
8020.000	2.500	-12.105	0.103
8030.000	2.500	-12.447	0.102
8040.000	2.500	-12.373	0.103
8050.000	2.500	-12.529	0.104
8060.000	2.500	-12.309	0.107
8070.000	2.500	-12.689	0.111
8080.000	2.500	-12.322	0.106
8090.000	2.500	-12.347	0.103
8100.000	2.500	-12.127	0.103
8110.000	2.500	-12.904	0.102
8120.000	2.500	-12.538	0.107
8130.000	2.500	-12.484	0.101
8140.000	2.500	-12.411	0.106
8150.000	2.500	-12.582	0.103
8160.000	2.500	-12.362	0.101
8170.000	2.500	-12.577	0.103
8180.000	2.500	-12.943	0.104
8190.000	2.500	-12.897	0.103
8200.000	2.500	-12.970	0.106
8210.000	2.500	-12.433	0.106
8220.000	2.500	-12.872	0.103
8230.000	2.500	-12.746	0.103
8240.000	2.500	-12.966	0.104
8250.000	2.500	-12.773	0.106
8260.000	2.500	-13.139	0.104
8270.000	2.500	-12.618	0.104
8280.000	2.500	-12.618	0.102
8290.000	2.500	-12.885	0.107
8300.000	2.500	-12.811	0.102
8310.000	2.500	-12.838	0.102
8320.000	2.500	-12.545	0.106
8330.000	2.500	-13.017	0.104
8340.000	2.500	-12.651	0.104
8350.000	2.500	-12.999	0.109
8360.000	2.500	-12.852	0.103
8370.000	2.500	-13.158	0.106
8380.000	2.500	-12.865	0.104
8390.000	2.500	-12.792	0.104
8400.000	2.500	-13.232	0.103
8410.000	2.500	-13.254	0.106
8420.000	2.500	-13.474	0.106
8430.000	2.500	-12.994	0.104
8440.000	2.500	-13.434	0.103
8450.000	2.500	-12.913	0.103
8460.000	2.500	-13.059	0.103
8470.000	2.500	-13.266	0.106
8480.000	2.500	-13.339	0.103
8490.000	2.500	-13.339	0.103
8500.000	2.500	-13.030	0.101
8510.000	2.500	-13.274	0.103
8520.000	2.500	-12.948	0.104
8530.000	2.500	-13.362	0.107
8540.000	2.500	-13.435	0.102
8550.000	2.500	-13.696	0.104
8560.000	2.500	-13.696	0.104
8570.000	2.500	-13.403	0.106
8580.000	2.500	-13.630	0.108
8590.000	2.500	-13.337	0.106
8600.000	2.500	-13.499	0.104
8610.000	2.500	-13.646	0.104
8620.000	2.500	-13.801	0.102
8630.000	2.500	-13.720	0.102
8640.000	2.500	-13.380	0.101
8650.000	2.500	-13.640	0.109
8660.000	2.500	-13.266	0.104
8670.000	2.500	-13.485	0.104
8680.000	2.500	-13.796	0.102
8690.000	2.500	-13.869	0.103
8700.000	2.500	-13.736	0.102
8710.000	2.500	-13.370	0.102
8720.000	2.500	-13.614	0.103
8730.000	2.500	-13.468	0.107
8740.000	2.500	-13.514	0.098
8750.000	2.500	-13.807	0.107
8760.000	2.500	-13.807	0.104
8770.000	2.500	-13.807	0.103
8780.000	2.500	-13.563	0.104
8790.000	2.500	-13.710	0.103
8800.000	2.500	-14.006	0.095
8810.000	2.500	-14.079	0.103
8820.000	2.500	-14.079	0.104
8830.000	2.500	-14.225	0.104
8840.000	2.500	-14.225	0.109
8850.000	2.500	-14.152	0.102
8860.000	2.500	-14.225	0.106
8870.000	2.500	-14.225	0.106
8880.000	2.500	-14.372	0.104
8890.000	2.500	-14.225	0.101
8900.000	2.500	-14.062	0.103
8910.000	2.500	-14.009	0.104
8920.000	2.500	-14.009	0.106
8930.000	2.500	-14.009	0.106
8940.000	2.500	-14.009	0.106
8950.000	2.500	-14.196	0.123
8960.000	2.500	-14.196	0.102
8970.000	2.500	-14.057	0.103
8980.000	2.500	-14.057	0.100
8990.000	2.500	-14.057	0.103
9000.000	2.500	-14.130	0.102
9010.000	2.500	-14.411	0.104
9020.000	2.500	-14.411	0.102
9030.000	2.500	-14.564	0.106
9040.000	2.500	-14.344	0.106
9050.000	2.500	-14.084	0.107
9060.000	2.500	-14.230	0.104
9070.000	2.500	-14.370	0.104
9080.000	2.500	-14.444	0.102
9090.000	2.500	-14.444	0.103
9100.000	2.500	-14.614	0.117
9110.000	2.500	-14.606	0.104
9120.000	2.500	-14.340	0.106
9130.000	2.500	-14.480	0.104
9140.000	2.500	-14.773	0.104
9150.000	2.500	-14.553	0.104
9160.000	2.500	-14.935	0.106
9170.000	2.500	-14.789	0.103
9180.000	2.500	-14.569	0.103
9190.000	2.500	-14.862	0.106
9200.000	2.500	-14.545	0.112
9210.000	2.500	-14.691	0.106
9220.000	2.500	-14.958	0.106
9230.000	2.500	-14.884	0.101
9240.000	2.500	-14.944	0.102
9250.000	2.500	-14.798	0.103
9260.000	2.500	-14.708	0.107
9270.000	2.500	-15.075	0.104
9280.000	2.500	-14.912	0.104
9290.000	2.500	-15.058	0.104
9300.000	2.500	-15.265	0.102
9310.000	2.500	-14.752	0.107
9320.000	2.500	-14.898	0.106
9330.000	2.500	-15.191	0.103
9340.000	2.500	-14.896	0.104
9350.000	2.500	-15.262	0.106
9360.000	2.500	-15.262	0.106
9370.000	2.500	-14.896	0.104
9380.000	2.500	-15.205	0.103
9390.000	2.500	-15.205	0.103
9400.000	2.500	-15.072	0.114
9410.000	2.500	-15.365	0.103
9420.000	2.500	-15.365	0.103
9430.000	2.500	-15.005	0.107
9440.000	2.500	-15.241	0.101
9450.000	2.500	-15.314	0.102
9460.000	2.500	-15.241	0.104
9470.000	2.500	-15.388	0.107
9480.000	2.500	-15.241	0.103
9490.000	2.500	-15.241	0.104
9500.000	2.500	-15.388	0.108
9510.000	2.500	-15.461	0.104
9520.000	2.500	-15.388	0.106
9530.000	2.500	-15.601	0.103
9540.000	2.500	-15.601	0.106
9550.000	2.500	-15.454	0.108
9560.000	2.500	-15.674	0.106
9570.000	2.500	-15.747	0.104
9580.000	2.500	-15.674	0.107
9590.000	2.500	-15.747	0.106
9600.000	2.500	-15.747	0.107
9610.000	2.500	-15.674	0.106
9620.000	2.500	-15.894	0.104
9630.000	2.500	-16.040	0.103
9640.000	2.500	-15.820	0.102
9650.000	2.500	-15.967	0.114
9660.000	2.500	-15.967	0.103
9670.000	2.500	-15.747	0.103
9680.000	2.500	-15.967	0.102
9690.000	2.500	-16.187	0.098
9700.000	2.500	-15.894	0.097
9710.000	2.500	-15.967	0.101
9720.000	2.500	-16.113	0.104
9730.000	2.500	-15.674	0.104
9740.000	2.500	-16.040	0.104
9750.000	2.500	-16.260	0.112
9760.000	2.500	-15.894	0.106
9770.000	2.500	-16.187	0.104
9780.000	2.500	-16.333	0.104
9790.000	2.500	-15.894	0.104
9800.000	2.500	-16.260	0.106
9810.000	2.500	-16.479	0.103
9820.000	2.500	-16.113	0.104
9830.000	2.500	-16.333	0.107
9840.000	2.500	-16.479	0.103
9850.000	2.500	-16.187	0.111
9860.000	2.500	-16.626	0.103
9870.000	2.500	-16.479	0.104
9880.000	2.500	-16.333	0.106
9890.000	2.500	-16.626	0.103
9900.000	2.500	-16.479	0.102
9910.000	2.500	-16.406	0.103
9920.000	2.500	-16.846	0.103
9930.000	2.500	-16.626	0.103
9940.000	2.500	-16.479	0.104
9950.000	2.500	-16.699	0.094
9960.000	2.500	-16.479	0.106
9970.000	2.500	-16.626	0.102
9980.000	2.500	-16.699	0.107
9990.000	2.500	-16.699	0.103
10000.000	2.500	-16.699	0.095
10010.000	2.500	-16.626	0.103
10020.000	2.500	-16.553	0.103
10030.000	2.500	-17.269	0.108
10040.000	2.500	-16.976	0.103
10050.000	2.500	-16.743	0.101
10060.000	2.500	-17.036	0.103
10070.000	2.500	-16.743	0.101
10080.000	2.500	-16.816	0.107
10090.000	2.500	-17.247	0.104
10100.000	2.500	-17.174	0.100
10110.000	2.500	-17.021	0.106
10120.000	2.500	-16.948	0.103
10130.000	2.500	-16.671	0.101
10140.000	2.500	-17.111	0.100
10150.000	2.500	-17.140	0.097
10160.000	2.500	-17.067	0.102
10170.000	2.500	-17.473	0.103
10180.000	2.500	-17.034	0.102
10190.000	2.500	-16.749	0.104
10200.000	2.500	-17.188	0.094
10210.000	2.500	-17.195	0.104
10220.000	2.500	-17.122	0.104
10230.000	2.500	-17.122	0.103
10240.000	2.500	-17.244	0.104
10250.000	2.500	-17.447	0.119
10260.000	2.500	-17.021	0.103
10270.000	2.500	-16.981	0.106
10280.000	2.500	-17.494	0.104
10290.000	2.500	-17.128	0.106
10300.000	2.500	-17.258	0.111
10310.000	2.500	-17.624	0.106
10320.000	2.500	-17.471	0.104
10330.000	2.500	-17.398	0.103
10340.000	2.500	-17.056	0.106
10350.000	2.500	-17.056	0.111
10360.000	2.500	-17.921	0.104
10370.000	2.500	-17.555	0.101
10380.000	2.500	-17.315	0.103
10390.000	2.500	-17.682	0.104
10400.000	2.500	-17.332	0.102
10410.000	2.500	-17.112	0.103
10420.000	2.500	-17.534	0.103
10430.000	2.500	-17.607	0.104
10440.000	2.500	-17.860	0.102
10450.000	2.500	-17.421	0.112
10460.000	2.500	-17.128	0.102
10470.000	2.500	-17.640	0.106
10480.000	2.500	-17.847	0.108
10490.000	2.500	-17.701	0.104
10500.000	2.500	-17.681	0.086
10510.000	2.500	-17.754	0.104
10520.000	2.500	-17.779	0.102
10530.000	2.500	-17.412	0.104
10540.000	2.500	-17.501	0.104
10550.000	2.500	-18.014	0.098
10560.000	2.500	-17.708	0.103
10570.000	2.500	-17.634	0.106
10580.000	2.500	-17.447	0.103
10590.000	2.500	-17.594	0.108
10600.000	2.500	-18.045	0.108
10610.000	2.500	-17.825	0.101
10620.000	2.500	-17.645	0.104
10630.000	2.500	-18.085	0.106
10640.000	2.500	-17.890	0.106
10650.000	2.500	-17.890	0.111
10660.000	2.500	-18.001	0.106
10670.000	2.500	-18.074	0.104
10680.000	2.500	-18.187	0.103
10690.000	2.500	-17.967	0.106
10700.000	2.500	-17.609	0.117
10710.000	2.500	-17.829	0.103
10720.000	2.500	-18.066	0.104
10730.000	2.500	-18.212	0.103
10740.000	2.500	-17.853	0.104
10750.000	2.500	-17.779	0.109
10760.000	2.500	-17.901	0.103
10770.000	2.500	-17.755	0.103
10780.000	2.500	-18.073	0.103
10790.000	2.500	-18.073	0.104
10800.000	2.500	-18.046	0.119
10810.000	2.500	-18.193	0.104
10820.000	2.500	-17.696	0.104
10830.000	2.500	-17.623	0.107
10840.000	2.500	-18.056	0.106
10850.000	2.500	-18.056	0.101
10860.000	2.500	-18.203	0.104
10870.000	2.500	-18.154	0.104
10880.000	2.500	-17.942	0.104
10890.000	2.500	-18.129	0.106
10900.000	2.500	-18.228	0.106
10910.000	2.500	-18.155	0.101
10920.000	2.500	-18.228	0.107
10930.000	2.500	-18.359	0.104
10940.000	2.500	-18.578	0.104
10950.000	2.500	-18.345	0.108
10960.000	2.500	-18.126	0.104
10970.000	2.500	-18.174	0.102
10980.000	2.500	-18.174	0.103
10990.000	2.500	-18.354	0.103
11000.000	2.500	-18.208	0.103
11010.000	2.500	-18.208	0.104
11020.000	2.500	-18.354	0.103
11030.000	2.500	-18.297	0.104
11040.000	2.500	-18.224	0.106
11050.000	2.500	-18.091	0.090
11060.000	2.500	-18.164	0.064
11070.000	2.500	-18.384	0.047
11080.000	2.500	-18.311	0.037
11090.000	2.500	-18.311	0.030
11100.000	2.500	-18.164	0.019
11110.000	2.500	-18.164	0.017
11120.000	2.500	-18.384	0.013
11130.000	2.500	-18.164	0.008
11140.000	2.500	-17.944	0.009
11150.000	2.500	-18.164	0.008
11160.000	2.500	-18.164	0.003
11170.000	2.500	-18.091	0.006
11180.000	2.500	-17.725	0.008
11190.000	2.500	-17.651	0.004
11200.000	2.500	-18.018	0.008
11210.000	2.500	-17.944	0.001
11220.000	2.500	-17.798	0.002
11230.000	2.500	-17.578	0.002
11240.000	2.500	-17.651	0.002
11250.000	2.500	-18.018	0.003
11260.000	2.500	-17.578	0.001
11270.000	2.500	-17.432	0.004
11280.000	2.500	-17.871	0.006
11290.000	2.500	-17.651	0.008
11300.000	2.500	-17.651	0.002
11310.000	2.500	-17.505	0.004
11320.000	2.500	-17.432	0.007
11330.000	2.500	-17.798	0.004
11340.000	2.500	-17.432	0.007
11350.000	2.500	-17.139	0.008
11360.000	2.500	-17.651	0.001
11370.000	2.500	-17.578	0.004
11380.000	2.500	-17.285	0.006
11390.000	2.500	-17.285	0.004
11400.000	2.500	-17.139	0.004
11410.000	2.500	-17.432	0.006
11420.000	2.500	-17.065	0.004
11430.000	2.500	-16.992	0.006
11440.000	2.500	-17.358	0.006
11450.000	2.500	-16.992	0.004
11460.000	2.500	-16.846	0.006
11470.000	2.500	-17.065	0.006
11480.000	2.500	-16.992	0.003
11490.000	2.500	-16.919	0.006
11500.000	2.500	-16.919	0.007
11510.000	2.500	-16.626	0.003
11520.000	2.500	-17.139	0.006
11530.000	2.500	-16.772	0.007
11540.000	2.500	-16.626	-0.002
11550.000	2.500	-17.065	0.008
11560.000	2.500	-16.626	0.004
11570.000	2.500	-16.406	0.003
11580.000	2.500	-16.846	0.003
11590.000	2.500	-16.553	0.002
11600.000	2.500	-16.479	0.001
11610.000	2.500	-16.699	0.003
11620.000	2.500	-16.187	0.004
11630.000	2.500	-16.406	0.001
11640.000	2.500	-16.553	0.002
11650.000	2.500	-16.260	0.004
11660.000	2.500	-16.479	0.004
11670.000	2.500	-16.479	0.004
11680.000	2.500	-16.113	0.004
11690.000	2.500	-16.333	-0.000
11700.000	2.500	-16.406	0.002
11710.000	2.500	-16.284	0.009
11720.000	2.500	-16.504	0.007
11730.000	2.500	-16.218	0.002
11740.000	2.500	-15.998	0.001
11750.000	2.500	-16.144	0.006
11760.000	2.500	-16.071	0.006
11770.000	2.500	-16.258	0.006
11780.000	2.500	-16.112	0.002
11790.000	2.500	-16.039	0.006
11800.000	2.500	-15.965	0.004
11810.000	2.500	-16.014	0.002
11820.000	2.500	-15.721	0.006
11830.000	2.500	-16.195	0.006
11840.000	2.500	-16.195	0.006
11850.000	2.500	-15.775	0.007
11860.000	2.500	-15.922	0.006
11870.000	2.500	-15.808	0.007
11880.000	2.500	-15.734	0.007
11890.000	2.500	-16.060	0.006
11900.000	2.500	-15.907	0.007
11910.000	2.500	-15.467	0.006
11920.000	2.500	-15.760	0.007
11930.000	2.500	-15.720	0.004
11940.000	2.500	-15.427	0.007
11950.000	2.500	-15.952	0.008
11960.000	2.500	-16.025	0.001
11970.000	2.500	-15.533	0.006
11980.000	2.500	-15.679	0.007
11990.000	2.500	-15.646	0.003
12000.000	2.500	-15.433	0.004
12010.000	2.500	-15.824	0.004
12020.000	2.500	-15.751	0.006
