
 PRINT ELEMENT TABLE ITEMS PER ELEMENT
 
  ***** POST1 ELEMENT TABLE LISTING *****                                      
 
    STAT     PREVIOUS
    ELEM     SMIS1   
       1  0.72206     
       2  -20.794     
       3  0.46735E-001
       4   1.3358     
       5   1.3358     
       6   0.0000     
       7   23.642     
       8  0.72206     
       9   1.3358     
      10   1.3358     
      11 -0.18330E-012
      12   44.300     
      13   23.642     
      14  -20.794     
      15  -44.701     
      16  -1.0253     
      17 -0.86379     
      18  -21.516     
      19   30.428     
      20  -16.159     
      21  -1.0211     
      22 -0.86792     
      23  -1.8891     
      24  -1.0211     
      25  -32.476     
      26   30.587     
      27  -16.159     
      33  0.81971     
      34  -66.085     
      35   44.300     
      36  0.63415     
      37  0.63415     
      38  0.81971     
      39   67.317     
      40  0.81971     
      41  0.63415     
      42  0.63415     
      43  -44.701     
      44   89.214     
      45   67.317     
      46  -66.085     
 
  ***** POST1 ELEMENT TABLE LISTING *****                                      
 
    STAT     PREVIOUS
    ELEM     SMIS1   
      47  -88.741     
      48 -0.29546     
      49 -0.60136     
      50  0.81971     
      51   31.158     
      52  -16.027     
      53 -0.29133     
      54 -0.60549     
      55 -0.89682     
      56  -1.1592     
      57  -31.746     
      58   30.850     
      59  -16.027     
      60  0.83401     
      61  -110.61     
      62   89.214     
      63  0.73280     
      64  0.73280     
      65  0.83401     
      66   111.76     
      67  0.83401     
      68  0.73280     
      69  0.73280     
      70  -88.741     
      71   133.53     
      72   111.76     
      73  -110.61     
      74  -133.38     
      75 -0.57811     
      76 -0.45822     
      77  0.83401     
      78   30.875     
      79  -15.956     
      80 -0.57398     
      81 -0.46235     
      82  -1.0363     
      83  -1.1795     
      84  -32.029     
      85   30.993     
      86  -15.956     
      87  0.48196     
 
  ***** POST1 ELEMENT TABLE LISTING *****                                      
 
    STAT     PREVIOUS
    ELEM     SMIS1   
      88  -155.43     
      89   133.53     
      90   2.0938     
      91   2.0938     
      92  0.48196     
      93   155.91     
      94  0.48196     
      95   2.0938     
      96   2.0938     
      97  -133.38     
      98   181.56     
      99   155.91     
     100  -155.43     
     101  -174.30     
     102 -0.22337     
     103  -2.7377     
     104  0.48196     
     105   31.230     
     106  -17.096     
     107 -0.21924     
     108  -2.7418     
     109  -2.9611     
     110 -0.68159     
     111  -31.674     
     112   28.713     
     113  -17.096     
     114   3.0993     
     115  -156.98     
     116   181.56     
     117  0.35185     
     118  0.35185     
     119   3.0993     
     120   154.36     
     121  -41.381     
     122  0.35185     
     123  0.35185     
     124  -174.30     
     125   133.14     
     126   154.36     
     127  -156.98     
     128  -133.76     
 
  ***** POST1 ELEMENT TABLE LISTING *****                                      
 
    STAT     PREVIOUS
    ELEM     SMIS1   
     129  -1.6454     
     130   1.1478     
     131   3.0993     
     132  -33.096     
     133   16.299     
     134  -1.6413     
     135   1.1437     
     136 -0.49760     
     137  -4.3831     
     138   29.808     
     139  -30.305     
     140   16.299     
     141  -1.1140     
     142  -111.49     
     143   133.14     
     144 -0.68530     
     145 -0.68530     
     146  -1.1140     
     147   110.90     
     148  -1.1140     
     149 -0.68530     
     150 -0.68530     
     151  -133.76     
     152   88.496     
     153   110.90     
     154  -111.49     
     155  -89.436     
     156  0.42754     
     157  0.54162     
     158  -1.1140     
     159  -31.023     
     160   15.996     
     161  0.43167     
     162  0.53749     
     163  0.96916     
     164   1.5754     
     165   31.881     
     166  -30.912     
     167   15.996     
     168 -0.72109     
     169  -66.924     
 
  ***** POST1 ELEMENT TABLE LISTING *****                                      
 
    STAT     PREVIOUS
    ELEM     SMIS1   
     170   88.496     
     171 -0.81243     
     172 -0.81243     
     173 -0.72109     
     174   66.507     
     175 -0.72109     
     176 -0.81243     
     177 -0.81243     
     178  -89.436     
     179   43.745     
     180   66.507     
     181  -66.924     
     182  -45.221     
     183  0.47816     
     184  0.67080     
     185 -0.72109     
     186  -30.973     
     187   16.061     
     188  0.48229     
     189  0.66667     
     190   1.1490     
     191   1.0198     
     192   31.931     
     193  -30.783     
     194   16.061     
     195 -0.76767     
     196  -22.090     
     197   43.745     
     198 -0.22013     
     199 -0.22013     
     200 -0.76767     
     201   22.387     
     202 -0.76767     
     203 -0.22013     
     204 -0.22013     
     205  -45.221     
     206   0.0000     
     207   22.387     
     208  -22.090     
     209   0.0000     
     210  0.41485     
 
  ***** POST1 ELEMENT TABLE LISTING *****                                      
 
    STAT     PREVIOUS
    ELEM     SMIS1   
     211 -0.10353     
     212 -0.76767     
     213  -31.036     
     214   15.674     
     215  0.41898     
     216 -0.10766     
     217  0.31132     
     218   1.0856     
     219   31.868     
     220  -31.557     
     221   15.674     
     222  0.76127E-001
     223  -22.166     
     224  0.76127E-001
     225   0.0000     
     226 -0.10766     

 MINIMUM VALUES
 ELEM        101
 VALUE   -174.30     

 MAXIMUM VALUES
 ELEM         98
 VALUE    181.56     

