
 PRINT U    NODAL SOLUTION PER NODE
 
  ***** POST1 NODAL DEGREE OF FREEDOM LISTING *****                            
 
  LOAD STEP=     1  SUBSTEP=     1                                             
   TIME=    1.0000      LOAD CASE=   0                                         
 
  THE FOLLOWING DEGREE OF FREEDOM RESULTS ARE IN THE GLOBAL COORDINATE SYSTEM  
 
    NODE       UX           UY           UZ           USUM  
       1   0.0000       0.0000       0.0000       0.0000     
       2  0.85688E-005-0.27605      0.38453E-003 0.27605     
       3  0.81309E-002-0.53545     -0.87435E-002 0.53559     
       4  0.16253E-001-0.78381     -0.90120E-003 0.78398     
       5  0.32610E-001 -1.0027     -0.18376E-001  1.0034     
       6  0.48968E-001 -1.1940     -0.23975E-002  1.1950     
       7  0.73449E-001 -1.3395     -0.28023E-001  1.3418     
       8  0.97931E-001 -1.4415     -0.42588E-002  1.4448     
       9  0.13122      -1.4819     -0.39408E-001  1.4883     
      10  0.16451      -1.4363     -0.52342E-002  1.4457     
      11  0.18892      -1.3396     -0.28211E-001  1.3531     
      12  0.21333      -1.1890     -0.33537E-002  1.2080     
      13  0.22956      -1.0028     -0.18471E-001  1.0289     
      14  0.24578     -0.77892     -0.17750E-002 0.81678     
      15  0.25380     -0.53567     -0.87729E-002 0.59282     
      16  0.26182     -0.27117     -0.40927E-003 0.37694     
      17  0.26182       0.0000       0.0000      0.26182     
      18  0.26096     -0.39449E-002-0.63923E-003 0.26099     
      19  0.25715     -0.27581     -0.13159E-002 0.37709     
      20  0.25333     -0.53530     -0.84351E-002 0.59228     
      21  0.24122     -0.78369      0.51019E-004 0.81998     
      22  0.22910      -1.0025     -0.15135E-001  1.0285     
      23  0.20882      -1.1939      0.15375E-002  1.2120     
      24  0.18854      -1.3394     -0.21700E-001  1.3528     
      25  0.16005      -1.4411      0.32047E-002  1.4500     
      26  0.13155      -1.4814     -0.27030E-001  1.4874     
      27  0.10277      -1.4362      0.45934E-002  1.4399     
      28  0.73986E-001 -1.3398     -0.21034E-001  1.3420     
      29  0.53545E-001 -1.1892      0.30270E-002  1.1904     
      30  0.33104E-001 -1.0030     -0.14400E-001  1.0036     
      31  0.20834E-001-0.77907      0.16171E-002 0.77935     
      32  0.85633E-002-0.53581     -0.76258E-002 0.53593     
      33  0.45132E-002-0.27121      0.30098E-003 0.27125     
      34  0.46305E-003-0.40641E-002-0.67394E-004 0.40909E-002
      35  0.26102      0.13239E-003-0.50684E-003 0.26102     
      36  0.26102     -0.27292     -0.10710E-002 0.37765     
      37  0.25282     -0.53634     -0.82848E-002 0.59300     
 
  ***** POST1 NODAL DEGREE OF FREEDOM LISTING *****                            
 
  LOAD STEP=     1  SUBSTEP=     1                                             
   TIME=    1.0000      LOAD CASE=   0                                         
 
  THE FOLLOWING DEGREE OF FREEDOM RESULTS ARE IN THE GLOBAL COORDINATE SYSTEM  
 
    NODE       UX           UY           UZ           USUM  
      38  0.24462     -0.78408      0.16729E-003 0.82136     
      39  0.22835      -1.0065     -0.14982E-001  1.0322     
      40  0.21208      -1.1971      0.16719E-002  1.2158     
      41  0.18763      -1.3462     -0.21612E-001  1.3593     
      42  0.16317      -1.4467      0.35886E-002  1.4559     
      43  0.13122      -1.4965     -0.26462E-001  1.5025     
      44  0.99258E-001 -1.4457      0.46579E-002  1.4491     
      45  0.74733E-001 -1.3460     -0.21238E-001  1.3482     
      46  0.50208E-001 -1.1962      0.29014E-002  1.1972     
      47  0.33811E-001 -1.0064     -0.14532E-001  1.0071     
      48  0.17413E-001-0.78318      0.14682E-002 0.78337     
      49  0.91216E-002-0.53628     -0.77665E-002 0.53641     
      50  0.83054E-003-0.27212      0.26061E-003 0.27212     
      51  0.83054E-003 0.13958E-004-0.53436E-004 0.83238E-003
      52   0.0000       0.0000       0.0000       0.0000     
      53  0.43348E-002-0.27317      0.62944E-003 0.27320     
      54  0.86695E-002-0.53649     -0.85932E-002 0.53663     
      55  0.21012E-001-0.78420     -0.78493E-003 0.78448     
      56  0.33354E-001 -1.0067     -0.18223E-001  1.0074     
      57  0.53846E-001 -1.1973     -0.22632E-002  1.1985     
      58  0.74337E-001 -1.3463     -0.27935E-001  1.3486     
      59  0.10292      -1.4471     -0.38750E-002  1.4507     
      60  0.13151      -1.4889     -0.38839E-001  1.4952     
      61  0.15981      -1.4458     -0.51697E-002  1.4546     
      62  0.18811      -1.3458     -0.28415E-001  1.3591     
      63  0.20844      -1.1960     -0.34793E-002  1.2141     
      64  0.22878      -1.0063     -0.18603E-001  1.0321     
      65  0.24097     -0.78303     -0.19240E-002 0.81927     
      66  0.25317     -0.53614     -0.89137E-002 0.59297     
      67  0.25727     -0.27208     -0.44963E-003 0.37445     
      68  0.26137       0.0000       0.0000      0.26137     

 MAXIMUM ABSOLUTE VALUES
 NODE         16           43            9           43
 VALUE   0.26182      -1.4965     -0.39408E-001  1.5025     

