
 PRINT U    NODAL SOLUTION PER NODE
 
  ***** POST1 NODAL DEGREE OF FREEDOM LISTING *****                            
 
  LOAD STEP=     1  SUBSTEP=     1                                             
   TIME=    1.0000      LOAD CASE=   0                                         
 
  THE FOLLOWING DEGREE OF FREEDOM RESULTS ARE IN THE GLOBAL COORDINATE SYSTEM  
 
    NODE       UX           UY           UZ           USUM  
       1   0.0000       0.0000       0.0000       0.0000     
       2  0.12530E-004-0.40365      0.56227E-003 0.40365     
       3  0.11889E-001-0.78295     -0.12785E-001 0.78315     
       4  0.23766E-001 -1.1461     -0.13178E-002  1.1464     
       5  0.47684E-001 -1.4662     -0.26869E-001  1.4672     
       6  0.71602E-001 -1.7459     -0.35057E-002  1.7473     
       7  0.10740      -1.9587     -0.40976E-001  1.9620     
       8  0.14320      -2.1078     -0.62274E-002  2.1126     
       9  0.19187      -2.1669     -0.57623E-001  2.1762     
      10  0.24055      -2.1001     -0.76535E-002  2.1139     
      11  0.27624      -1.9587     -0.41251E-001  1.9785     
      12  0.31194      -1.7386     -0.49038E-002  1.7664     
      13  0.33566      -1.4663     -0.27008E-001  1.5045     
      14  0.35939      -1.1390     -0.25955E-002  1.1943     
      15  0.37111     -0.78327     -0.12828E-001 0.86683     
      16  0.38284     -0.39651     -0.59844E-003 0.55117     
      17  0.38284       0.0000       0.0000      0.38284     
      18  0.38158     -0.57683E-002-0.93469E-003 0.38162     
      19  0.37601     -0.40329     -0.19242E-002 0.55139     
      20  0.37043     -0.78273     -0.12334E-001 0.86605     
      21  0.35271      -1.1459      0.74601E-004  1.1990     
      22  0.33500      -1.4659     -0.22130E-001  1.5039     
      23  0.30534      -1.7457      0.22482E-002  1.7722     
      24  0.27569      -1.9585     -0.31730E-001  1.9781     
      25  0.23402      -2.1072      0.46861E-002  2.1202     
      26  0.19235      -2.1661     -0.39525E-001  2.1750     
      27  0.15027      -2.1000      0.67166E-002  2.1054     
      28  0.10818      -1.9590     -0.30757E-001  1.9623     
      29  0.78295E-001 -1.7388      0.44262E-002  1.7406     
      30  0.48406E-001 -1.4665     -0.21056E-001  1.4675     
      31  0.30463E-001 -1.1392      0.23646E-002  1.1396     
      32  0.12521E-001-0.78347     -0.11151E-001 0.78365     
      33  0.65993E-002-0.39657      0.44009E-003 0.39663     
      34  0.67709E-003-0.59426E-002-0.98545E-004 0.59818E-002
      35  0.38166      0.19358E-003-0.74111E-003 0.38166     
      36  0.38166     -0.39908     -0.15661E-002 0.55221     
      37  0.36968     -0.78425     -0.12114E-001 0.86709     
 
  ***** POST1 NODAL DEGREE OF FREEDOM LISTING *****                            
 
  LOAD STEP=     1  SUBSTEP=     1                                             
   TIME=    1.0000      LOAD CASE=   0                                         
 
  THE FOLLOWING DEGREE OF FREEDOM RESULTS ARE IN THE GLOBAL COORDINATE SYSTEM  
 
    NODE       UX           UY           UZ           USUM  
      38  0.35770      -1.1465      0.24461E-003  1.2010     
      39  0.33390      -1.4717     -0.21906E-001  1.5093     
      40  0.31011      -1.7505      0.24447E-002  1.7777     
      41  0.27435      -1.9684     -0.31601E-001  1.9877     
      42  0.23860      -2.1154      0.52474E-002  2.1288     
      43  0.19187      -2.1882     -0.38694E-001  2.1969     
      44  0.14514      -2.1140      0.68109E-002  2.1189     
      45  0.10928      -1.9681     -0.31055E-001  1.9714     
      46  0.73416E-001 -1.7490      0.42425E-002  1.7506     
      47  0.49439E-001 -1.4716     -0.21249E-001  1.4725     
      48  0.25461E-001 -1.1452      0.21468E-002  1.1455     
      49  0.13338E-001-0.78416     -0.11356E-001 0.78435     
      50  0.12144E-002-0.39789      0.38108E-003 0.39790     
      51  0.12144E-002 0.20409E-004-0.78135E-004 0.12171E-002
      52   0.0000       0.0000       0.0000       0.0000     
      53  0.63384E-002-0.39944      0.92039E-003 0.39949     
      54  0.12677E-001-0.78446     -0.12565E-001 0.78467     
      55  0.30724E-001 -1.1467     -0.11477E-002  1.1471     
      56  0.48771E-001 -1.4720     -0.26646E-001  1.4730     
      57  0.78734E-001 -1.7507     -0.33093E-002  1.7525     
      58  0.10870      -1.9685     -0.40847E-001  1.9719     
      59  0.15050      -2.1160     -0.56661E-002  2.1213     
      60  0.19229      -2.1771     -0.56792E-001  2.1863     
      61  0.23368      -2.1141     -0.75592E-002  2.1269     
      62  0.27506      -1.9678     -0.41549E-001  1.9874     
      63  0.30479      -1.7489     -0.50875E-002  1.7752     
      64  0.33452      -1.4714     -0.27202E-001  1.5092     
      65  0.35235      -1.1450     -0.28133E-002  1.1980     
      66  0.37018     -0.78395     -0.13034E-001 0.86706     
      67  0.37619     -0.39784     -0.65746E-003 0.54753     
      68  0.38219       0.0000       0.0000      0.38219     

 MAXIMUM ABSOLUTE VALUES
 NODE         16           43            9           43
 VALUE   0.38284      -2.1882     -0.57623E-001  2.1969     

