
 PRINT U    NODAL SOLUTION PER NODE
 
  ***** POST1 NODAL DEGREE OF FREEDOM LISTING *****                            
 
  LOAD STEP=     1  SUBSTEP=     1                                             
   TIME=    1.0000      LOAD CASE=   0                                         
 
  THE FOLLOWING DEGREE OF FREEDOM RESULTS ARE IN THE GLOBAL COORDINATE SYSTEM  
 
    NODE       UX           UY           UZ           USUM  
       1   0.0000       0.0000       0.0000       0.0000     
       2  0.93535E-005-0.30133      0.41975E-003 0.30133     
       3  0.88754E-002-0.58449     -0.95441E-002 0.58463     
       4  0.17742E-001-0.85558     -0.98372E-003 0.85577     
       5  0.35597E-001 -1.0945     -0.20058E-001  1.0953     
       6  0.53452E-001 -1.3033     -0.26171E-002  1.3044     
       7  0.80175E-001 -1.4622     -0.30589E-001  1.4647     
       8  0.10690      -1.5735     -0.46488E-002  1.5771     
       9  0.14324      -1.6176     -0.43016E-001  1.6245     
      10  0.17957      -1.5678     -0.57135E-002  1.5780     
      11  0.20622      -1.4622     -0.30794E-001  1.4770     
      12  0.23286      -1.2979     -0.36608E-002  1.3187     
      13  0.25058      -1.0946     -0.20162E-001  1.1231     
      14  0.26829     -0.85024     -0.19376E-002 0.89157     
      15  0.27704     -0.58472     -0.95763E-002 0.64710     
      16  0.28580     -0.29600     -0.44675E-003 0.41146     
      17  0.28580       0.0000       0.0000      0.28580     
      18  0.28486     -0.43061E-002-0.69776E-003 0.28489     
      19  0.28069     -0.30106     -0.14364E-002 0.41162     
      20  0.27653     -0.58432     -0.92075E-002 0.64652     
      21  0.26331     -0.85546      0.55691E-004 0.89506     
      22  0.25008      -1.0943     -0.16520E-001  1.1227     
      23  0.22794      -1.3032      0.16783E-002  1.3230     
      24  0.20581      -1.4621     -0.23687E-001  1.4767     
      25  0.17470      -1.5731      0.34982E-002  1.5827     
      26  0.14359      -1.6170     -0.29506E-001  1.6236     
      27  0.11218      -1.5677      0.50140E-002  1.5717     
      28  0.80761E-001 -1.4624     -0.22960E-001  1.4649     
      29  0.58448E-001 -1.2981      0.33042E-002  1.2994     
      30  0.36135E-001 -1.0948     -0.15719E-001  1.0955     
      31  0.22741E-001-0.85041      0.17652E-002 0.85071     
      32  0.93474E-002-0.58488     -0.83241E-002 0.58501     
      33  0.49264E-002-0.29605      0.32854E-003 0.29609     
      34  0.50546E-003-0.44362E-002-0.73565E-004 0.44655E-002
      35  0.28492      0.14451E-003-0.55325E-003 0.28492     
      36  0.28492     -0.29792     -0.11691E-002 0.41223     
      37  0.27597     -0.58545     -0.90435E-002 0.64730     
 
  ***** POST1 NODAL DEGREE OF FREEDOM LISTING *****                            
 
  LOAD STEP=     1  SUBSTEP=     1                                             
   TIME=    1.0000      LOAD CASE=   0                                         
 
  THE FOLLOWING DEGREE OF FREEDOM RESULTS ARE IN THE GLOBAL COORDINATE SYSTEM  
 
    NODE       UX           UY           UZ           USUM  
      38  0.26703     -0.85588      0.18261E-003 0.89657     
      39  0.24926      -1.0987     -0.16354E-001  1.1267     
      40  0.23150      -1.3068      0.18250E-002  1.3271     
      41  0.20481      -1.4694     -0.23591E-001  1.4838     
      42  0.17811      -1.5792      0.39173E-002  1.5892     
      43  0.14323      -1.6335     -0.28885E-001  1.6400     
      44  0.10835      -1.5781      0.50845E-002  1.5818     
      45  0.81577E-001 -1.4692     -0.23183E-001  1.4717     
      46  0.54806E-001 -1.3057      0.31671E-002  1.3068     
      47  0.36907E-001 -1.0985     -0.15863E-001  1.0993     
      48  0.19007E-001-0.85489      0.16026E-002 0.85511     
      49  0.99569E-002-0.58539     -0.84777E-002 0.58553     
      50  0.90659E-003-0.29703      0.28448E-003 0.29704     
      51  0.90659E-003 0.15236E-004-0.58329E-004 0.90860E-003
      52   0.0000       0.0000       0.0000       0.0000     
      53  0.47317E-002-0.29818      0.68708E-003 0.29822     
      54  0.94634E-002-0.58561     -0.93801E-002 0.58577     
      55  0.22936E-001-0.85601     -0.85681E-003 0.85632     
      56  0.36409E-001 -1.0988     -0.19892E-001  1.0996     
      57  0.58776E-001 -1.3069     -0.24704E-002  1.3082     
      58  0.81144E-001 -1.4695     -0.30493E-001  1.4721     
      59  0.11235      -1.5796     -0.42298E-002  1.5836     
      60  0.14355      -1.6252     -0.42396E-001  1.6321     
      61  0.17444      -1.5782     -0.56431E-002  1.5878     
      62  0.20534      -1.4690     -0.31017E-001  1.4836     
      63  0.22753      -1.3056     -0.37979E-002  1.3252     
      64  0.24973      -1.0984     -0.20306E-001  1.1266     
      65  0.26304     -0.85473     -0.21002E-002 0.89429     
      66  0.27635     -0.58523     -0.97299E-002 0.64727     
      67  0.28083     -0.29699     -0.49080E-003 0.40874     
      68  0.28531       0.0000       0.0000      0.28531     

 MAXIMUM ABSOLUTE VALUES
 NODE         16           43            9           43
 VALUE   0.28580      -1.6335     -0.43016E-001  1.6400     

