2 0.0987954
4 0.108535
6 0.0730024
8 0.119742
10 -0.049796
12 0.100566
14 0.0936558
16 -0.115194
18 -0.0560002
20 -0.0517696
22 0.0450867
24 -0.0359136
26 -0.0815611
28 -0.0691013
30 -0.060907
32 -0.0362884
34 -0.0884591
36 -0.0480442
38 0.0785388
40 0.114959
42 -0.0786637
44 -0.103823
46 0.0542323
48 -0.0774432
50 0.102641
52 -0.0387474
54 0.0781082
56 0.0878104
58 -0.116659
60 -0.069252
62 0.0837172
64 -0.0500874
66 0.0560619
68 -0.0345412
70 0.0926982
72 -0.0891821
74 0.07222
76 -0.050063
78 0.0909695
80 0.111532
82 -0.0637496
84 -0.0651081
86 -0.0601391
88 0.0913671
90 0.0782915
92 -0.111767
94 0.10148
96 0.0309348
98 -0.0857692
100 -0.102182
102 -0.0877046
104 0.0909295
106 0.11667
108 0.0526933
110 -0.0160859
112 -0.0657391
114 -0.00306412
116 0.116727
118 -0.0706465
120 -0.104793
122 -0.0872746
124 -0.0994615
126 -0.0647673
128 0.111986
130 -0.00970342
132 0.119586
134 0.0884348
136 0.115041
138 0.10247
140 -0.0373328
142 0.0430838
144 0.110685
146 0.0868132
148 0.0810653
150 -0.11517
152 0.119389
154 0.0134312
156 -0.0599413
158 -0.0635414
160 0.0474256
162 -0.110532
164 0.0693362
166 0.0882012
168 0.0980379
170 0.074839
172 0.118598
174 0.0941408
176 0.0994537
178 0.0680226
180 -0.0846833
182 0.0115205
184 -0.0702766
186 -0.108532
188 -0.0786544
190 -0.083148
192 -0.112209
194 -0.000664235
196 -0.0944232
198 -0.103792
200 -0.096398
202 0.112473
204 0.0951561
206 -0.0369039
208 0.10774
210 0.0292143
212 -0.0531083
214 0.0386669
216 -0.0437264
218 0.0912119
220 -0.0962384
222 0.113419
224 -0.0849122
226 0.115693
228 -0.118185
230 0.0825842
232 -0.0821908
234 -0.0749373
236 -0.0670901
238 -0.0619303
240 -0.0574387
242 -0.101999
244 -0.11169
246 0.0600304
248 0.0744667
250 -0.0548712
252 0.103825
254 0.0905486
256 0.101372
258 0.112891
260 -0.119994
262 0.0607905
264 -0.0349782
266 -0.11095
268 0.0909937
270 -0.119265
272 0.042064
274 0.0981714
276 0.0851554
278 -0.0995217
280 -0.0737327
282 -0.103549
282 0
