2 0.0987954
4 0.108535
6 0.0730024
8 0.119742
10 -0.049796
12 0.100566
14 -0.104857
16 -0.0660856
18 -0.0797644
20 -0.113037
22 -0.0965895
24 -0.0091044
26 0.0427363
28 0.0518992
30 0.0565734
32 0.0799348
34 -0.104786
36 -0.0277106
38 0.119554
40 -0.107668
42 0.108304
44 0.0678314
46 0.110643
48 -0.0879572
50 -0.116746
52 -0.0861477
54 0.0313856
56 -0.0906679
58 -0.0171071
60 0.0638226
62 -0.0380972
64 -0.107604
66 0.0864522
68 -0.0290373
70 0.100602
72 0.0419807
74 0.10999
76 0.0551544
78 0.0631528
80 -0.0998894
82 -0.11276
84 -0.0262642
86 0.105812
88 0.0340942
90 0.110783
92 0.11401
94 -0.107403
96 0.0849252
98 0.103446
100 -0.0827442
102 -0.106249
104 -0.0377436
106 0.101401
108 0.10823
110 0.0983132
112 0.0816935
114 -0.082434
116 0.118872
118 -0.119212
120 0.0339833
122 0.0796174
124 0.0509522
126 -0.0100464
128 -0.0959487
130 -0.0146233
132 0.086195
134 0.0974605
136 -0.0437325
138 -0.110349
140 0.0736219
142 -0.103006
144 0.108412
146 -0.0624804
148 -0.0793052
150 0.0525464
152 0.00800479
154 -0.0725587
156 -0.0565922
158 -0.0421867
160 -0.0500091
162 0.113579
164 -0.0866121
166 -0.108941
168 0.0557913
170 0.0477551
172 -0.0814825
174 -0.0378269
176 0.0763597
178 -0.0223445
180 -0.110883
182 0.02678
184 -0.0913893
186 0.102327
188 0.110612
190 -0.0967297
192 -0.0601469
194 0.0620977
196 -0.0934852
198 0.0224149
200 0.101726
202 0.0315119
204 0.102657
206 -0.118726
208 -0.11582
210 -0.038418
212 0.104212
214 0.110958
216 0.117395
218 0.0434811
220 -0.0430075
222 0.075739
224 -0.0888931
226 0.105664
228 -0.111384
230 -0.0293637
232 0.021472
234 0.0562276
236 0.118718
238 -0.105108
240 -0.109541
242 -0.105027
244 0.0908241
246 -0.112664
248 0.0945965
250 0.0397855
252 -0.0844646
254 -0.0894485
254 0
