2 0.0987954
4 0.030929
6 0.0521513
8 0.119742
10 0.0330125
12 -0.0520045
14 0.107838
16 0.105389
18 0.102539
20 0.0892442
22 0.0725428
24 0.117353
26 0.0313572
28 0.0593177
30 -0.0867408
32 -0.0226667
34 -0.0835524
36 -0.0730004
38 0.0604993
40 -0.0678405
42 0.026891
44 -0.0408253
46 -0.0512601
48 0.084696
50 -0.102091
52 0.0283656
54 -0.0366432
56 -0.0330709
58 -0.0936695
60 0.0567316
62 -0.00413163
64 -0.0836047
66 0.0994736
68 0.10714
70 -0.0517658
72 -0.0537848
74 -0.106422
76 0.0625286
78 -0.105969
80 0.0958174
82 -0.0980968
84 -0.100384
86 0.0910586
88 -0.108963
90 0.112782
92 -0.0846347
94 -0.112679
96 0.0412325
98 -0.119901
100 0.0588396
102 0.0856046
104 -0.0984253
106 0.101419
108 0.0811981
110 -0.0645852
112 -0.0669565
114 -0.0843877
116 0.0836975
118 0.0524728
120 0.0477557
122 -0.110632
124 0.0644955
126 0.0875554
128 -0.00962094
130 0.0833133
132 -0.0592398
134 -0.0896837
136 -0.0745582
138 -0.0292585
140 -0.102039
142 -0.0863162
144 0.0721138
146 -0.063999
148 -0.0483134
150 0.0890407
152 0.0307413
154 -0.119324
156 -0.085147
158 -0.0160035
160 0.0701288
162 0.0133676
164 0.114045
166 0.11468
168 -0.0815051
170 0.0402413
172 0.112296
174 0.106761
176 -0.11746
178 0.0913684
180 0.0433491
182 -0.0431458
184 0.100174
186 -0.054327
188 -0.0784082
190 -0.0392836
192 0.0783631
194 0.114355
196 0.0882764
198 0.114062
200 -0.0678648
202 -0.0615876
204 -0.111076
206 0.0777158
208 0.102569
210 0.0648006
212 -0.111804
214 -0.105974
216 -0.0929802
218 0.106514
220 -0.0925573
222 0.097731
224 0.0817939
226 -0.0416598
228 -0.0711751
230 0.0663168
232 0.109756
234 -0.0714281
236 -0.0650209
238 -0.0336518
240 -0.0911238
242 0.011228
244 -0.05105
246 0.0255576
248 0.106995
250 0.096867
252 0.0499132
254 0.0685074
256 -0.0628517
258 -0.0985792
260 0.105087
262 -0.0906858
264 -0.0174296
266 -0.0643666
268 -0.101046
268 0
