0 0
19.8721 1.94986
38.9113 7.94471
56.5711 17.2948
72.0953 29.8283
86.7114 43.4679
100.62 57.7925
114.559 72.0839
130.749 83.8024
148.462 93.0431
167.595 98.7188
187.503 100.286
207.495 99.7265
227.488 99.829
247.38 101.818
266.938 105.948
285.744 112.693
304.685 118.998
324.33 122.738
343.514 128.222
362.627 133.98
381.748 139.709
399.587 148.718
415.528 160.728
431.18 173.138
449.007 182.103
468.297 187.291
487.867 191.397
507.619 194.357
527.602 195.161
547.515 196.881
567.383 199.133
587.334 198.492
607.278 197.39
627.275 197.457
647.188 198.926
666.714 203.226
685.336 210.409
702.546 220.579
718.432 232.707
734.719 244.258
753.067 252.11
772.369 257.338
791.171 264.046
808.876 273.339
825.034 285.057
838.172 300.079
851.18 315.22
864.563 330.05
874.93 347.112
884.915 364.415
897.96 379.525
913.072 392.618
927.319 406.606
938.342 423.247
945.718 441.803
949.652 461.389
953.568 480.979
956.804 500.668
959.999 520.363
964.9 539.749
967.578 559.548
967.65 579.539
966.892 599.524
968.234 619.449
971.787 639.13
973.941 658.989
972.434 678.9
969.83 698.723
970.284 718.678
971.509 738.622
973.283 758.508
974.991 778.395
975.751 798.368
979.321 818.025
983.444 837.586
986.368 857.371
990.542 876.913
997.205 895.759
1005.7 913.86
1015.82 931.101
1024.84 948.904
1033.34 966.977
1045.19 983.043
1057.91 998.46
1068.98 1015.11
1080.57 1031.38
1094.03 1046.17
1106.92 1061.44
1118.96 1077.4
1132.98 1091.61
1148.18 1104.6
1164.16 1116.58
1180.03 1128.7
1192.97 1143.89
1205.68 1159.3
1220.65 1172.53
1235.62 1185.78
1250.96 1198.57
1267.21 1210.23
1281.87 1223.78
1294.61 1239.19
1305.18 1256.13
1315.97 1272.92
1330.36 1286.74
1346.75 1298.19
1362.35 1310.65
1374.92 1326.15
1383.66 1344.09
1389.4 1363.24
1395.12 1382.4
1400.24 1401.72
1405.57 1420.97
1410.61 1440.28
1415.72 1459.57
1423.51 1477.99
1431.47 1496.34
1437.97 1515.24
1441.09 1534.95
1443.91 1554.71
1450.86 1573.42
1461.64 1590.22
1472.7 1606.85
1484.08 1623.25
1495.79 1639.43
1505.23 1657.05
1515.42 1674.24
1528.42 1689.4
