0 0
19.8721 1.94986
38.9113 7.94471
56.5711 17.2948
72.0953 29.8283
86.7114 43.4679
100.62 57.7925
114.559 72.0839
130.749 83.8024
148.704 92.5215
168.019 97.6194
187.94 98.8061
207.872 99.8689
227.785 101.434
247.683 103.128
267.582 104.783
287.433 106.798
307.251 109.224
327.238 109.907
346.935 113.119
366.32 118.029
385.195 124.511
402.33 134.767
419.553 144.86
437.275 154.105
453.637 165.576
470.36 176.476
488.507 184.874
507.189 192.002
526.594 196.723
546.5 198.57
566.495 198.607
586.316 196.139
606.107 193.393
626.074 193.923
645.659 197.859
665.109 202.483
684.442 207.537
703.864 212.181
723.168 217.227
740.799 226.579
755.828 239.706
770.389 253.382
787.311 263.963
804.32 274.412
820.27 286.477
834.95 300.001
847.168 315.82
858.722 332.145
872.039 347.023
885.545 361.74
897.034 378.104
906.334 395.782
915.355 413.613
926.427 430.26
938.056 446.531
950.918 461.808
965.71 475.262
979.446 489.74
990.051 506.668
997.072 525.348
999.843 545.118
998.22 565.008
996.402 584.886
999.087 604.658
1006.28 623.273
1017.21 639.986
1028.11 656.712
1037.05 674.602
1045.77 692.602
1053.57 711.008
1058.88 730.27
1064.49 749.434
1069.82 768.665
1074.1 788.188
1080.79 807.023
1089.19 825.169
1095.9 843.96
1101.1 863.267
1108.88 881.655
1118.02 899.444
1124.91 918.187
1131.16 937.168
1138.06 955.935
1142.09 975.478
1145.17 995.225
1148.25 1014.97
1147.8 1034.92
1147.15 1054.88
1146.27 1074.82
1144.81 1094.74
1147.28 1114.55
1152.98 1133.71
1157.61 1153.12
1159.01 1173.06
1158.72 1193.06
1159.59 1213.01
1164.46 1232.37
1172.89 1250.48
1181.62 1268.46
1190.02 1286.61
1201.02 1303.26
1213.23 1319.1
1223.18 1336.41
1231.31 1354.68
1241.42 1371.88
1255.28 1386.24
1269.37 1400.38
1282.86 1415.12
1298.54 1427.49
1315.64 1437.87
1331.69 1449.72
1347.69 1461.63
1364.57 1472.36
1381.79 1482.47
1398.75 1493.01
1415.68 1503.57
1432.78 1513.88
1449.55 1524.75
1467.3 1533.98
1486.17 1540.45
1505.1 1546.77
1522.61 1556.41
1540.48 1565.3
1558.46 1573.97
1576.5 1582.51
1594.97 1590.14
1613.56 1597.48
1632.41 1604.13
