0 0
19.8721 1.94986
39.3504 6.47383
58.3819 12.5928
76.0582 21.8469
92.1458 33.7231
108.442 45.3023
124.063 57.7294
136.701 73.1824
145.878 90.9135
151.506 110.078
153.972 129.907
152.661 149.818
148.389 169.353
142.373 188.415
136.857 207.613
133.48 227.324
132.201 247.26
134.048 267.157
136.171 287.032
138.414 306.89
141.488 326.65
144.824 346.364
149.956 365.685
154.462 385.147
159.267 404.525
165.521 423.519
171.919 442.463
179.622 460.916
189.573 478.232
200.192 495.167
209.9 512.653
221.076 529.21
232.014 545.915
239.292 564.503
245.509 583.503
253.693 601.741
264.657 618.423
276.384 634.608
288.761 650.27
301.332 665.786
313.908 681.296
329.294 694.022
344.826 706.577
360.547 718.877
376.246 731.2
391.58 744.002
409.108 753.546
427.319 761.801
446.071 768.615
465.249 774.249
483.408 782.574
501.649 790.696
519.88 798.835
536.338 810.16
552.595 821.786
570.235 831.178
589.081 837.804
607.942 844.386
625.745 853.479
642.55 864.309
659.958 874.073
677.837 883.005
694.15 894.532
709.523 907.324
723.91 921.185
737.946 935.416
753.922 947.403
771.652 956.617
790.26 963.941
809.632 968.773
829.575 969.89
849.542 970.692
869.504 971.683
889.457 970.427
909.425 969.958
929.328 971.892
949.279 972.087
968.876 968.216
988.001 962.366
1007.39 957.546
1027.14 954.369
1047.09 953.707
1066.66 957.586
1086.11 962.154
1105.75 965.896
1124.57 972.552
1141.49 983.142
1158.49 993.584
1175.8 1003.55
1191.62 1015.77
1207.43 1028.01
1222.52 1041.09
1236.98 1054.89
1253.13 1066.65
1270.57 1076.43
1287.61 1086.86
1302.33 1100.34
1314.04 1116.52
1322.26 1134.71
1329.6 1153.29
1339.29 1170.78
1351.81 1186.32
1364.88 1201.43
1375.03 1218.62
1382.17 1237.29
1390.14 1255.59
1401.88 1271.74
1416.58 1285.25
1431.13 1298.92
1445.46 1312.84
1459.74 1326.79
1471.3 1343.08
1482.19 1359.85
1494.88 1375.29
1507.67 1390.64
1517.57 1407.97
1526.78 1425.71
1538.32 1442.03
1551.42 1457.14
1566.27 1470.49
1582.17 1482.61
1598.54 1494.1
1615.2 1505.16
1630.24 1518.29
1642.31 1534.19
1651.93 1551.72
1659.41 1570.25
1666.76 1588.83
1676.99 1605.98
1687.14 1623.17
1697.01 1640.54
1708.73 1656.74
1721.71 1671.94
1737 1684.78
