%Time [ms]	Commanded Torque [mNm]	Angular Velocity [RPM]	Actual Current [Amp]	%1/27/20231:15 PM
0.000	0.000	0.000	0.000
20.000	5.000	-13.672	-0.012
30.000	5.000	-13.672	-0.012
40.000	5.000	-13.672	-0.012
50.000	5.000	-15.625	0.000
60.000	5.000	-15.625	0.000
70.000	5.000	-15.625	0.000
80.000	5.000	13.672	-0.008
90.000	5.000	13.672	-0.008
100.000	5.000	13.672	-0.008
110.000	5.000	-13.672	0.000
120.000	5.000	-13.672	0.000
130.000	5.000	-13.672	0.000
140.000	5.000	-42.969	-0.022
150.000	5.000	-42.969	-0.022
160.000	5.000	-42.969	-0.022
170.000	5.000	-19.531	-0.011
180.000	5.000	-19.531	-0.011
190.000	5.000	-19.531	-0.011
200.000	5.000	-23.437	-0.006
210.000	5.000	-23.437	-0.006
220.000	5.000	-23.437	-0.006
230.000	5.000	-3.906	-0.021
240.000	5.000	-3.906	-0.021
250.000	5.000	-3.906	-0.021
260.000	5.000	3.906	-0.003
270.000	5.000	3.906	-0.003
280.000	5.000	3.906	-0.003
290.000	5.000	-25.391	-0.021
300.000	5.000	-25.391	-0.021
310.000	5.000	-25.391	-0.021
320.000	5.000	-17.578	-0.008
330.000	5.000	-17.578	-0.008
340.000	5.000	-17.578	-0.008
350.000	5.000	-9.766	-0.024
360.000	5.000	-9.766	-0.024
370.000	5.000	-9.766	-0.024
380.000	5.000	-52.734	-0.018
390.000	5.000	-52.734	-0.018
400.000	5.000	-52.734	-0.018
410.000	5.000	-21.484	-0.028
420.000	5.000	-21.484	-0.028
430.000	5.000	-21.484	-0.028
440.000	5.000	-25.391	-0.001
450.000	5.000	-25.391	-0.001
460.000	5.000	-25.391	-0.001
470.000	5.000	9.766	0.003
480.000	5.000	9.766	0.003
490.000	5.000	9.766	0.003
500.000	5.000	-33.203	-0.006
510.000	5.000	-33.203	-0.006
520.000	5.000	-33.203	-0.006
530.000	5.000	-13.672	-0.028
540.000	5.000	-13.672	-0.028
550.000	5.000	-13.672	-0.028
560.000	5.000	11.719	-0.013
570.000	5.000	11.719	-0.013
580.000	5.000	11.719	-0.013
590.000	5.000	13.672	-0.020
600.000	5.000	13.672	-0.020
610.000	5.000	13.672	-0.020
620.000	5.000	-7.812	-0.035
630.000	5.000	-7.812	-0.035
640.000	5.000	-7.812	-0.035
650.000	5.000	-19.531	-0.013
660.000	5.000	-19.531	-0.013
670.000	5.000	-19.531	-0.013
680.000	5.000	-1.953	-0.008
690.000	5.000	-1.953	-0.008
700.000	5.000	-1.953	-0.008
710.000	5.000	-3.906	-0.021
720.000	5.000	-3.906	-0.021
730.000	5.000	-3.906	-0.021
740.000	5.000	-9.766	0.008
750.000	5.000	-9.766	0.008
760.000	5.000	-9.766	0.008
770.000	5.000	15.625	-0.008
780.000	5.000	15.625	-0.008
790.000	5.000	15.625	-0.008
800.000	5.000	-5.859	-0.001
810.000	5.000	-5.859	-0.001
820.000	5.000	-5.859	-0.001
830.000	5.000	7.812	-0.004
840.000	5.000	7.812	-0.004
850.000	5.000	7.812	-0.004
860.000	5.000	3.906	-0.023
870.000	5.000	3.906	-0.023
880.000	5.000	3.906	-0.023
890.000	5.000	-25.391	-0.025
900.000	5.000	-25.391	-0.025
910.000	5.000	-25.391	-0.025
920.000	5.000	-17.578	-0.032
930.000	5.000	-17.578	-0.032
940.000	5.000	-17.578	-0.032
950.000	5.000	17.578	0.000
960.000	5.000	17.578	0.000
970.000	5.000	17.578	0.000
980.000	5.000	19.531	-0.008
990.000	5.000	19.531	-0.008
1000.000	5.000	19.531	-0.008
1010.000	5.000	17.578	-0.012
1020.000	5.000	17.578	-0.012
1030.000	5.000	17.578	-0.012
1040.000	5.000	-9.766	-0.028
1050.000	5.000	-9.766	-0.028
1060.000	5.000	-9.766	-0.028
1070.000	5.000	-1.953	-0.020
1080.000	5.000	-1.953	-0.020
1090.000	5.000	-1.953	-0.020
1100.000	5.000	-27.344	0.067
1110.000	5.000	-27.344	0.067
1120.000	5.000	-27.344	0.067
1130.000	5.000	1.953	0.100
1140.000	5.000	1.953	0.100
1150.000	5.000	1.953	0.100
1160.000	5.000	15.625	0.132
1170.000	5.000	15.625	0.132
1180.000	5.000	15.625	0.132
1190.000	5.000	-27.344	0.137
1200.000	5.000	-27.344	0.137
1210.000	5.000	-27.344	0.137
1220.000	5.000	-7.812	0.146
1230.000	5.000	-7.812	0.146
1240.000	5.000	-7.812	0.146
1250.000	5.000	41.016	0.150
1260.000	5.000	41.016	0.150
1270.000	5.000	41.016	0.150
1280.000	5.000	37.109	0.153
1290.000	5.000	37.109	0.153
1300.000	5.000	37.109	0.153
1310.000	5.000	23.437	0.149
1320.000	5.000	23.437	0.149
1330.000	5.000	23.437	0.149
1340.000	5.000	46.875	0.143
1350.000	5.000	46.875	0.143
1360.000	5.000	46.875	0.143
1370.000	5.000	56.641	0.141
1380.000	5.000	56.641	0.141
1390.000	5.000	56.641	0.141
1400.000	5.000	54.687	0.149
1410.000	5.000	54.687	0.149
1420.000	5.000	54.687	0.149
1430.000	5.000	52.734	0.135
1440.000	5.000	52.734	0.135
1450.000	5.000	52.734	0.135
1460.000	5.000	44.922	0.125
1470.000	5.000	44.922	0.125
1480.000	5.000	44.922	0.125
1490.000	5.000	107.422	0.144
1500.000	5.000	107.422	0.144
1510.000	5.000	107.422	0.144
1520.000	5.000	78.125	0.133
1530.000	5.000	78.125	0.133
1540.000	5.000	78.125	0.133
1550.000	5.000	91.797	0.133
1560.000	5.000	91.797	0.133
1570.000	5.000	91.797	0.133
1580.000	5.000	103.516	0.139
1590.000	5.000	103.516	0.139
1600.000	5.000	103.516	0.139
1610.000	5.000	126.953	0.154
1620.000	5.000	126.953	0.154
1630.000	5.000	126.953	0.154
1640.000	5.000	105.469	0.124
1650.000	5.000	105.469	0.124
1660.000	5.000	105.469	0.124
1670.000	5.000	93.750	0.122
1680.000	5.000	93.750	0.122
1690.000	5.000	93.750	0.122
1700.000	5.000	148.437	0.149
1710.000	5.000	148.437	0.149
1720.000	5.000	148.437	0.149
1730.000	5.000	154.297	0.152
1740.000	5.000	154.297	0.152
1750.000	5.000	154.297	0.152
1760.000	5.000	169.922	0.158
1770.000	5.000	169.922	0.158
1780.000	5.000	169.922	0.158
1790.000	5.000	187.500	0.142
1800.000	5.000	187.500	0.142
1810.000	5.000	187.500	0.142
1820.000	5.000	166.016	0.142
1830.000	5.000	166.016	0.142
1840.000	5.000	166.016	0.142
1850.000	5.000	154.297	0.129
1860.000	5.000	154.297	0.129
1870.000	5.000	154.297	0.129
1880.000	5.000	191.406	0.148
1890.000	5.000	191.406	0.148
1900.000	5.000	191.406	0.148
1910.000	5.000	185.547	0.142
1920.000	5.000	185.547	0.142
1930.000	5.000	185.547	0.142
1940.000	5.000	195.312	0.132
1950.000	5.000	195.312	0.132
1960.000	5.000	195.312	0.132
1970.000	5.000	208.984	0.141
1980.000	5.000	208.984	0.141
1990.000	5.000	208.984	0.141
2000.000	5.000	191.406	0.147
2010.000	5.000	191.406	0.147
2020.000	5.000	191.406	0.147
2030.000	5.000	210.937	0.138
2040.000	5.000	210.937	0.138
2050.000	5.000	210.937	0.138
2060.000	5.000	195.312	0.117
2070.000	5.000	195.312	0.117
2080.000	5.000	195.312	0.117
2090.000	5.000	251.953	0.142
2100.000	5.000	251.953	0.142
2110.000	5.000	251.953	0.142
2120.000	5.000	224.609	0.125
2130.000	5.000	224.609	0.125
2140.000	5.000	224.609	0.125
2150.000	5.000	210.937	0.128
2160.000	5.000	210.937	0.128
2170.000	5.000	210.937	0.128
2180.000	5.000	263.672	0.146
2190.000	5.000	263.672	0.146
2200.000	5.000	263.672	0.146
2210.000	5.000	255.859	0.130
2220.000	5.000	255.859	0.130
2230.000	5.000	255.859	0.130
2240.000	5.000	238.281	0.129
2250.000	5.000	238.281	0.129
2260.000	5.000	238.281	0.129
2270.000	5.000	279.297	0.146
2280.000	5.000	279.297	0.146
2290.000	5.000	279.297	0.146
2300.000	5.000	279.297	0.139
2310.000	5.000	279.297	0.139
2320.000	5.000	279.297	0.139
2330.000	5.000	285.156	0.150
2340.000	5.000	285.156	0.150
2350.000	5.000	285.156	0.150
2360.000	5.000	259.766	0.136
2370.000	5.000	259.766	0.136
2380.000	5.000	259.766	0.136
2390.000	5.000	277.344	0.133
2400.000	5.000	277.344	0.133
2410.000	5.000	277.344	0.133
2420.000	5.000	291.016	0.143
2430.000	5.000	291.016	0.143
2440.000	5.000	291.016	0.143
2450.000	5.000	310.547	0.132
2460.000	5.000	310.547	0.132
2470.000	5.000	310.547	0.132
2480.000	5.000	320.312	0.130
2490.000	5.000	320.312	0.130
2500.000	5.000	320.312	0.130
2510.000	5.000	304.687	0.131
2520.000	5.000	304.687	0.131
2530.000	5.000	304.687	0.131
2540.000	5.000	298.828	0.121
2550.000	5.000	298.828	0.121
2560.000	5.000	298.828	0.121
2570.000	5.000	337.891	0.147
2580.000	5.000	337.891	0.147
2590.000	5.000	337.891	0.147
2600.000	5.000	353.516	0.146
2610.000	5.000	353.516	0.146
2620.000	5.000	353.516	0.146
2630.000	5.000	333.984	0.141
2640.000	5.000	333.984	0.141
2650.000	5.000	333.984	0.141
2660.000	5.000	363.281	0.140
2670.000	5.000	363.281	0.140
2680.000	5.000	363.281	0.140
2690.000	5.000	347.656	0.142
2700.000	5.000	347.656	0.142
2710.000	5.000	347.656	0.142
2720.000	5.000	378.906	0.147
2730.000	5.000	378.906	0.147
2740.000	5.000	378.906	0.147
2750.000	5.000	396.484	0.144
2760.000	5.000	396.484	0.144
2770.000	5.000	396.484	0.144
2780.000	5.000	373.047	0.135
2790.000	5.000	373.047	0.135
2800.000	5.000	373.047	0.135
2810.000	5.000	376.953	0.135
2820.000	5.000	376.953	0.135
2830.000	5.000	376.953	0.135
2840.000	5.000	392.578	0.150
2850.000	5.000	392.578	0.150
2860.000	5.000	392.578	0.150
2870.000	5.000	419.922	0.148
2880.000	5.000	419.922	0.148
2890.000	5.000	419.922	0.148
2900.000	5.000	396.484	0.133
2910.000	5.000	396.484	0.133
2920.000	5.000	396.484	0.133
2930.000	5.000	380.859	0.128
2940.000	5.000	380.859	0.128
2950.000	5.000	380.859	0.128
2960.000	5.000	431.641	0.139
2970.000	5.000	431.641	0.139
2980.000	5.000	431.641	0.139
2990.000	5.000	416.016	0.152
3000.000	5.000	416.016	0.152
3010.000	5.000	416.016	0.152
3020.000	5.000	435.547	0.149
3030.000	5.000	435.547	0.149
3040.000	5.000	435.547	0.149
3050.000	5.000	408.203	0.121
3060.000	5.000	408.203	0.121
3070.000	5.000	408.203	0.121
3080.000	5.000	445.312	0.153
3090.000	5.000	445.312	0.153
3100.000	5.000	445.312	0.153
3110.000	5.000	421.875	0.141
3120.000	5.000	421.875	0.141
3130.000	5.000	421.875	0.141
3140.000	5.000	478.516	0.149
3150.000	5.000	478.516	0.149
3160.000	5.000	478.516	0.149
3170.000	5.000	484.375	0.161
3180.000	5.000	484.375	0.161
3190.000	5.000	484.375	0.161
3200.000	5.000	466.797	0.156
3210.000	5.000	466.797	0.156
3220.000	5.000	466.797	0.156
3230.000	5.000	453.125	0.136
3240.000	5.000	453.125	0.136
3250.000	5.000	453.125	0.136
3260.000	5.000	496.094	0.133
3270.000	5.000	496.094	0.133
3280.000	5.000	496.094	0.133
3290.000	5.000	462.891	0.131
3300.000	5.000	462.891	0.131
3310.000	5.000	462.891	0.131
3320.000	5.000	503.906	0.156
3330.000	5.000	503.906	0.156
3340.000	5.000	503.906	0.156
3350.000	5.000	468.750	0.120
3360.000	5.000	468.750	0.120
3370.000	5.000	468.750	0.120
3380.000	5.000	484.375	0.146
3390.000	5.000	484.375	0.146
3400.000	5.000	484.375	0.146
3410.000	5.000	501.953	0.146
3420.000	5.000	501.953	0.146
3430.000	5.000	501.953	0.146
3440.000	5.000	517.578	0.158
3450.000	5.000	517.578	0.158
3460.000	5.000	517.578	0.158
3470.000	5.000	513.672	0.146
3480.000	5.000	513.672	0.146
3490.000	5.000	513.672	0.146
3500.000	5.000	546.875	0.155
3510.000	5.000	546.875	0.155
3520.000	5.000	546.875	0.155
3530.000	5.000	539.062	0.167
3540.000	5.000	539.062	0.167
3550.000	5.000	539.062	0.167
3560.000	5.000	501.953	0.155
3570.000	5.000	501.953	0.155
3580.000	5.000	501.953	0.155
3590.000	5.000	541.016	0.139
3600.000	5.000	541.016	0.139
3610.000	5.000	541.016	0.139
3620.000	5.000	552.734	0.143
3630.000	5.000	552.734	0.143
3640.000	5.000	552.734	0.143
3650.000	5.000	550.781	0.142
3660.000	5.000	550.781	0.142
3670.000	5.000	550.781	0.142
3680.000	5.000	587.891	0.144
3690.000	5.000	587.891	0.144
3700.000	5.000	587.891	0.144
3710.000	5.000	585.937	0.126
3720.000	5.000	585.937	0.126
3730.000	5.000	585.937	0.126
3740.000	5.000	587.891	0.133
3750.000	5.000	587.891	0.133
3760.000	5.000	587.891	0.133
3770.000	5.000	591.797	0.155
3780.000	5.000	591.797	0.155
3790.000	5.000	591.797	0.155
3800.000	5.000	574.219	0.137
3810.000	5.000	574.219	0.137
3820.000	5.000	574.219	0.137
3830.000	5.000	580.078	0.132
3840.000	5.000	580.078	0.132
3850.000	5.000	580.078	0.132
3860.000	5.000	580.078	0.147
3870.000	5.000	580.078	0.147
3880.000	5.000	580.078	0.147
3890.000	5.000	580.078	0.155
3900.000	5.000	580.078	0.155
3910.000	5.000	580.078	0.155
3920.000	5.000	615.234	0.143
3930.000	5.000	615.234	0.143
3940.000	5.000	615.234	0.143
3950.000	5.000	619.141	0.153
3960.000	5.000	619.141	0.153
3970.000	5.000	619.141	0.153
3980.000	5.000	617.187	0.148
3990.000	5.000	617.187	0.148
4000.000	5.000	617.187	0.148
4010.000	5.000	640.625	0.161
4020.000	5.000	640.625	0.161
4030.000	5.000	640.625	0.161
4040.000	5.000	636.719	0.128
4050.000	5.000	636.719	0.128
4060.000	5.000	636.719	0.128
4070.000	5.000	623.047	0.146
4080.000	5.000	623.047	0.146
4090.000	5.000	623.047	0.146
4100.000	5.000	623.047	0.162
4110.000	5.000	623.047	0.162
4120.000	5.000	623.047	0.162
4130.000	5.000	658.203	0.131
4140.000	5.000	658.203	0.131
4150.000	5.000	658.203	0.131
4160.000	5.000	648.437	0.146
4170.000	5.000	648.437	0.146
4180.000	5.000	648.437	0.146
4190.000	5.000	675.781	0.150
4200.000	5.000	675.781	0.150
4210.000	5.000	675.781	0.150
4220.000	5.000	658.203	0.157
4230.000	5.000	658.203	0.157
4240.000	5.000	658.203	0.157
4250.000	5.000	656.250	0.140
4260.000	5.000	656.250	0.140
4270.000	5.000	656.250	0.140
4280.000	5.000	662.109	0.133
4290.000	5.000	662.109	0.133
4300.000	5.000	662.109	0.133
4310.000	5.000	673.828	0.163
4320.000	5.000	673.828	0.163
4330.000	5.000	673.828	0.163
4340.000	5.000	683.594	0.153
4350.000	5.000	683.594	0.153
4360.000	5.000	683.594	0.153
4370.000	5.000	652.344	0.149
4380.000	5.000	652.344	0.149
4390.000	5.000	652.344	0.149
4400.000	5.000	681.641	0.157
4410.000	5.000	681.641	0.157
4420.000	5.000	681.641	0.157
4430.000	5.000	710.937	0.149
4440.000	5.000	710.937	0.149
4450.000	5.000	710.937	0.149
4460.000	5.000	701.172	0.151
4470.000	5.000	701.172	0.151
4480.000	5.000	701.172	0.151
4490.000	5.000	726.562	0.134
4500.000	5.000	726.562	0.134
4510.000	5.000	726.562	0.134
4520.000	5.000	703.125	0.149
4530.000	5.000	703.125	0.149
4540.000	5.000	703.125	0.149
4550.000	5.000	744.141	0.145
4560.000	5.000	744.141	0.145
4570.000	5.000	744.141	0.145
4580.000	5.000	738.281	0.135
4590.000	5.000	738.281	0.135
4600.000	5.000	738.281	0.135
4610.000	5.000	740.234	0.153
4620.000	5.000	740.234	0.153
4630.000	5.000	740.234	0.153
4640.000	5.000	728.516	0.139
4650.000	5.000	728.516	0.139
4660.000	5.000	728.516	0.139
4670.000	5.000	734.375	0.134
4680.000	5.000	734.375	0.134
4690.000	5.000	734.375	0.134
4700.000	5.000	736.328	0.137
4710.000	5.000	736.328	0.137
4720.000	5.000	736.328	0.137
4730.000	5.000	763.672	0.153
4740.000	5.000	763.672	0.153
4750.000	5.000	763.672	0.153
4760.000	5.000	771.484	0.142
4770.000	5.000	771.484	0.142
4780.000	5.000	771.484	0.142
4790.000	5.000	759.766	0.131
4800.000	5.000	759.766	0.131
4810.000	5.000	759.766	0.131
4820.000	5.000	763.672	0.150
4830.000	5.000	763.672	0.150
4840.000	5.000	763.672	0.150
4850.000	5.000	800.781	0.156
4860.000	5.000	800.781	0.156
4870.000	5.000	800.781	0.156
4880.000	5.000	775.391	0.146
4890.000	5.000	775.391	0.146
4900.000	5.000	775.391	0.146
4910.000	5.000	791.016	0.141
4920.000	5.000	791.016	0.141
4930.000	5.000	791.016	0.141
4940.000	5.000	802.734	0.146
4950.000	5.000	802.734	0.146
4960.000	5.000	802.734	0.146
4970.000	5.000	781.250	0.141
4980.000	5.000	781.250	0.141
4990.000	5.000	781.250	0.141
5000.000	5.000	785.156	0.152
5010.000	5.000	785.156	0.152
5020.000	5.000	785.156	0.152
5030.000	5.000	812.500	0.137
5040.000	5.000	812.500	0.137
5050.000	5.000	812.500	0.137
5060.000	5.000	796.875	0.133
5070.000	5.000	796.875	0.133
5080.000	5.000	796.875	0.133
5090.000	5.000	800.781	0.143
5100.000	5.000	800.781	0.143
5110.000	5.000	800.781	0.143
5120.000	5.000	816.406	0.153
5130.000	5.000	816.406	0.153
5140.000	5.000	816.406	0.153
5150.000	5.000	810.547	0.131
5160.000	5.000	810.547	0.131
5170.000	5.000	810.547	0.131
5180.000	5.000	849.609	0.159
5190.000	5.000	849.609	0.159
5200.000	5.000	849.609	0.159
5210.000	5.000	849.609	0.148
5220.000	5.000	849.609	0.148
5230.000	5.000	849.609	0.148
5240.000	5.000	861.328	0.146
5250.000	5.000	861.328	0.146
5260.000	5.000	861.328	0.146
5270.000	5.000	853.516	0.132
5280.000	5.000	853.516	0.132
5290.000	5.000	853.516	0.132
5300.000	5.000	871.094	0.163
5310.000	5.000	871.094	0.163
5320.000	5.000	871.094	0.163
5330.000	5.000	839.844	0.147
5340.000	5.000	839.844	0.147
5350.000	5.000	839.844	0.147
5360.000	5.000	869.141	0.147
5370.000	5.000	869.141	0.147
5380.000	5.000	869.141	0.147
5390.000	5.000	841.797	0.135
5400.000	5.000	841.797	0.135
5410.000	5.000	841.797	0.135
5420.000	5.000	835.937	0.136
5430.000	5.000	835.937	0.136
5440.000	5.000	835.937	0.136
5450.000	5.000	871.094	0.138
5460.000	5.000	871.094	0.138
5470.000	5.000	871.094	0.138
5480.000	5.000	847.656	0.151
5490.000	5.000	847.656	0.151
5500.000	5.000	847.656	0.151
5510.000	5.000	851.562	0.152
5520.000	5.000	851.562	0.152
5530.000	5.000	851.562	0.152
5540.000	5.000	910.156	0.117
5550.000	5.000	910.156	0.117
5560.000	5.000	910.156	0.117
5570.000	5.000	902.344	0.145
5580.000	5.000	902.344	0.145
5590.000	5.000	902.344	0.145
5600.000	5.000	910.156	0.139
5610.000	5.000	910.156	0.139
5620.000	5.000	910.156	0.139
5630.000	5.000	886.719	0.133
5640.000	5.000	886.719	0.133
5650.000	5.000	886.719	0.133
5660.000	5.000	910.156	0.145
5670.000	5.000	910.156	0.145
5680.000	5.000	910.156	0.145
5690.000	5.000	923.828	0.133
5700.000	5.000	923.828	0.133
5710.000	5.000	923.828	0.133
5720.000	5.000	900.391	0.140
5730.000	5.000	900.391	0.140
5740.000	5.000	900.391	0.140
5750.000	5.000	900.391	0.139
5760.000	5.000	900.391	0.139
5770.000	5.000	900.391	0.139
5780.000	5.000	925.781	0.140
5790.000	5.000	925.781	0.140
5800.000	5.000	925.781	0.140
5810.000	5.000	933.594	0.151
5820.000	5.000	933.594	0.151
5830.000	5.000	933.594	0.151
5840.000	5.000	943.359	0.139
5850.000	5.000	943.359	0.139
5860.000	5.000	943.359	0.139
5870.000	5.000	962.891	0.146
5880.000	5.000	962.891	0.146
5890.000	5.000	962.891	0.146
5900.000	5.000	951.172	0.136
5910.000	5.000	951.172	0.136
5920.000	5.000	951.172	0.136
5930.000	5.000	916.016	0.133
5940.000	5.000	916.016	0.133
5950.000	5.000	916.016	0.133
5960.000	5.000	941.406	0.140
5970.000	5.000	941.406	0.140
5980.000	5.000	941.406	0.140
5990.000	5.000	935.547	0.150
6000.000	5.000	935.547	0.150
6010.000	5.000	935.547	0.150
6020.000	5.000	982.422	0.144
6030.000	5.000	982.422	0.144
6040.000	5.000	982.422	0.144
6050.000	5.000	970.703	0.140
6060.000	5.000	970.703	0.140
6070.000	5.000	970.703	0.140
6080.000	5.000	976.562	0.151
6090.000	5.000	976.562	0.151
6100.000	5.000	976.562	0.151
6110.000	5.000	964.844	0.066
6120.000	5.000	964.844	0.066
6130.000	5.000	964.844	0.066
6140.000	5.000	972.656	0.008
6150.000	5.000	972.656	0.008
6160.000	5.000	972.656	0.008
6170.000	5.000	923.828	0.013
6180.000	5.000	923.828	0.013
6190.000	5.000	923.828	0.013
6200.000	5.000	910.156	-0.002
6210.000	5.000	910.156	-0.002
6220.000	5.000	910.156	-0.002
6230.000	5.000	947.266	-0.008
6240.000	5.000	947.266	-0.008
6250.000	5.000	947.266	-0.008
6260.000	5.000	941.406	-0.009
6270.000	5.000	941.406	-0.009
6280.000	5.000	941.406	-0.009
6290.000	5.000	921.875	-0.017
6300.000	5.000	921.875	-0.017
6310.000	5.000	921.875	-0.017
6320.000	5.000	898.437	-0.026
6330.000	5.000	898.437	-0.026
6340.000	5.000	898.437	-0.026
6350.000	5.000	886.719	-0.008
6360.000	5.000	886.719	-0.008
6370.000	5.000	886.719	-0.008
6380.000	5.000	900.391	-0.021
6390.000	5.000	900.391	-0.021
6400.000	5.000	900.391	-0.021
6410.000	5.000	849.609	-0.030
6420.000	5.000	849.609	-0.030
6430.000	5.000	849.609	-0.030
6440.000	5.000	871.094	-0.024
6450.000	5.000	871.094	-0.024
6460.000	5.000	871.094	-0.024
6470.000	5.000	832.031	-0.036
6480.000	5.000	832.031	-0.036
6490.000	5.000	832.031	-0.036
6500.000	5.000	869.141	-0.013
6510.000	5.000	869.141	-0.013
6520.000	5.000	869.141	-0.013
6530.000	5.000	859.375	-0.028
6540.000	5.000	859.375	-0.028
6550.000	5.000	859.375	-0.028
6560.000	5.000	812.500	-0.021
6570.000	5.000	812.500	-0.021
6580.000	5.000	812.500	-0.021
6590.000	5.000	818.359	-0.022
6600.000	5.000	818.359	-0.022
6610.000	5.000	818.359	-0.022
6620.000	5.000	828.125	-0.011
6630.000	5.000	828.125	-0.011
6640.000	5.000	828.125	-0.011
6650.000	5.000	773.437	0.000
6660.000	5.000	773.437	0.000
6670.000	5.000	773.437	0.000
6680.000	5.000	802.734	-0.023
6690.000	5.000	802.734	-0.023
6700.000	5.000	802.734	-0.023
6710.000	5.000	810.547	-0.032
6720.000	5.000	810.547	-0.032
6730.000	5.000	810.547	-0.032
6740.000	5.000	755.859	-0.038
6750.000	5.000	755.859	-0.038
6760.000	5.000	755.859	-0.038
6770.000	5.000	767.578	-0.012
6780.000	5.000	767.578	-0.012
6790.000	5.000	767.578	-0.012
6800.000	5.000	755.859	-0.019
6810.000	5.000	755.859	-0.019
6820.000	5.000	755.859	-0.019
6830.000	5.000	759.766	-0.021
6840.000	5.000	759.766	-0.021
6850.000	5.000	759.766	-0.021
6860.000	5.000	732.422	-0.001
6870.000	5.000	732.422	-0.001
6880.000	5.000	732.422	-0.001
6890.000	5.000	750.000	-0.029
6900.000	5.000	750.000	-0.029
6910.000	5.000	750.000	-0.029
6920.000	5.000	703.125	-0.034
6930.000	5.000	703.125	-0.034
6940.000	5.000	703.125	-0.034
6950.000	5.000	699.219	-0.010
6960.000	5.000	699.219	-0.010
6970.000	5.000	699.219	-0.010
6980.000	5.000	685.547	0.000
6990.000	5.000	685.547	0.000
7000.000	5.000	685.547	0.000
7010.000	5.000	671.875	-0.035
7020.000	5.000	671.875	-0.035
