% Time (s)	Gyro Output (rads/s)	Input Rate (RPM)	%1/27/20231:09 PM
0.000	0.000	0.000
944.720	0.000	0.073
944.730	0.010	0.073
944.740	0.010	0.073
944.750	0.010	0.073
944.760	0.000	0.073
944.770	0.000	0.073
944.780	0.000	0.073
944.790	0.000	0.073
944.800	0.000	0.146
944.810	0.000	0.146
944.820	0.000	0.146
944.830	0.000	0.146
944.840	0.000	0.146
944.850	-0.020	0.146
944.860	-0.020	0.220
944.870	-0.020	0.293
944.880	-0.010	0.293
944.890	-0.010	0.366
944.900	-0.010	0.293
944.910	-0.020	0.366
944.920	-0.020	0.366
944.930	-0.020	0.366
944.940	-0.020	0.366
944.950	-0.020	0.366
944.960	-0.020	0.293
944.970	-0.010	0.293
944.980	-0.010	0.293
944.990	-0.010	0.220
945.000	-0.010	0.220
945.010	-0.010	0.146
945.020	-0.010	0.073
945.030	0.000	0.073
945.040	0.000	0.073
945.050	0.000	0.073
945.060	0.010	0.073
945.070	0.010	0.000
945.080	0.010	0.000
945.090	0.020	0.000
945.100	0.020	-0.073
945.110	0.020	-0.146
945.120	0.040	-0.146
945.130	0.040	-0.220
945.140	0.040	-0.293
945.150	0.040	-0.293
945.160	0.040	-0.366
945.170	0.040	-0.439
945.180	0.040	-0.439
945.190	0.040	-0.513
945.200	0.040	-0.439
945.210	0.040	-0.439
945.220	0.040	-0.439
945.230	0.040	-0.439
945.240	0.030	-0.366
945.250	0.030	-0.439
945.260	0.030	-0.366
945.270	0.020	-0.366
945.280	0.020	-0.366
945.290	0.020	-0.293
945.300	0.030	-0.293
945.310	0.030	-0.293
945.320	0.030	-0.293
945.330	0.030	-0.293
945.340	0.030	-0.293
945.350	0.030	-0.293
945.360	0.030	-0.293
945.370	0.030	-0.220
945.380	0.030	-0.293
945.390	0.030	-0.293
945.400	0.030	-0.220
945.410	0.030	-0.293
945.420	0.030	-0.293
945.430	0.030	-0.293
945.440	0.030	-0.293
945.450	0.050	-0.293
945.460	0.050	-0.366
945.470	0.050	-0.366
945.480	0.050	-0.366
945.490	0.050	-0.439
945.500	0.050	-0.439
945.510	0.060	-0.513
945.520	0.060	-0.513
945.530	0.060	-0.513
945.540	0.070	-0.586
945.550	0.070	-0.659
945.560	0.070	-0.659
945.570	0.090	-0.732
945.580	0.090	-0.806
945.590	0.090	-0.806
945.600	0.100	-1.025
945.610	0.100	-1.025
945.620	0.100	-1.172
945.630	0.110	-1.318
945.640	0.110	-1.392
945.650	0.110	-1.392
945.660	0.120	-1.465
945.670	0.120	-1.465
945.680	0.120	-1.465
945.690	0.140	-1.538
945.700	0.140	-1.392
945.710	0.140	-1.392
945.720	0.160	-1.392
945.730	0.160	-1.318
945.740	0.160	-1.392
945.750	0.170	-1.392
945.760	0.170	-1.538
945.770	0.170	-1.758
945.780	0.200	-1.904
945.790	0.200	-1.978
945.800	0.200	-2.124
945.810	0.230	-2.271
945.820	0.230	-2.344
945.830	0.230	-2.490
945.840	0.250	-2.710
945.850	0.250	-3.003
945.860	0.250	-3.076
945.870	0.290	-3.076
945.880	0.290	-3.076
945.890	0.290	-3.149
945.900	0.320	-3.296
945.910	0.320	-3.442
945.920	0.320	-3.662
945.930	0.360	-3.809
945.940	0.360	-3.735
945.950	0.360	-3.662
945.960	0.390	-3.882
945.970	0.390	-4.175
945.980	0.390	-4.321
945.990	0.420	-4.395
946.000	0.420	-4.395
946.010	0.420	-4.541
946.020	0.450	-4.687
946.030	0.450	-4.761
946.040	0.450	-4.907
946.050	0.490	-5.200
946.060	0.490	-5.347
946.070	0.490	-5.273
946.080	0.520	-5.347
946.090	0.520	-5.493
946.100	0.520	-5.859
946.110	0.540	-5.859
946.120	0.540	-5.859
946.130	0.540	-6.152
946.140	0.570	-6.372
946.150	0.570	-6.226
946.160	0.570	-6.006
946.170	0.610	-6.372
946.180	0.610	-6.519
946.190	0.610	-6.665
946.200	0.640	-6.958
946.210	0.640	-7.031
946.220	0.640	-7.031
946.230	0.670	-7.031
946.240	0.670	-7.104
946.250	0.670	-7.251
946.260	0.690	-7.764
946.270	0.690	-7.617
946.280	0.690	-7.617
946.290	0.720	-7.837
946.300	0.720	-7.690
946.310	0.720	-7.837
946.320	0.760	-8.423
946.330	0.760	-8.276
946.340	0.760	-8.203
946.350	0.780	-8.569
946.360	0.780	-8.350
946.370	0.780	-8.789
946.380	0.810	-8.936
946.390	0.810	-8.789
946.400	0.810	-8.936
946.410	0.840	-9.009
946.420	0.840	-9.082
946.430	0.840	-9.229
946.440	0.860	-9.375
946.450	0.860	-9.375
946.460	0.860	-9.521
946.470	0.890	-9.668
946.480	0.890	-9.595
946.490	0.890	-9.888
946.500	0.920	-9.888
946.510	0.920	-10.107
946.520	0.920	-10.034
946.530	0.930	-10.107
946.540	0.930	-10.400
946.550	0.930	-10.327
946.560	0.960	-10.693
946.570	0.960	-10.181
946.580	0.960	-10.620
946.590	0.990	-10.620
946.600	0.990	-10.986
946.610	0.990	-10.840
946.620	1.010	-10.840
946.630	1.010	-11.060
946.640	1.010	-11.279
946.650	1.030	-11.279
946.660	1.030	-10.986
946.670	1.030	-11.499
946.680	1.030	-11.646
946.690	1.030	-11.646
946.700	1.030	-11.353
946.710	1.070	-11.572
946.720	1.070	-11.719
946.730	1.070	-11.719
946.740	1.060	-11.499
946.750	1.060	-11.646
946.760	1.060	-11.938
946.770	1.090	-11.938
946.780	1.090	-11.865
946.790	1.090	-12.231
946.800	1.080	-12.231
946.810	1.080	-12.012
946.820	1.080	-12.012
946.830	1.110	-12.012
946.840	1.110	-12.451
946.850	1.110	-12.085
946.860	1.100	-12.085
946.870	1.100	-12.231
946.880	1.100	-12.378
946.890	1.120	-12.305
946.900	1.120	-12.085
946.910	1.120	-12.378
946.920	1.110	-12.378
946.930	1.110	-12.451
946.940	1.110	-12.158
946.950	1.130	-12.671
946.960	1.130	-12.378
946.970	1.130	-12.451
946.980	1.110	-12.231
946.990	1.110	-12.744
947.000	1.110	-12.451
947.010	1.130	-12.524
947.020	1.130	-12.305
947.030	1.130	-12.598
947.040	1.100	-12.378
947.050	1.100	-12.158
947.060	1.100	-12.305
947.070	1.120	-12.524
947.080	1.120	-12.305
947.090	1.120	-12.085
947.100	1.090	-12.305
947.110	1.090	-12.231
947.120	1.090	-12.085
947.130	1.110	-11.938
947.140	1.110	-12.085
947.150	1.110	-12.012
947.160	1.070	-12.012
947.170	1.070	-11.792
947.180	1.070	-11.865
947.190	1.080	-11.865
947.200	1.080	-11.646
947.210	1.080	-11.865
947.220	1.040	-11.865
947.230	1.040	-11.792
947.240	1.040	-11.572
947.250	1.040	-11.572
947.260	1.040	-11.499
947.270	1.040	-11.206
947.280	1.010	-11.206
947.290	1.010	-11.206
947.300	1.010	-11.206
947.310	0.990	-11.206
947.320	0.990	-10.767
947.330	0.990	-10.840
947.340	0.960	-10.620
947.350	0.960	-10.620
947.360	0.960	-10.254
947.370	0.940	-10.254
947.380	0.940	-10.181
947.390	0.940	-10.547
947.400	0.900	-10.547
947.410	0.900	-10.034
947.420	0.900	-9.961
947.430	0.870	-9.961
947.440	0.870	-9.741
947.450	0.870	-9.888
947.460	0.850	-9.595
947.470	0.850	-9.448
947.480	0.850	-9.375
947.490	0.820	-9.302
947.500	0.820	-9.009
947.510	0.820	-9.155
947.520	0.780	-9.009
947.530	0.780	-8.789
947.540	0.780	-8.789
947.550	0.750	-8.350
947.560	0.750	-8.569
947.570	0.750	-8.569
947.580	0.710	-8.130
947.590	0.710	-8.130
947.600	0.710	-7.471
947.610	0.610	-7.471
947.620	0.610	-7.617
947.630	0.610	-7.324
947.640	0.620	-7.324
947.650	0.620	-7.031
947.660	0.620	-6.665
947.670	0.590	-6.665
947.680	0.590	-6.519
947.690	0.590	-6.226
947.700	0.520	-6.226
947.710	0.520	-6.226
947.720	0.520	-5.420
947.730	0.480	-5.420
947.740	0.480	-5.200
947.750	0.480	-5.200
947.760	0.420	-5.054
947.770	0.420	-4.761
947.780	0.420	-4.687
947.790	0.390	-4.395
947.800	0.390	-4.028
947.810	0.390	-3.882
947.820	0.310	-3.955
947.830	0.310	-3.882
947.840	0.310	-3.735
947.850	0.290	-3.516
947.860	0.290	-3.149
947.870	0.290	-2.930
947.880	0.190	-2.710
947.890	0.190	-2.563
947.900	0.190	-2.344
947.910	0.160	-1.978
947.920	0.160	-1.538
947.930	0.160	-1.318
947.940	0.080	-1.172
947.950	0.080	-0.952
947.960	0.080	-0.806
947.970	0.050	-0.659
947.980	0.050	-0.439
947.990	0.050	-0.220
948.000	-0.050	-0.073
948.010	-0.050	0.146
948.020	-0.050	0.293
948.030	-0.090	0.586
948.040	-0.090	0.806
948.050	-0.090	0.952
948.060	-0.170	1.172
948.070	-0.170	1.465
948.080	-0.170	1.758
948.090	-0.230	2.124
948.100	-0.230	2.417
948.110	-0.230	2.637
948.120	-0.280	2.856
948.130	-0.280	3.003
948.140	-0.280	3.296
948.150	-0.330	3.735
948.160	-0.330	3.882
948.170	-0.330	3.955
948.180	-0.410	3.955
948.190	-0.410	4.028
948.200	-0.410	4.468
948.210	-0.450	4.687
948.220	-0.450	4.907
948.230	-0.450	5.200
948.240	-0.530	5.493
948.250	-0.530	5.420
948.260	-0.530	5.640
948.270	-0.600	6.372
948.280	-0.600	6.665
948.290	-0.600	6.885
948.300	-0.670	7.031
948.310	-0.670	7.104
948.320	-0.670	7.324
948.330	-0.720	7.764
948.340	-0.720	7.837
948.350	-0.720	8.276
948.360	-0.790	8.643
948.370	-0.790	8.350
948.380	-0.790	9.009
948.390	-0.850	9.229
948.400	-0.850	9.375
948.410	-0.850	9.595
948.420	-0.930	10.107
948.430	-0.930	10.107
948.440	-0.930	10.474
948.450	-0.990	10.547
948.460	-0.990	10.840
948.470	-0.990	11.279
948.480	-1.050	11.353
948.490	-1.050	11.353
948.500	-1.050	11.719
948.510	-1.110	12.085
948.520	-1.110	12.231
948.530	-1.110	12.305
948.540	-1.180	12.671
948.550	-1.180	13.110
948.560	-1.180	13.037
948.570	-1.250	13.550
948.580	-1.250	13.477
948.590	-1.250	13.989
948.600	-1.320	14.282
948.610	-1.320	14.502
948.620	-1.320	15.161
948.630	-1.400	15.161
948.640	-1.400	15.234
948.650	-1.400	16.040
948.660	-1.450	16.040
948.670	-1.450	15.967
948.680	-1.450	16.040
948.690	-1.500	16.553
948.700	-1.500	16.479
948.710	-1.500	16.772
948.720	-1.560	17.065
948.730	-1.560	16.992
948.740	-1.560	17.358
948.750	-1.600	17.798
948.760	-1.600	17.505
948.770	-1.600	17.798
948.780	-1.650	18.237
948.790	-1.650	18.237
948.800	-1.650	18.530
948.810	-1.690	18.677
948.820	-1.690	18.823
948.830	-1.690	18.970
948.840	-1.740	19.116
948.850	-1.740	19.189
948.860	-1.740	19.629
948.870	-1.780	19.775
948.880	-1.780	19.775
948.890	-1.780	19.922
948.900	-1.830	19.922
948.910	-1.830	20.288
948.920	-1.830	20.361
948.930	-1.870	20.874
948.940	-1.870	20.801
948.950	-1.870	21.167
948.960	-1.920	21.167
948.970	-1.920	21.167
948.980	-1.920	21.606
948.990	-1.970	21.826
949.000	-1.970	22.119
949.010	-1.970	21.899
949.020	-2.000	22.266
949.030	-2.000	21.973
949.040	-2.000	22.412
949.050	-2.030	22.266
949.060	-2.030	22.559
949.070	-2.030	22.559
949.080	-2.070	22.925
949.090	-2.070	22.632
949.100	-2.070	22.925
949.110	-2.100	23.145
949.120	-2.100	23.511
949.130	-2.100	23.584
949.140	-2.140	23.730
949.150	-2.140	23.804
949.160	-2.140	23.950
949.170	-2.160	24.316
949.180	-2.160	24.097
949.190	-2.160	24.536
949.200	-2.190	24.390
949.210	-2.190	24.609
949.220	-2.190	24.243
949.230	-2.220	24.829
949.240	-2.220	24.463
949.250	-2.220	24.829
949.260	-2.230	24.609
949.270	-2.230	24.756
949.280	-2.230	24.683
949.290	-2.250	25.122
949.300	-2.250	25.122
949.310	-2.250	25.342
949.320	-2.280	25.488
949.330	-2.280	25.269
949.340	-2.280	25.635
949.350	-2.290	25.488
949.360	-2.290	25.708
949.370	-2.290	25.488
949.380	-2.300	26.074
949.390	-2.300	25.488
949.400	-2.300	25.928
949.410	-2.320	25.781
949.420	-2.320	25.928
949.430	-2.320	25.854
949.440	-2.320	25.854
949.450	-2.320	26.001
949.460	-2.320	25.854
949.470	-2.330	26.221
949.480	-2.330	25.781
949.490	-2.330	26.367
949.500	-2.340	26.001
949.510	-2.340	26.001
949.520	-2.340	26.147
949.530	-2.330	26.001
949.540	-2.330	26.074
949.550	-2.330	25.928
949.560	-2.340	26.440
949.570	-2.340	26.074
949.580	-2.340	26.001
949.590	-2.340	26.001
949.600	-2.340	26.074
949.610	-2.340	25.781
949.620	-2.330	25.781
949.630	-2.330	25.854
949.640	-2.330	26.001
949.650	-2.330	26.001
949.660	-2.330	25.488
949.670	-2.330	25.635
949.680	-2.300	25.635
949.690	-2.300	25.708
949.700	-2.300	25.708
949.710	-2.300	25.708
949.720	-2.300	25.854
949.730	-2.300	25.781
949.740	-2.290	25.781
949.750	-2.290	25.488
949.760	-2.290	25.269
949.770	-2.270	25.269
949.780	-2.270	25.635
949.790	-2.270	25.269
949.800	-2.260	25.269
949.810	-2.260	25.269
949.820	-2.260	25.195
949.830	-2.230	25.195
949.840	-2.230	24.976
949.850	-2.230	24.902
949.860	-2.220	24.902
949.870	-2.220	24.829
949.880	-2.220	24.609
949.890	-2.180	24.609
949.900	-2.180	24.390
949.910	-2.180	24.097
949.920	-2.170	24.097
949.930	-2.170	24.170
949.940	-2.170	23.877
949.950	-2.140	23.877
949.960	-2.140	23.730
949.970	-2.140	23.584
949.980	-2.110	23.584
949.990	-2.110	23.511
950.000	-2.110	23.437
950.010	-2.090	23.437
950.020	-2.090	23.364
950.030	-2.090	23.145
950.040	-2.050	23.145
950.050	-2.050	23.145
950.060	-2.050	22.778
950.070	-2.030	22.778
950.080	-2.030	22.852
950.090	-2.030	22.632
950.100	-1.990	22.632
950.110	-1.990	22.266
950.120	-1.990	21.899
950.130	-1.970	21.899
950.140	-1.970	21.973
950.150	-1.970	21.606
950.160	-1.930	21.606
950.170	-1.930	21.460
950.180	-1.930	21.313
950.190	-1.890	21.313
950.200	-1.890	21.094
950.210	-1.890	20.874
950.220	-1.870	20.874
950.230	-1.870	21.021
950.240	-1.870	20.728
950.250	-1.820	20.728
950.260	-1.820	20.508
950.270	-1.820	20.142
950.280	-1.790	20.142
950.290	-1.790	19.849
950.300	-1.790	19.556
950.310	-1.750	19.556
950.320	-1.750	19.775
950.330	-1.750	19.189
950.340	-1.700	19.189
950.350	-1.700	19.043
950.360	-1.700	18.970
950.370	-1.660	18.970
950.380	-1.660	18.750
950.390	-1.660	18.530
950.400	-1.620	18.530
950.410	-1.620	18.384
950.420	-1.620	17.871
950.430	-1.570	17.798
950.440	-1.570	17.944
950.450	-1.570	17.651
950.460	-1.540	17.358
950.470	-1.540	16.992
950.480	-1.540	16.992
950.490	-1.490	17.065
950.500	-1.490	16.479
950.510	-1.490	16.479
950.520	-1.440	16.479
950.530	-1.440	16.040
950.540	-1.440	16.113
950.550	-1.390	15.894
950.560	-1.390	15.601
950.570	-1.390	15.601
950.580	-1.340	15.234
950.590	-1.340	15.088
950.600	-1.340	15.088
950.610	-1.300	14.722
950.620	-1.300	14.722
950.630	-1.300	14.355
950.640	-1.250	14.282
950.650	-1.250	13.989
950.660	-1.250	13.989
950.670	-1.200	13.696
950.680	-1.200	13.623
950.690	-1.200	13.550
950.700	-1.150	13.110
950.710	-1.150	13.110
950.720	-1.150	12.671
950.730	-1.100	12.964
950.740	-1.100	12.231
950.750	-1.100	12.451
950.760	-1.040	12.231
950.770	-1.040	12.085
950.780	-1.040	11.646
950.790	-0.990	11.353
950.800	-0.990	11.499
950.810	-0.990	11.060
950.820	-0.940	11.060
950.830	-0.940	10.547
950.840	-0.940	10.840
950.850	-0.890	10.254
950.860	-0.890	10.181
950.870	-0.890	9.668
950.880	-0.830	9.668
950.890	-0.830	9.595
950.900	-0.830	9.082
950.910	-0.780	9.082
950.920	-0.780	8.936
950.930	-0.780	8.203
950.940	-0.720	8.203
950.950	-0.720	8.423
950.960	-0.720	7.837
950.970	-0.670	7.837
950.980	-0.670	7.910
950.990	-0.670	7.178
951.000	-0.610	7.178
951.010	-0.610	6.958
951.020	-0.610	6.738
951.030	-0.540	6.738
951.040	-0.540	6.592
951.050	-0.540	6.006
951.060	-0.500	6.006
951.070	-0.500	5.933
951.080	-0.500	5.273
951.090	-0.460	5.273
951.100	-0.460	5.347
951.110	-0.460	5.200
951.120	-0.430	5.200
951.130	-0.430	5.054
951.140	-0.430	4.834
951.150	-0.390	4.834
951.160	-0.390	4.687
951.170	-0.390	4.468
951.180	-0.360	4.468
951.190	-0.360	4.175
951.200	-0.360	3.809
951.210	-0.330	3.809
951.220	-0.330	3.589
951.230	-0.330	3.589
951.240	-0.290	3.589
951.250	-0.290	3.516
951.260	-0.290	3.003
951.270	-0.250	3.003
951.280	-0.250	2.930
951.290	-0.250	2.710
951.300	-0.200	2.710
951.310	-0.200	2.563
951.320	-0.200	2.197
951.330	-0.160	2.197
951.340	-0.160	1.978
951.350	-0.160	1.831
951.360	-0.130	1.831
951.370	-0.130	1.758
951.380	-0.130	1.538
951.390	-0.090	1.538
951.400	-0.090	1.318
951.410	-0.090	1.099
951.420	-0.060	1.099
951.430	-0.060	0.879
951.440	-0.060	0.513
951.450	-0.030	0.513
951.460	-0.030	0.439
951.470	-0.030	0.293
951.480	0.010	0.220
951.490	0.010	0.146
951.500	0.010	0.073
951.510	0.050	-0.073
951.520	0.050	-0.146
951.530	0.050	-0.220
951.540	0.070	-0.366
951.550	0.070	-0.439
951.560	0.070	-0.513
951.570	0.090	-0.732
951.580	0.090	-0.879
951.590	0.090	-1.025
951.600	0.120	-1.172
951.610	0.120	-1.245
951.620	0.120	-1.392
951.630	0.150	-1.465
951.640	0.150	-1.538
951.650	0.150	-1.611
951.660	0.170	-1.685
951.670	0.170	-1.685
951.680	0.170	-1.685
951.690	0.180	-1.758
951.700	0.180	-1.904
951.710	0.180	-2.051
951.720	0.210	-2.197
951.730	0.210	-2.271
951.740	0.210	-2.271
951.750	0.240	-2.344
951.760	0.240	-2.417
951.770	0.240	-2.417
951.780	0.240	-2.490
951.790	0.240	-2.637
951.800	0.240	-2.637
951.810	0.260	-2.637
951.820	0.260	-2.637
951.830	0.260	-2.710
951.840	0.280	-2.710
951.850	0.280	-2.783
951.860	0.280	-2.930
951.870	0.280	-3.149
951.880	0.280	-3.296
951.890	0.280	-3.223
951.900	0.290	-3.149
951.910	0.290	-3.149
951.920	0.290	-3.076
951.930	0.290	-3.076
951.940	0.290	-3.223
951.950	0.290	-3.296
951.960	0.290	-3.149
951.970	0.290	-3.149
951.980	0.290	-3.003
951.990	0.310	-3.003
952.000	0.310	-3.076
952.010	0.310	-3.369
952.020	0.300	-3.369
952.030	0.300	-3.442
952.040	0.300	-3.369
952.050	0.300	-3.296
952.060	0.300	-3.149
952.070	0.300	-3.149
952.080	0.310	-3.149
952.090	0.310	-3.369
952.100	0.310	-3.369
952.110	0.300	-3.369
952.120	0.300	-3.149
952.130	0.300	-3.149
952.140	0.320	-3.149
952.150	0.320	-3.223
952.160	0.320	-3.589
952.170	0.310	-3.589
952.180	0.310	-3.589
952.190	0.310	-3.369
952.200	0.310	-3.369
952.210	0.310	-3.369
952.220	0.310	-3.442
952.230	0.310	-3.442
952.240	0.310	-3.516
952.250	0.310	-3.149
952.260	0.290	-3.149
952.270	0.290	-3.076
952.280	0.290	-3.003
952.290	0.290	-3.003
952.300	0.290	-3.076
952.310	0.290	-3.149
952.320	0.250	-3.076
952.330	0.250	-2.930
952.340	0.250	-2.783
952.350	0.250	-2.783
952.360	0.250	-2.637
952.370	0.250	-2.563
952.380	0.210	-2.490
952.390	0.210	-2.417
952.400	0.210	-2.271
952.410	0.200	-2.124
952.420	0.200	-2.051
952.430	0.200	-2.051
952.440	0.180	-1.978
952.450	0.180	-1.904
952.460	0.180	-1.831
952.470	0.140	-1.758
952.480	0.140	-1.758
952.490	0.140	-1.611
952.500	0.130	-1.465
952.510	0.130	-1.318
952.520	0.130	-1.172
952.530	0.090	-1.099
952.540	0.090	-0.879
952.550	0.090	-0.879
952.560	0.070	-0.879
952.570	0.070	-0.806
952.580	0.070	-0.659
952.590	0.050	-0.586
952.600	0.050	-0.513
952.610	0.050	-0.439
952.620	0.010	-0.366
952.630	0.010	-0.220
952.640	0.010	-0.073
952.650	-0.010	0.073
952.660	-0.010	0.220
952.670	-0.010	0.220
952.680	-0.060	0.366
952.690	-0.060	0.439
952.700	-0.060	0.513
952.710	-0.080	0.659
952.720	-0.080	0.806
952.730	-0.080	0.952
952.740	-0.120	1.025
952.750	-0.120	1.172
952.760	-0.120	1.538
952.770	-0.160	1.538
952.780	-0.160	1.685
952.790	-0.160	1.978
952.800	-0.190	1.978
952.810	-0.190	2.051
952.820	-0.190	2.197
952.830	-0.230	2.197
952.840	-0.230	2.344
952.850	-0.230	2.783
952.860	-0.280	2.783
952.870	-0.280	2.930
952.880	-0.280	3.076
952.890	-0.310	3.076
952.900	-0.310	3.223
952.910	-0.310	3.809
952.920	-0.360	3.809
952.930	-0.360	4.028
952.940	-0.360	4.175
952.950	-0.410	4.175
952.960	-0.410	4.175
952.970	-0.410	4.687
952.980	-0.440	4.687
952.990	-0.440	4.834
953.000	-0.440	5.273
953.010	-0.470	5.273
953.020	-0.470	5.273
953.030	-0.470	5.420
953.040	-0.520	5.420
953.050	-0.520	5.859
953.060	-0.520	5.786
953.070	-0.570	5.786
953.080	-0.570	6.079
953.090	-0.570	6.445
953.100	-0.620	6.445
953.110	-0.620	6.519
953.120	-0.620	7.104
953.130	-0.660	7.104
953.140	-0.660	7.471
953.150	-0.660	7.471
953.160	-0.710	7.471
953.170	-0.710	7.983
953.180	-0.710	8.130
953.190	-0.770	8.130
953.200	-0.770	8.643
953.210	-0.770	8.716
953.220	-0.830	8.716
953.230	-0.830	9.082
953.240	-0.830	9.375
953.250	-0.880	9.375
953.260	-0.880	9.595
953.270	-0.880	9.961
953.280	-0.940	9.961
953.290	-0.940	10.400
953.300	-0.940	10.913
953.310	-1.000	10.913
953.320	-1.000	10.913
953.330	-1.000	11.206
953.340	-1.060	11.206
953.350	-1.060	11.646
953.360	-1.060	11.938
953.370	-1.120	11.938
953.380	-1.120	12.231
953.390	-1.120	12.964
953.400	-1.180	12.964
953.410	-1.180	12.744
953.420	-1.180	13.330
953.430	-1.250	13.330
953.440	-1.250	13.696
953.450	-1.250	14.282
953.460	-1.320	14.282
953.470	-1.320	14.282
953.480	-1.320	14.722
953.490	-1.360	14.722
953.500	-1.360	14.795
953.510	-1.360	15.381
953.520	-1.400	15.308
953.530	-1.400	15.454
953.540	-1.400	15.820
953.550	-1.450	15.747
953.560	-1.450	15.820
953.570	-1.450	16.333
953.580	-1.500	16.406
953.590	-1.500	16.333
953.600	-1.500	16.699
953.610	-1.550	16.772
953.620	-1.550	17.065
953.630	-1.550	17.285
953.640	-1.600	17.139
953.650	-1.600	17.432
953.660	-1.600	17.871
953.670	-1.640	17.871
953.680	-1.640	17.944
953.690	-1.640	18.311
953.700	-1.690	18.530
953.710	-1.690	18.604
953.720	-1.690	18.896
953.730	-1.740	19.263
953.740	-1.740	19.263
953.750	-1.740	19.409
953.760	-1.800	19.482
953.770	-1.800	19.849
953.780	-1.800	20.068
953.790	-1.840	20.508
953.800	-1.840	20.435
953.810	-1.840	20.654
953.820	-1.890	20.728
953.830	-1.890	20.435
953.840	-1.890	21.167
953.850	-1.930	21.533
953.860	-1.930	21.533
953.870	-1.930	21.313
953.880	-1.980	21.753
953.890	-1.980	21.680
953.900	-1.980	22.119
953.910	-2.030	22.119
953.920	-2.030	22.266
953.930	-2.030	22.852
953.940	-2.070	22.852
953.950	-2.070	22.998
953.960	-2.070	23.071
953.970	-2.130	23.364
953.980	-2.130	23.437
953.990	-2.130	23.584
954.000	-2.160	23.730
954.010	-2.160	23.877
954.020	-2.160	24.243
954.030	-2.190	24.316
954.040	-2.190	24.609
954.050	-2.190	24.756
954.060	-2.250	25.049
954.070	-2.250	25.195
954.080	-2.250	25.122
954.090	-2.290	25.488
954.100	-2.290	25.269
954.110	-2.290	25.635
954.120	-2.310	25.562
954.130	-2.310	26.074
954.140	-2.310	26.001
954.150	-2.370	26.147
954.160	-2.370	26.147
954.170	-2.370	26.221
954.180	-2.400	26.514
954.190	-2.400	26.367
954.200	-2.400	26.953
954.210	-2.400	27.026
954.220	-2.400	27.026
954.230	-2.400	27.026
954.240	-2.460	26.953
954.250	-2.460	27.246
954.260	-2.460	27.246
954.270	-2.470	27.612
954.280	-2.470	27.539
954.290	-2.470	27.686
954.300	-2.490	27.759
954.310	-2.490	27.832
954.320	-2.490	28.052
954.330	-2.540	28.125
954.340	-2.540	28.125
954.350	-2.540	28.125
954.360	-2.530	28.345
954.370	-2.530	28.198
954.380	-2.530	28.345
954.390	-2.550	28.418
954.400	-2.550	28.491
954.410	-2.550	28.564
954.420	-2.560	28.491
954.430	-2.560	28.491
954.440	-2.560	28.638
954.450	-2.580	28.857
954.460	-2.580	28.784
954.470	-2.580	28.711
954.480	-2.590	29.004
954.490	-2.590	29.150
954.500	-2.590	28.931
954.510	-2.590	28.931
954.520	-2.590	28.857
954.530	-2.590	29.150
954.540	-2.600	29.370
954.550	-2.600	28.857
954.560	-2.600	29.004
954.570	-2.590	29.150
954.580	-2.590	28.931
954.590	-2.590	29.004
954.600	-2.600	28.857
954.610	-2.600	29.004
954.620	-2.600	29.297
954.630	-2.580	28.784
954.640	-2.580	28.711
954.650	-2.580	28.857
954.660	-2.590	29.077
954.670	-2.590	29.004
954.680	-2.590	28.711
954.690	-2.570	28.857
954.700	-2.570	28.711
954.710	-2.570	28.784
954.720	-2.570	28.711
954.730	-2.570	28.491
954.740	-2.570	28.564
954.750	-2.540	28.638
954.760	-2.540	28.345
954.770	-2.540	28.345
954.780	-2.540	28.271
954.790	-2.540	28.198
954.800	-2.540	28.345
954.810	-2.510	28.198
954.820	-2.510	27.979
954.830	-2.510	28.125
954.840	-2.510	28.052
954.850	-2.510	27.979
954.860	-2.510	27.905
954.870	-2.460	27.759
954.880	-2.460	27.832
954.890	-2.460	27.612
954.900	-2.460	27.319
954.910	-2.460	27.173
954.920	-2.460	27.246
954.930	-2.410	27.393
954.940	-2.410	27.100
954.950	-2.410	26.880
954.960	-2.400	26.880
954.970	-2.400	26.587
954.980	-2.400	26.660
954.990	-2.350	26.440
955.000	-2.350	26.733
955.010	-2.350	26.440
955.020	-2.340	26.294
955.030	-2.340	26.001
955.040	-2.340	25.928
955.050	-2.290	25.928
955.060	-2.290	25.415
955.070	-2.290	25.708
955.080	-2.280	25.415
955.090	-2.280	25.415
955.100	-2.280	24.902
955.110	-2.220	25.122
955.120	-2.220	24.683
955.130	-2.220	24.756
955.140	-2.200	24.756
955.150	-2.200	24.683
955.160	-2.200	24.609
955.170	-2.150	24.390
955.180	-2.150	24.316
955.190	-2.150	24.243
955.200	-2.130	24.097
955.210	-2.130	23.730
955.220	-2.130	23.730
955.230	-2.080	23.657
955.240	-2.080	23.145
955.250	-2.080	23.071
955.260	-2.050	23.071
955.270	-2.050	22.925
955.280	-2.050	22.559
955.290	-2.010	22.412
955.300	-2.010	22.339
955.310	-2.010	22.339
955.320	-1.950	22.266
955.330	-1.950	21.899
955.340	-1.950	22.046
955.350	-1.910	21.826
955.360	-1.910	21.680
955.370	-1.910	21.167
955.380	-1.860	21.313
955.390	-1.860	20.874
955.400	-1.860	21.021
955.410	-1.830	20.728
955.420	-1.830	20.654
955.430	-1.830	20.435
955.440	-1.790	20.068
955.450	-1.790	19.922
955.460	-1.790	19.629
955.470	-1.740	19.922
955.480	-1.740	19.629
955.490	-1.740	19.336
955.500	-1.700	19.189
955.510	-1.700	18.896
955.520	-1.700	18.750
955.530	-1.640	18.604
955.540	-1.640	18.384
955.550	-1.640	18.311
955.560	-1.590	18.311
955.570	-1.590	17.798
955.580	-1.590	17.651
955.590	-1.540	17.725
955.600	-1.540	17.432
955.610	-1.540	17.212
955.620	-1.510	16.992
955.630	-1.510	16.846
955.640	-1.510	16.772
955.650	-1.420	16.333
955.660	-1.420	16.260
955.670	-1.420	16.113
955.680	-1.410	15.967
955.690	-1.410	15.820
955.700	-1.410	15.454
955.710	-1.370	15.454
955.720	-1.370	15.161
955.730	-1.370	15.015
955.740	-1.260	15.088
955.750	-1.260	14.575
955.760	-1.260	14.429
955.770	-1.180	14.282
955.780	-1.180	13.989
955.790	-1.180	13.916
955.800	-1.210	13.843
955.810	-1.210	13.623
955.820	-1.210	13.184
955.830	-1.120	13.110
955.840	-1.120	12.598
955.850	-1.120	12.891
955.860	-1.070	12.305
955.870	-1.070	12.378
955.880	-1.070	12.158
955.890	-1.040	11.938
955.900	-1.040	11.426
955.910	-1.040	11.279
955.920	-0.960	11.426
955.930	-0.960	10.913
955.940	-0.960	10.986
955.950	-0.920	10.474
955.960	-0.920	10.620
955.970	-0.920	10.181
955.980	-0.870	10.181
955.990	-0.870	9.741
956.000	-0.870	9.668
956.010	-0.800	9.521
956.020	-0.800	9.229
956.030	-0.800	9.009
956.040	-0.750	8.862
956.050	-0.750	8.716
956.060	-0.750	8.203
956.070	-0.700	8.203
956.080	-0.700	7.983
956.090	-0.700	7.764
956.100	-0.630	7.764
956.110	-0.630	7.471
956.120	-0.630	7.178
956.130	-0.600	7.104
956.140	-0.600	6.958
956.150	-0.600	6.958
956.160	-0.570	6.738
956.170	-0.570	6.445
956.180	-0.570	6.299
956.190	-0.520	6.299
956.200	-0.520	6.006
956.210	-0.520	5.713
956.220	-0.480	5.859
956.230	-0.480	5.933
956.240	-0.480	5.566
956.250	-0.450	5.273
956.260	-0.450	5.273
956.270	-0.450	5.054
956.280	-0.410	5.054
956.290	-0.410	4.834
956.300	-0.410	4.614
956.310	-0.380	4.614
956.320	-0.380	4.321
956.330	-0.380	4.248
956.340	-0.360	4.248
956.350	-0.360	4.175
956.360	-0.360	3.735
956.370	-0.330	3.735
956.380	-0.330	3.662
956.390	-0.330	3.809
956.400	-0.300	3.809
956.410	-0.300	3.735
956.420	-0.300	3.589
956.430	-0.260	3.223
956.440	-0.260	3.003
956.450	-0.260	2.856
956.460	-0.230	2.856
956.470	-0.230	2.856
956.480	-0.230	2.856
956.490	-0.210	2.783
956.500	-0.210	2.563
956.510	-0.210	2.417
956.520	-0.170	2.417
956.530	-0.170	2.271
956.540	-0.170	2.197
956.550	-0.150	2.124
956.560	-0.150	1.978
956.570	-0.150	1.831
956.580	-0.110	1.538
956.590	-0.110	1.318
956.600	-0.110	1.172
956.610	-0.080	1.099
956.620	-0.080	0.952
956.630	-0.080	0.952
956.640	-0.050	0.879
956.650	-0.050	0.732
956.660	-0.050	0.732
956.670	-0.030	0.586
956.680	-0.030	0.513
956.690	-0.030	0.439
956.700	0.000	0.366
956.710	0.000	0.293
956.720	0.000	0.146
956.730	0.030	0.000
956.740	0.030	-0.146
956.750	0.030	-0.146
956.760	0.060	-0.293
956.770	0.060	-0.439
956.780	0.060	-0.513
956.790	0.070	-0.586
956.800	0.070	-0.659
956.810	0.070	-0.732
956.820	0.100	-0.806
956.830	0.100	-0.806
956.840	0.100	-0.879
956.850	0.120	-0.952
956.860	0.120	-1.025
956.870	0.120	-0.952
956.880	0.120	-1.099
956.890	0.120	-1.172
956.900	0.120	-1.318
956.910	0.130	-1.465
956.920	0.130	-1.538
956.930	0.130	-1.611
956.940	0.150	-1.685
956.950	0.150	-1.758
956.960	0.150	-1.758
956.970	0.150	-1.758
956.980	0.150	-1.685
956.990	0.150	-1.685
957.000	0.150	-1.611
957.010	0.150	-1.538
957.020	0.150	-1.392
957.030	0.160	-1.465
957.040	0.160	-1.392
957.050	0.160	-1.465
957.060	0.140	-1.465
957.070	0.140	-1.538
957.080	0.140	-1.611
957.090	0.140	-1.611
957.100	0.140	-1.538
957.110	0.140	-1.538
957.120	0.130	-1.538
957.130	0.130	-1.465
957.140	0.130	-1.318
957.150	0.110	-1.318
957.160	0.110	-1.172
957.170	0.110	-1.025
957.180	0.110	-1.025
957.190	0.110	-0.952
957.200	0.110	-0.952
957.210	0.090	-0.879
957.220	0.090	-0.806
957.230	0.090	-0.806
957.240	0.060	-0.732
957.250	0.060	-0.732
957.260	0.060	-0.659
957.270	0.050	-0.586
957.280	0.050	-0.513
957.290	0.050	-0.439
957.300	0.020	-0.366
957.310	0.020	-0.293
957.320	0.020	-0.293
957.330	0.000	-0.146
957.340	0.000	-0.146
957.350	0.000	0.000
957.360	-0.020	0.073
957.370	-0.020	0.220
957.380	-0.020	0.293
957.390	-0.050	0.366
957.400	-0.050	0.439
957.410	-0.050	0.513
957.420	-0.070	0.659
957.430	-0.070	0.732
957.440	-0.070	0.879
957.450	-0.110	0.879
957.460	-0.110	0.952
957.470	-0.110	1.025
957.480	-0.130	1.099
957.490	-0.130	1.245
957.500	-0.130	1.392
957.510	-0.150	1.611
957.520	-0.150	1.685
957.530	-0.150	1.831
957.540	-0.190	1.904
957.550	-0.190	2.051
957.560	-0.190	2.051
957.570	-0.200	2.124
957.580	-0.200	2.197
957.590	-0.200	2.344
957.600	-0.230	2.563
957.610	-0.230	2.710
957.620	-0.230	2.783
957.630	-0.260	2.856
957.640	-0.260	2.856
957.650	-0.260	2.930
957.660	-0.280	3.076
957.670	-0.280	3.296
957.680	-0.280	3.516
957.690	-0.320	3.516
957.700	-0.320	3.369
957.710	-0.320	3.296
957.720	-0.340	3.442
957.730	-0.340	3.589
957.740	-0.340	4.028
957.750	-0.360	4.028
957.760	-0.360	4.102
957.770	-0.360	4.248
957.780	-0.410	4.468
957.790	-0.410	4.614
957.800	-0.410	4.761
957.810	-0.450	4.761
957.820	-0.450	4.907
957.830	-0.450	5.200
957.840	-0.480	5.200
957.850	-0.480	5.273
957.860	-0.480	5.493
957.870	-0.530	5.786
957.880	-0.530	5.713
957.890	-0.530	5.640
957.900	-0.560	5.859
957.910	-0.560	6.299
957.920	-0.560	6.299
957.930	-0.590	6.226
957.940	-0.590	6.445
957.950	-0.590	6.592
957.960	-0.630	6.665
957.970	-0.630	6.958
957.980	-0.630	7.178
957.990	-0.680	7.471
958.000	-0.680	7.764
958.010	-0.680	7.544
958.020	-0.740	7.690
958.030	-0.740	8.130
958.040	-0.740	8.130
958.050	-0.790	8.496
958.060	-0.790	8.643
958.070	-0.790	8.496
958.080	-0.830	9.009
958.090	-0.830	9.082
958.100	-0.830	9.302
958.110	-0.880	9.448
958.120	-0.880	9.814
958.130	-0.880	9.888
958.140	-0.950	10.254
958.150	-0.950	10.254
958.160	-0.950	10.547
958.170	-1.010	10.986
958.180	-1.010	10.986
958.190	-1.010	11.133
958.200	-1.070	11.353
958.210	-1.070	11.719
958.220	-1.070	12.012
958.230	-1.130	11.938
958.240	-1.130	12.378
958.250	-1.130	12.598
958.260	-1.190	12.891
958.270	-1.190	12.964
958.280	-1.190	13.110
958.290	-1.250	13.696
958.300	-1.250	13.623
958.310	-1.250	14.136
958.320	-1.310	14.355
958.330	-1.310	14.502
958.340	-1.310	14.648
958.350	-1.380	15.015
958.360	-1.380	15.015
958.370	-1.380	15.454
958.380	-1.450	15.820
958.390	-1.450	15.820
958.400	-1.450	16.113
958.410	-1.500	16.113
958.420	-1.500	16.406
958.430	-1.500	16.919
958.440	-1.560	16.699
958.450	-1.560	17.065
958.460	-1.560	17.505
958.470	-1.600	17.505
958.480	-1.600	17.578
958.490	-1.600	17.651
958.500	-1.650	18.164
958.510	-1.650	18.384
958.520	-1.650	18.457
958.530	-1.700	18.604
958.540	-1.700	18.750
958.550	-1.700	18.896
958.560	-1.740	19.043
958.570	-1.740	19.336
958.580	-1.740	19.556
958.590	-1.790	19.775
958.600	-1.790	19.702
958.610	-1.790	19.702
958.620	-1.830	20.068
958.630	-1.830	20.068
958.640	-1.830	20.654
958.650	-1.880	20.728
958.660	-1.880	21.021
958.670	-1.880	21.021
958.680	-1.930	21.240
958.690	-1.930	21.460
958.700	-1.930	21.606
958.710	-1.980	22.119
958.720	-1.980	21.899
958.730	-1.980	22.339
958.740	-2.030	22.339
958.750	-2.030	22.559
958.760	-2.030	22.339
958.770	-2.070	22.778
958.780	-2.070	22.705
958.790	-2.070	23.145
958.800	-2.110	23.291
958.810	-2.110	23.291
958.820	-2.110	23.511
958.830	-2.150	23.804
958.840	-2.150	23.877
958.850	-2.150	23.950
958.860	-2.190	24.463
958.870	-2.190	24.243
958.880	-2.190	24.609
958.890	-2.230	24.463
958.900	-2.230	24.756
958.910	-2.230	24.683
958.920	-2.260	25.122
958.930	-2.260	24.756
958.940	-2.260	25.415
958.950	-2.300	25.488
958.960	-2.300	25.562
958.970	-2.300	25.854
958.980	-2.340	25.781
958.990	-2.340	26.074
959.000	-2.340	25.928
959.010	-2.380	26.587
959.020	-2.380	26.294
959.030	-2.380	26.807
959.040	-2.400	26.660
959.050	-2.400	26.660
959.060	-2.400	26.733
959.070	-2.430	26.733
959.080	-2.430	27.246
959.090	-2.430	27.246
959.100	-2.470	27.539
959.110	-2.470	27.246
959.120	-2.470	27.319
959.130	-2.480	27.686
959.140	-2.480	27.612
959.150	-2.480	27.832
959.160	-2.500	27.979
959.170	-2.500	27.905
959.180	-2.500	28.052
959.190	-2.530	28.198
959.200	-2.530	28.125
959.210	-2.530	28.345
959.220	-2.550	28.491
959.230	-2.550	28.418
959.240	-2.550	28.491
959.250	-2.560	28.418
959.260	-2.560	28.418
959.270	-2.560	28.711
959.280	-2.580	28.711
959.290	-2.580	28.638
959.300	-2.580	28.638
959.310	-2.590	28.931
959.320	-2.590	29.077
959.330	-2.590	28.784
959.340	-2.600	29.004
959.350	-2.600	28.931
959.360	-2.600	29.224
959.370	-2.600	29.370
959.380	-2.600	28.784
959.390	-2.600	29.077
959.400	-2.630	29.370
959.410	-2.630	29.004
959.420	-2.630	28.931
959.430	-2.610	28.931
959.440	-2.610	29.077
959.450	-2.610	28.857
959.460	-2.630	28.857
959.470	-2.630	28.931
959.480	-2.630	29.150
959.490	-2.610	29.150
959.500	-2.610	29.077
959.510	-2.610	29.297
959.520	-2.630	29.297
959.530	-2.630	29.590
959.540	-2.630	29.077
959.550	-2.610	29.077
959.560	-2.610	29.297
959.570	-2.610	29.077
959.580	-2.610	29.077
959.590	-2.610	28.857
959.600	-2.610	29.150
959.610	-2.600	29.150
959.620	-2.600	28.857
959.630	-2.600	28.857
959.640	-2.600	28.857
959.650	-2.600	29.004
959.660	-2.600	28.638
959.670	-2.570	28.638
959.680	-2.570	28.711
959.690	-2.570	28.711
959.700	-2.570	28.711
959.710	-2.570	28.638
959.720	-2.570	28.564
959.730	-2.560	28.564
959.740	-2.560	28.638
959.750	-2.560	28.345
959.760	-2.550	28.345
959.770	-2.550	28.271
959.780	-2.550	28.418
959.790	-2.520	28.418
959.800	-2.520	28.271
959.810	-2.520	28.125
959.820	-2.520	28.125
959.830	-2.520	27.979
959.840	-2.520	27.979
959.850	-2.490	27.979
959.860	-2.490	27.979
959.870	-2.490	27.832
959.880	-2.490	27.832
959.890	-2.490	27.539
959.900	-2.490	27.539
959.910	-2.460	27.539
959.920	-2.460	27.612
959.930	-2.460	27.393
959.940	-2.460	27.393
959.950	-2.460	27.100
959.960	-2.460	27.393
959.970	-2.420	27.393
959.980	-2.420	27.246
959.990	-2.420	27.173
960.000	-2.420	26.953
960.010	-2.420	26.733
960.020	-2.420	26.807
960.030	-2.380	26.587
960.040	-2.380	26.880
960.050	-2.380	26.733
960.060	-2.380	26.733
960.070	-2.380	26.367
960.080	-2.380	26.147
960.090	-2.340	26.221
960.100	-2.340	25.854
960.110	-2.340	26.147
960.120	-2.330	26.001
960.130	-2.330	26.074
960.140	-2.330	25.781
960.150	-2.290	25.854
960.160	-2.290	25.708
960.170	-2.290	25.562
960.180	-2.290	25.781
960.190	-2.290	25.488
960.200	-2.290	25.562
960.210	-2.250	25.269
960.220	-2.250	25.342
960.230	-2.250	24.976
960.240	-2.240	25.122
960.250	-2.240	24.756
960.260	-2.240	24.902
960.270	-2.200	24.756
960.280	-2.200	24.536
960.290	-2.200	24.609
960.300	-2.190	24.756
960.310	-2.190	24.536
960.320	-2.190	24.316
960.330	-2.150	24.463
960.340	-2.150	24.170
960.350	-2.150	24.170
960.360	-2.140	24.023
960.370	-2.140	23.877
960.380	-2.140	23.877
960.390	-2.100	23.657
960.400	-2.100	23.291
960.410	-2.100	23.364
960.420	-2.080	23.437
960.430	-2.080	23.071
960.440	-2.080	22.925
960.450	-2.050	22.852
960.460	-2.050	22.632
960.470	-2.050	22.559
960.480	-2.010	22.485
960.490	-2.010	22.485
960.500	-2.010	22.559
960.510	-1.990	22.339
960.520	-1.990	22.046
960.530	-1.990	22.119
960.540	-1.930	22.192
960.550	-1.930	22.046
960.560	-1.930	21.753
960.570	-1.900	21.680
960.580	-1.900	21.240
960.590	-1.900	21.313
960.600	-1.870	20.947
960.610	-1.870	21.021
960.620	-1.870	20.801
960.630	-1.820	20.801
960.640	-1.820	20.361
960.650	-1.820	20.068
960.660	-1.790	20.215
960.670	-1.790	19.995
960.680	-1.790	20.215
960.690	-1.750	19.922
960.700	-1.750	19.629
960.710	-1.750	19.409
960.720	-1.710	19.336
960.730	-1.710	19.263
960.740	-1.710	19.189
960.750	-1.660	19.043
960.760	-1.660	18.750
960.770	-1.660	18.677
960.780	-1.620	18.604
960.790	-1.620	18.311
960.800	-1.620	18.091
960.810	-1.570	18.091
960.820	-1.570	17.871
960.830	-1.570	17.285
960.840	-1.520	17.358
960.850	-1.520	17.358
960.860	-1.520	16.992
960.870	-1.470	16.846
960.880	-1.470	16.406
960.890	-1.470	16.333
960.900	-1.420	16.479
960.910	-1.420	16.113
960.920	-1.420	15.820
960.930	-1.380	15.894
960.940	-1.380	15.527
960.950	-1.380	15.161
960.960	-1.320	15.381
960.970	-1.320	15.234
960.980	-1.320	14.722
960.990	-1.260	14.722
961.000	-1.260	14.282
961.010	-1.260	14.136
961.020	-1.210	13.989
961.030	-1.210	13.843
961.040	-1.210	13.550
961.050	-1.150	13.403
961.060	-1.150	13.037
961.070	-1.150	12.744
961.080	-1.090	12.964
961.090	-1.090	12.305
961.100	-1.090	12.451
961.110	-1.040	12.158
961.120	-1.040	12.085
961.130	-1.040	11.572
961.140	-0.990	11.353
961.150	-0.990	11.426
961.160	-0.990	11.060
961.170	-0.930	10.986
961.180	-0.930	10.474
961.190	-0.930	10.693
961.200	-0.880	10.400
961.210	-0.880	10.181
961.220	-0.880	9.961
961.230	-0.850	9.814
961.240	-0.850	9.814
961.250	-0.850	9.521
961.260	-0.800	9.448
961.270	-0.800	9.302
961.280	-0.800	9.155
961.290	-0.760	8.716
961.300	-0.760	8.789
961.310	-0.760	8.643
961.320	-0.720	8.569
961.330	-0.720	8.569
961.340	-0.720	8.130
961.350	-0.690	7.983
961.360	-0.690	8.057
961.370	-0.690	7.690
961.380	-0.650	7.690
961.390	-0.650	7.837
961.400	-0.650	7.251
961.410	-0.610	7.031
961.420	-0.610	6.885
961.430	-0.610	6.958
961.440	-0.560	6.905
961.450	-0.560	6.742
961.460	-0.560	6.449
961.470	-0.520	6.449
961.480	-0.520	6.156
961.490	-0.520	5.717
961.500	-0.480	5.717
961.510	-0.480	5.936
961.520	-0.480	5.277
961.530	-0.450	5.277
961.540	-0.450	5.184
961.550	-0.450	4.980
961.560	-0.410	4.980
961.570	-0.410	4.761
961.580	-0.410	4.687
961.590	-0.390	4.614
961.600	-0.390	4.468
961.610	-0.390	4.248
961.620	-0.350	4.321
961.630	-0.350	4.248
961.640	-0.350	4.175
961.650	-0.320	4.028
961.660	-0.320	3.662
961.670	-0.320	3.589
961.680	-0.270	3.662
961.690	-0.270	3.516
961.700	-0.270	3.516
961.710	-0.240	3.223
961.720	-0.240	2.856
961.730	-0.240	2.637
961.740	-0.210	2.417
961.750	-0.210	2.271
961.760	-0.210	2.197
961.770	-0.160	2.051
961.780	-0.160	1.831
961.790	-0.160	1.685
961.800	-0.130	1.611
961.810	-0.130	1.611
961.820	-0.130	1.611
961.830	-0.100	1.611
961.840	-0.100	1.538
961.850	-0.100	1.538
961.860	-0.080	1.465
961.870	-0.080	1.318
961.880	-0.080	1.245
961.890	-0.050	1.099
961.900	-0.050	0.952
961.910	-0.050	0.586
961.920	-0.020	0.586
961.930	-0.020	0.513
961.940	-0.020	0.293
961.950	0.000	0.293
961.960	0.000	0.220
961.970	0.000	0.220
961.980	0.020	0.073
961.990	0.020	0.000
962.000	0.020	-0.073
962.010	0.040	-0.073
962.020	0.040	-0.146
962.030	0.040	-0.366
962.040	0.060	-0.366
962.050	0.060	-0.439
962.060	0.060	-0.513
962.070	0.070	-0.659
962.080	0.070	-0.732
962.090	0.070	-0.806
962.100	0.080	-0.879
962.110	0.080	-0.952
962.120	0.080	-1.025
962.130	0.080	-1.025
962.140	0.080	-1.099
962.150	0.080	-1.099
962.160	0.090	-1.099
962.170	0.090	-1.025
962.180	0.090	-0.952
962.190	0.090	-0.952
962.200	0.090	-0.879
962.210	0.090	-0.879
962.220	0.090	-0.806
962.230	0.090	-0.806
962.240	0.090	-0.732
962.250	0.090	-0.732
962.260	0.090	-0.659
962.270	0.090	-0.659
962.280	0.080	-0.659
962.290	0.080	-0.659
962.300	0.080	-0.659
962.310	0.080	-0.659
962.320	0.080	-0.659
962.330	0.080	-0.659
962.340	0.070	-0.586
962.350	0.070	-0.586
962.360	0.070	-0.659
962.370	0.060	-0.659
962.380	0.060	-0.659
962.390	0.060	-0.586
962.400	0.060	-0.586
962.410	0.060	-0.513
962.420	0.060	-0.439
962.430	0.020	-0.439
962.440	0.020	-0.439
962.450	0.020	-0.366
962.460	0.020	-0.366
962.470	0.020	-0.293
962.480	0.020	-0.146
962.490	0.010	-0.146
962.500	0.010	0.000
962.510	0.010	0.146
962.520	-0.030	0.146
962.530	-0.030	0.220
962.540	-0.030	0.293
962.550	-0.030	0.293
962.560	-0.030	0.439
962.570	-0.030	0.659
962.580	-0.050	0.659
962.590	-0.050	0.659
962.600	-0.050	0.732
962.610	-0.090	0.732
962.620	-0.090	0.732
962.630	-0.090	0.879
962.640	-0.080	0.879
962.650	-0.080	0.879
962.660	-0.080	1.025
962.670	-0.120	1.025
962.680	-0.120	1.025
962.690	-0.120	1.245
962.700	-0.150	1.245
962.710	-0.150	1.465
962.720	-0.150	1.685
962.730	-0.160	1.904
962.740	-0.160	1.978
962.750	-0.160	2.124
962.760	-0.190	2.197
962.770	-0.190	2.271
962.780	-0.190	2.417
962.790	-0.230	2.563
962.800	-0.230	2.710
962.810	-0.230	2.783
962.820	-0.250	2.783
962.830	-0.250	2.710
962.840	-0.250	2.783
962.850	-0.290	2.856
962.860	-0.290	3.003
962.870	-0.290	3.223
962.880	-0.320	3.516
962.890	-0.320	3.662
962.900	-0.320	3.662
962.910	-0.350	3.662
962.920	-0.350	3.882
962.930	-0.350	4.175
962.940	-0.380	4.248
962.950	-0.380	4.321
962.960	-0.380	4.321
962.970	-0.410	4.395
962.980	-0.410	4.468
962.990	-0.410	4.614
963.000	-0.450	4.687
963.010	-0.450	4.834
963.020	-0.450	4.980
963.030	-0.480	5.054
963.040	-0.480	5.127
963.050	-0.480	5.640
963.060	-0.510	5.640
963.070	-0.510	5.859
963.080	-0.510	5.859
963.090	-0.550	5.859
963.100	-0.550	6.152
963.110	-0.550	6.079
963.120	-0.590	6.079
963.130	-0.590	6.372
963.140	-0.590	6.812
963.150	-0.640	7.031
963.160	-0.640	7.104
963.170	-0.640	7.104
963.180	-0.690	7.178
963.190	-0.690	7.471
963.200	-0.690	7.910
963.210	-0.730	8.350
963.220	-0.730	8.203
963.230	-0.730	8.130
963.240	-0.770	8.130
963.250	-0.770	8.643
963.260	-0.770	9.009
963.270	-0.830	9.009
963.280	-0.830	9.082
963.290	-0.830	9.375
963.300	-0.880	9.375
963.310	-0.880	9.741
963.320	-0.880	9.741
963.330	-0.920	9.888
963.340	-0.920	10.400
963.350	-0.920	10.254
963.360	-0.970	10.620
963.370	-0.970	11.060
963.380	-0.970	11.133
963.390	-1.020	11.206
963.400	-1.020	11.206
963.410	-1.020	11.499
963.420	-1.050	11.499
963.430	-1.050	11.719
963.440	-1.050	11.719
963.450	-1.080	11.719
963.460	-1.080	12.012
963.470	-1.080	12.305
963.480	-1.110	12.158
963.490	-1.110	12.231
963.500	-1.110	12.378
963.510	-1.130	12.817
963.520	-1.130	12.378
963.530	-1.130	12.817
963.540	-1.170	12.817
963.550	-1.170	13.110
963.560	-1.170	12.744
963.570	-1.190	13.110
963.580	-1.190	13.257
963.590	-1.190	13.257
963.600	-1.210	13.477
963.610	-1.210	13.403
963.620	-1.210	13.770
963.630	-1.240	13.696
963.640	-1.240	13.770
963.650	-1.240	13.916
963.660	-1.270	14.062
963.670	-1.270	14.136
963.680	-1.270	14.282
963.690	-1.310	14.355
963.700	-1.310	14.429
963.710	-1.310	14.648
963.720	-1.330	14.575
963.730	-1.330	14.868
963.740	-1.330	15.015
963.750	-1.350	14.795
963.760	-1.350	15.234
963.770	-1.350	15.234
963.780	-1.380	15.015
963.790	-1.380	15.674
963.800	-1.380	15.601
963.810	-1.400	15.308
963.820	-1.400	15.820
963.830	-1.400	15.747
963.840	-1.430	15.527
963.850	-1.430	16.187
963.860	-1.430	15.820
963.870	-1.460	15.820
963.880	-1.460	16.406
963.890	-1.460	16.113
963.900	-1.480	16.113
963.910	-1.480	16.626
963.920	-1.480	16.479
963.930	-1.500	16.553
963.940	-1.500	16.846
963.950	-1.500	16.553
963.960	-1.520	16.846
963.970	-1.520	17.285
963.980	-1.520	16.846
963.990	-1.550	17.065
964.000	-1.550	17.285
964.010	-1.550	17.285
964.020	-1.570	17.432
964.030	-1.570	17.285
964.040	-1.570	17.651
964.050	-1.580	17.798
964.060	-1.580	17.432
964.070	-1.580	17.651
964.080	-1.610	17.944
964.090	-1.610	17.944
964.100	-1.610	18.018
964.110	-1.630	17.798
964.120	-1.630	18.018
964.130	-1.630	18.237
964.140	-1.640	18.164
964.150	-1.640	18.164
964.160	-1.640	18.237
964.170	-1.650	18.311
964.180	-1.650	18.457
964.190	-1.650	18.237
964.200	-1.660	18.311
964.210	-1.660	18.457
964.220	-1.660	18.530
964.230	-1.660	18.604
964.240	-1.660	18.457
964.250	-1.660	18.604
964.260	-1.690	18.677
964.270	-1.690	18.677
964.280	-1.690	18.677
964.290	-1.690	18.896
964.300	-1.690	18.823
964.310	-1.690	18.896
964.320	-1.690	18.896
964.330	-1.690	18.896
964.340	-1.690	19.043
964.350	-1.710	19.116
964.360	-1.710	19.043
964.370	-1.710	19.043
964.380	-1.700	19.043
964.390	-1.700	19.043
964.400	-1.700	19.116
964.410	-1.720	19.116
964.420	-1.720	19.043
964.430	-1.720	18.970
964.440	-1.700	19.043
964.450	-1.700	18.970
964.460	-1.700	18.896
964.470	-1.720	19.043
964.480	-1.720	18.970
964.490	-1.720	19.043
964.500	-1.700	19.116
964.510	-1.700	19.189
964.520	-1.700	19.043
964.530	-1.720	19.116
964.540	-1.720	19.116
964.550	-1.720	19.116
964.560	-1.700	19.263
964.570	-1.700	18.970
964.580	-1.700	18.970
964.590	-1.710	19.043
964.600	-1.710	18.970
964.610	-1.710	18.896
964.620	-1.690	18.896
964.630	-1.690	18.750
964.640	-1.690	18.823
964.650	-1.700	18.896
964.660	-1.700	18.970
964.670	-1.700	18.970
964.680	-1.680	18.750
964.690	-1.680	18.750
964.700	-1.680	18.750
964.710	-1.680	18.823
964.720	-1.680	18.677
964.730	-1.680	18.677
964.740	-1.660	18.604
964.750	-1.660	18.530
964.760	-1.660	18.384
964.770	-1.660	18.457
964.780	-1.660	18.604
964.790	-1.660	18.457
964.800	-1.630	18.384
964.810	-1.630	18.091
964.820	-1.630	18.384
964.830	-1.640	18.457
964.840	-1.640	18.237
964.850	-1.640	18.091
964.860	-1.610	18.018
964.870	-1.610	18.018
964.880	-1.610	18.091
964.890	-1.610	17.798
964.900	-1.610	17.725
964.910	-1.610	17.944
964.920	-1.570	17.871
964.930	-1.570	17.725
964.940	-1.570	17.432
964.950	-1.580	17.651
964.960	-1.580	17.725
964.970	-1.580	17.212
964.980	-1.530	17.285
964.990	-1.530	17.358
965.000	-1.530	17.065
965.010	-1.520	17.065
965.020	-1.520	16.772
965.030	-1.520	17.065
965.040	-1.490	17.065
965.050	-1.490	16.626
965.060	-1.490	16.846
965.070	-1.480	16.846
965.080	-1.480	16.333
965.090	-1.480	16.479
965.100	-1.440	16.479
965.110	-1.440	16.260
965.120	-1.440	16.333
965.130	-1.430	16.113
965.140	-1.430	15.820
965.150	-1.430	16.040
965.160	-1.390	15.894
965.170	-1.390	15.527
965.180	-1.390	15.820
965.190	-1.390	15.381
965.200	-1.390	15.161
965.210	-1.390	15.527
965.220	-1.340	15.234
965.230	-1.340	14.941
965.240	-1.340	15.161
965.250	-1.320	14.722
965.260	-1.320	14.648
965.270	-1.320	14.575
965.280	-1.270	14.575
965.290	-1.270	14.575
965.300	-1.270	14.282
965.310	-1.240	14.136
965.320	-1.240	13.843
965.330	-1.240	13.916
965.340	-1.210	13.696
965.350	-1.210	13.770
965.360	-1.210	13.623
965.370	-1.180	13.550
965.380	-1.180	13.257
965.390	-1.180	12.964
965.400	-1.150	13.257
965.410	-1.150	12.671
965.420	-1.150	12.964
965.430	-1.100	12.744
965.440	-1.100	12.671
965.450	-1.100	12.231
965.460	-1.070	12.231
965.470	-1.070	12.158
965.480	-1.070	11.938
965.490	-1.020	11.719
965.500	-1.020	11.719
965.510	-1.020	11.719
965.520	-0.990	11.499
965.530	-0.990	11.133
965.540	-0.990	11.060
965.550	-0.950	11.133
965.560	-0.950	10.767
965.570	-0.950	10.693
965.580	-0.910	10.400
965.590	-0.910	10.693
965.600	-0.910	10.107
965.610	-0.870	10.254
965.620	-0.870	9.741
965.630	-0.870	9.668
965.640	-0.820	9.668
965.650	-0.820	9.375
965.660	-0.820	9.082
965.670	-0.770	9.155
965.680	-0.770	8.936
965.690	-0.770	8.496
965.700	-0.730	8.643
965.710	-0.730	8.203
965.720	-0.730	8.203
965.730	-0.680	8.350
965.740	-0.680	7.690
965.750	-0.680	7.471
965.760	-0.630	7.617
965.770	-0.630	7.251
965.780	-0.630	7.104
965.790	-0.570	6.885
965.800	-0.570	6.665
965.810	-0.570	6.445
965.820	-0.520	6.226
965.830	-0.520	5.859
965.840	-0.520	6.006
965.850	-0.480	6.079
965.860	-0.480	5.640
965.870	-0.480	5.347
965.880	-0.430	5.347
965.890	-0.430	5.273
965.900	-0.430	4.907
965.910	-0.380	4.834
965.920	-0.380	4.541
965.930	-0.380	4.321
965.940	-0.320	3.955
965.950	-0.320	3.662
965.960	-0.320	3.662
965.970	-0.260	3.589
965.980	-0.260	3.296
965.990	-0.260	3.003
966.000	-0.200	2.783
966.010	-0.200	2.563
966.020	-0.200	2.490
966.030	-0.140	2.271
966.040	-0.140	2.051
966.050	-0.140	1.831
966.060	-0.090	1.465
966.070	-0.090	1.172
966.080	-0.090	1.025
966.090	-0.030	0.806
966.100	-0.030	0.659
966.110	-0.030	0.513
966.120	0.020	0.293
966.130	0.020	0.146
966.140	0.020	0.000
966.150	0.080	-0.146
966.160	0.080	-0.366
966.170	0.080	-0.439
966.180	0.120	-0.659
966.190	0.120	-0.806
966.200	0.120	-0.952
966.210	0.160	-1.172
966.220	0.160	-1.318
966.230	0.160	-1.538
966.240	0.180	-1.758
966.250	0.180	-1.904
966.260	0.180	-1.978
966.270	0.210	-2.197
966.280	0.210	-2.197
966.290	0.210	-2.271
966.300	0.240	-2.344
966.310	0.240	-2.417
966.320	0.240	-2.563
966.330	0.270	-2.710
966.340	0.270	-2.710
966.350	0.270	-2.783
966.360	0.300	-2.856
966.370	0.300	-2.856
966.380	0.300	-3.076
966.390	0.320	-3.442
966.400	0.320	-3.662
966.410	0.320	-3.735
966.420	0.350	-3.662
966.430	0.350	-3.516
966.440	0.350	-3.662
966.450	0.370	-3.882
966.460	0.370	-4.028
966.470	0.370	-4.102
966.480	0.380	-4.102
966.490	0.380	-3.955
966.500	0.380	-4.028
966.510	0.400	-4.248
966.520	0.400	-4.395
966.530	0.400	-4.395
966.540	0.420	-4.395
966.550	0.420	-4.395
966.560	0.420	-4.541
966.570	0.450	-4.614
966.580	0.450	-4.687
966.590	0.450	-5.054
966.600	0.470	-4.980
966.610	0.470	-4.980
966.620	0.470	-5.200
966.630	0.500	-5.200
966.640	0.500	-5.420
966.650	0.500	-5.493
966.660	0.520	-5.420
966.670	0.520	-5.493
966.680	0.520	-5.786
966.690	0.530	-5.859
966.700	0.530	-5.566
966.710	0.530	-5.566
966.720	0.540	-5.713
966.730	0.540	-5.933
966.740	0.540	-5.786
966.750	0.560	-5.859
966.760	0.560	-6.226
966.770	0.560	-6.299
966.780	0.570	-6.079
966.790	0.570	-6.006
966.800	0.570	-6.299
966.810	0.580	-6.445
966.820	0.580	-6.372
966.830	0.580	-6.592
966.840	0.610	-6.738
966.850	0.610	-6.592
966.860	0.610	-6.299
966.870	0.610	-6.519
966.880	0.610	-6.592
966.890	0.610	-6.665
966.900	0.610	-6.885
966.910	0.610	-6.885
966.920	0.610	-6.812
966.930	0.630	-6.665
966.940	0.630	-6.812
966.950	0.630	-6.885
966.960	0.630	-7.031
966.970	0.630	-7.104
966.980	0.630	-7.104
966.990	0.640	-7.031
967.000	0.640	-6.885
967.010	0.640	-6.958
967.020	0.660	-7.104
967.030	0.660	-7.251
967.040	0.660	-7.178
967.050	0.660	-7.178
967.060	0.660	-7.104
967.070	0.660	-7.104
967.080	0.660	-7.178
967.090	0.660	-7.324
967.100	0.660	-7.251
967.110	0.670	-7.251
967.120	0.670	-7.178
967.130	0.670	-7.178
967.140	0.660	-7.178
967.150	0.660	-7.471
967.160	0.660	-7.471
967.170	0.660	-7.397
967.180	0.660	-7.251
967.190	0.660	-7.251
967.200	0.670	-7.251
967.210	0.670	-7.251
967.220	0.670	-7.397
967.230	0.650	-7.397
967.240	0.650	-7.251
967.250	0.650	-7.178
967.260	0.650	-7.104
967.270	0.650	-6.958
967.280	0.650	-7.104
967.290	0.640	-7.178
967.300	0.640	-7.104
967.310	0.640	-6.958
967.320	0.630	-6.958
967.330	0.630	-6.885
967.340	0.630	-6.958
967.350	0.640	-7.031
967.360	0.640	-7.031
967.370	0.640	-7.031
967.380	0.620	-6.885
967.390	0.620	-6.665
967.400	0.620	-6.665
967.410	0.610	-6.812
967.420	0.610	-6.738
967.430	0.610	-6.812
967.440	0.600	-6.812
967.450	0.600	-6.665
967.460	0.600	-6.372
967.470	0.580	-6.445
967.480	0.580	-6.519
967.490	0.580	-6.519
967.500	0.570	-6.372
967.510	0.570	-6.445
967.520	0.570	-6.372
967.530	0.560	-5.933
967.540	0.560	-5.786
967.550	0.560	-6.079
967.560	0.530	-6.006
967.570	0.530	-5.786
967.580	0.530	-5.786
967.590	0.520	-6.006
967.600	0.520	-5.786
967.610	0.520	-5.493
967.620	0.480	-5.347
967.630	0.480	-5.420
967.640	0.480	-5.493
967.650	0.450	-5.200
967.660	0.450	-5.127
967.670	0.450	-4.980
967.680	0.430	-4.980
967.690	0.430	-4.687
967.700	0.430	-4.687
967.710	0.390	-4.541
967.720	0.390	-4.468
967.730	0.390	-4.248
967.740	0.360	-4.102
967.750	0.360	-4.102
967.760	0.360	-3.955
967.770	0.340	-3.955
967.780	0.340	-3.662
967.790	0.340	-3.442
967.800	0.300	-3.296
967.810	0.300	-3.369
967.820	0.300	-3.516
967.830	0.200	-3.516
967.840	0.200	-3.296
967.850	0.200	-3.076
967.860	0.240	-2.856
967.870	0.240	-2.710
967.880	0.240	-2.637
967.890	0.200	-2.490
967.900	0.200	-2.344
967.910	0.200	-2.124
967.920	0.150	-1.831
967.930	0.150	-1.685
967.940	0.150	-1.611
967.950	0.110	-1.465
967.960	0.110	-1.392
967.970	0.110	-1.318
967.980	0.070	-1.172
967.990	0.070	-1.025
968.000	0.070	-0.879
968.010	0.030	-0.732
968.020	0.030	-0.586
968.030	0.030	-0.366
968.040	-0.020	-0.073
968.050	-0.020	0.146
968.060	-0.020	0.366
968.070	-0.080	0.586
968.080	-0.080	0.806
968.090	-0.080	0.952
968.100	-0.120	1.099
968.110	-0.120	1.245
968.120	-0.120	1.392
968.130	-0.170	1.538
968.140	-0.170	1.611
968.150	-0.170	1.685
968.160	-0.220	1.831
968.170	-0.220	2.124
968.180	-0.220	2.417
968.190	-0.260	2.563
968.200	-0.260	2.783
968.210	-0.260	2.930
968.220	-0.300	3.149
968.230	-0.300	3.369
968.240	-0.300	3.662
968.250	-0.350	3.809
968.260	-0.350	3.809
968.270	-0.350	3.735
968.280	-0.390	3.809
968.290	-0.390	4.175
968.300	-0.390	4.321
968.310	-0.440	4.541
968.320	-0.440	4.614
968.330	-0.440	4.834
968.340	-0.490	4.980
968.350	-0.490	5.054
968.360	-0.490	5.273
968.370	-0.540	5.786
968.380	-0.540	6.006
968.390	-0.540	5.933
968.400	-0.590	6.152
968.410	-0.590	6.372
968.420	-0.590	6.519
968.430	-0.630	6.445
968.440	-0.630	6.812
968.450	-0.630	7.031
968.460	-0.660	7.251
968.470	-0.660	7.251
968.480	-0.660	7.178
968.490	-0.690	7.251
968.500	-0.690	7.544
968.510	-0.690	7.617
968.520	-0.720	7.910
968.530	-0.720	8.203
968.540	-0.720	7.837
968.550	-0.760	8.130
968.560	-0.760	8.423
968.570	-0.760	8.276
968.580	-0.800	8.716
968.590	-0.800	8.789
968.600	-0.800	8.716
968.610	-0.830	9.082
968.620	-0.830	9.009
968.630	-0.830	9.229
968.640	-0.860	9.375
968.650	-0.860	9.521
968.660	-0.860	9.521
968.670	-0.900	9.814
968.680	-0.900	9.814
968.690	-0.900	9.961
968.700	-0.950	10.400
968.710	-0.950	10.181
968.720	-0.950	10.620
968.730	-0.980	10.400
968.740	-0.980	10.913
968.750	-0.980	10.913
968.760	-1.020	11.206
968.770	-1.020	11.133
968.780	-1.020	11.499
968.790	-1.070	11.719
968.800	-1.070	11.646
968.810	-1.070	11.719
968.820	-1.110	12.012
968.830	-1.110	12.305
968.840	-1.110	12.305
968.850	-1.150	12.598
968.860	-1.150	12.598
968.870	-1.150	13.037
968.880	-1.190	12.744
968.890	-1.190	13.184
968.900	-1.190	13.184
968.910	-1.230	13.550
968.920	-1.230	13.623
968.930	-1.230	13.770
968.940	-1.280	13.989
968.950	-1.280	14.062
968.960	-1.280	14.136
968.970	-1.320	14.355
968.980	-1.320	14.575
968.990	-1.320	14.648
969.000	-1.370	14.941
969.010	-1.370	14.941
969.020	-1.370	14.941
969.030	-1.410	15.381
969.040	-1.410	15.381
969.050	-1.410	15.527
969.060	-1.460	15.894
969.070	-1.460	15.967
969.080	-1.460	16.113
969.090	-1.490	16.187
969.100	-1.490	16.406
969.110	-1.490	16.699
969.120	-1.530	16.699
969.130	-1.530	16.772
969.140	-1.530	17.065
969.150	-1.580	17.285
969.160	-1.580	17.285
969.170	-1.580	17.358
969.180	-1.620	17.798
969.190	-1.620	17.944
969.200	-1.620	17.871
969.210	-1.660	18.164
969.220	-1.660	18.311
969.230	-1.660	18.530
969.240	-1.710	18.750
969.250	-1.710	18.823
969.260	-1.710	18.970
969.270	-1.730	19.043
969.280	-1.730	19.116
969.290	-1.730	19.263
969.300	-1.790	19.702
969.310	-1.790	19.775
969.320	-1.790	19.775
969.330	-1.810	19.849
969.340	-1.810	19.702
969.350	-1.810	20.068
969.360	-1.850	20.215
969.370	-1.850	20.508
969.380	-1.850	20.874
969.390	-1.890	20.874
969.400	-1.890	20.728
969.410	-1.890	21.240
969.420	-1.920	21.240
969.430	-1.920	21.094
969.440	-1.920	21.313
969.450	-1.970	21.313
969.460	-1.970	21.533
969.470	-1.970	21.606
969.480	-1.980	22.046
969.490	-1.980	21.826
969.500	-1.980	22.192
969.510	-2.030	22.192
969.520	-2.030	22.412
969.530	-2.030	22.632
969.540	-2.030	22.705
969.550	-2.030	22.852
969.560	-2.030	22.998
969.570	-2.080	23.071
969.580	-2.080	22.852
969.590	-2.080	23.071
969.600	-2.090	23.218
969.610	-2.090	23.364
969.620	-2.090	23.364
969.630	-2.130	23.437
969.640	-2.130	23.511
969.650	-2.130	23.584
969.660	-2.130	23.730
969.670	-2.130	23.657
969.680	-2.130	23.877
969.690	-2.170	23.877
969.700	-2.170	23.804
969.710	-2.170	23.877
969.720	-2.160	24.243
969.730	-2.160	24.170
969.740	-2.160	24.316
969.750	-2.200	24.390
969.760	-2.200	24.463
969.770	-2.200	24.536
969.780	-2.180	24.683
969.790	-2.180	24.829
969.800	-2.180	24.829
969.810	-2.220	24.829
969.820	-2.220	24.463
969.830	-2.220	24.609
969.840	-2.200	24.609
969.850	-2.200	24.756
969.860	-2.200	24.829
969.870	-2.220	24.829
969.880	-2.220	24.390
969.890	-2.220	24.463
969.900	-2.210	24.463
969.910	-2.210	24.756
969.920	-2.210	24.683
969.930	-2.200	24.683
969.940	-2.200	24.683
969.950	-2.200	24.829
969.960	-2.200	24.829
969.970	-2.200	24.683
969.980	-2.200	24.756
969.990	-2.170	24.756
970.000	-2.170	24.756
970.010	-2.170	24.609
970.020	-2.190	24.609
970.030	-2.190	24.390
970.040	-2.190	24.097
970.050	-2.140	24.097
970.060	-2.140	24.243
970.070	-2.140	24.023
970.080	-2.150	24.023
970.090	-2.150	23.804
970.100	-2.150	23.950
970.110	-2.110	23.877
970.120	-2.110	23.804
970.130	-2.110	23.584
970.140	-2.100	23.657
970.150	-2.100	23.511
970.160	-2.100	23.291
970.170	-2.050	23.364
970.180	-2.050	23.291
970.190	-2.050	23.218
970.200	-2.030	22.998
970.210	-2.030	22.778
970.220	-2.030	22.632
970.230	-1.970	22.778
970.240	-1.970	22.192
970.250	-1.970	22.266
970.260	-1.960	21.973
970.270	-1.960	21.973
970.280	-1.960	21.533
970.290	-1.890	21.680
970.300	-1.890	21.387
970.310	-1.890	21.460
970.320	-1.870	21.387
970.330	-1.870	20.874
970.340	-1.870	21.021
970.350	-1.870	20.581
970.360	-1.870	20.801
970.370	-1.870	20.288
970.380	-1.760	20.435
970.390	-1.760	20.068
970.400	-1.760	19.629
970.410	-1.710	19.556
970.420	-1.710	19.189
970.430	-1.710	19.263
970.440	-1.650	19.043
970.450	-1.650	18.677
970.460	-1.650	18.530
970.470	-1.600	18.530
970.480	-1.600	18.091
970.490	-1.600	17.725
970.500	-1.540	17.871
970.510	-1.540	17.578
970.520	-1.540	17.358
970.530	-1.480	16.992
970.540	-1.480	16.846
970.550	-1.480	16.333
970.560	-1.420	16.333
970.570	-1.420	16.187
970.580	-1.420	15.747
970.590	-1.350	15.747
970.600	-1.350	15.527
970.610	-1.350	15.015
970.620	-1.290	15.015
970.630	-1.290	14.648
970.640	-1.290	14.429
970.650	-1.220	14.429
970.660	-1.220	13.989
970.670	-1.220	13.403
970.680	-1.150	13.403
970.690	-1.150	13.257
970.700	-1.150	12.598
970.710	-1.080	12.598
970.720	-1.080	12.305
970.730	-1.080	11.646
970.740	-1.000	11.646
970.750	-1.000	11.133
970.760	-1.000	10.986
970.770	-0.920	10.986
970.780	-0.920	10.767
970.790	-0.920	9.961
970.800	-0.840	9.961
970.810	-0.840	9.521
970.820	-0.840	9.155
970.830	-0.760	9.155
970.840	-0.760	9.082
970.850	-0.760	8.203
970.860	-0.690	8.203
970.870	-0.690	8.203
970.880	-0.690	7.544
970.890	-0.620	7.544
970.900	-0.620	7.544
970.910	-0.620	6.958
970.920	-0.540	6.665
970.930	-0.540	6.226
970.940	-0.540	5.859
970.950	-0.460	5.933
970.960	-0.460	5.786
970.970	-0.460	5.273
970.980	-0.370	4.980
970.990	-0.370	4.761
971.000	-0.370	4.321
971.010	-0.280	4.028
971.020	-0.280	3.882
971.030	-0.280	3.735
971.040	-0.210	3.369
971.050	-0.210	2.930
971.060	-0.210	2.490
971.070	-0.120	2.197
971.080	-0.120	1.831
971.090	-0.120	1.538
971.100	-0.030	1.245
971.110	-0.030	0.952
971.120	-0.030	0.586
971.130	0.050	0.293
971.140	0.050	0.073
971.150	0.050	-0.586
971.160	0.130	-0.586
971.170	0.130	-0.879
971.180	0.130	-1.172
971.190	0.200	-1.465
971.200	0.200	-1.685
971.210	0.200	-1.978
971.220	0.260	-2.197
971.230	0.260	-2.490
971.240	0.260	-2.930
971.250	0.310	-3.223
971.260	0.310	-3.369
971.270	0.310	-3.516
971.280	0.370	-3.589
971.290	0.370	-3.662
971.300	0.370	-4.028
971.310	0.420	-4.248
971.320	0.420	-4.395
971.330	0.420	-4.468
971.340	0.470	-4.687
971.350	0.470	-4.834
971.360	0.470	-4.907
971.370	0.510	-4.980
971.380	0.510	-5.127
971.390	0.510	-5.566
971.400	0.550	-5.566
971.410	0.550	-5.640
971.420	0.550	-6.152
971.430	0.600	-6.445
971.440	0.600	-6.226
971.450	0.600	-6.226
971.460	0.650	-6.665
971.470	0.650	-6.885
971.480	0.650	-7.324
971.490	0.690	-7.324
971.500	0.690	-7.397
971.510	0.690	-7.544
971.520	0.740	-7.544
971.530	0.740	-7.617
971.540	0.740	-8.350
971.550	0.780	-8.350
971.560	0.780	-8.203
971.570	0.780	-8.569
971.580	0.820	-8.569
971.590	0.820	-8.862
971.600	0.820	-9.082
971.610	0.870	-9.082
971.620	0.870	-9.302
971.630	0.870	-9.741
971.640	0.920	-9.741
971.650	0.920	-9.741
971.660	0.920	-10.107
971.670	0.960	-10.107
971.680	0.960	-10.547
971.690	0.960	-10.474
971.700	1.000	-10.474
971.710	1.000	-10.913
971.720	1.000	-11.279
971.730	1.040	-11.279
971.740	1.040	-10.986
971.750	1.040	-11.646
971.760	1.070	-11.646
971.770	1.070	-11.719
971.780	1.070	-11.719
971.790	1.090	-11.719
971.800	1.090	-12.305
971.810	1.090	-12.231
971.820	1.130	-12.305
971.830	1.130	-12.305
971.840	1.130	-12.671
971.850	1.170	-12.598
971.860	1.170	-12.598
971.870	1.170	-12.964
971.880	1.190	-13.037
971.890	1.190	-13.257
971.900	1.190	-12.964
971.910	1.210	-13.477
971.920	1.210	-13.184
971.930	1.210	-13.403
971.940	1.250	-13.623
971.950	1.250	-13.696
971.960	1.250	-13.770
971.970	1.270	-13.770
971.980	1.270	-13.916
971.990	1.270	-14.062
972.000	1.290	-14.062
972.010	1.290	-14.136
972.020	1.290	-14.429
972.030	1.320	-14.502
972.040	1.320	-14.502
972.050	1.320	-14.502
972.060	1.330	-14.575
972.070	1.330	-14.941
972.080	1.330	-14.722
972.090	1.340	-14.868
972.100	1.340	-15.234
972.110	1.340	-14.722
972.120	1.370	-15.015
972.130	1.370	-15.308
972.140	1.370	-14.868
972.150	1.370	-15.308
972.160	1.370	-15.454
972.170	1.370	-14.868
972.180	1.380	-15.381
972.190	1.380	-15.454
972.200	1.380	-15.527
972.210	1.390	-15.527
972.220	1.390	-15.454
972.230	1.390	-15.454
972.240	1.390	-15.454
972.250	1.390	-15.527
972.260	1.390	-15.601
972.270	1.400	-15.601
972.280	1.400	-15.454
972.290	1.400	-15.454
972.300	1.380	-15.454
972.310	1.380	-15.381
972.320	1.380	-15.308
972.330	1.380	-15.527
972.340	1.380	-15.381
972.350	1.380	-15.234
972.360	1.390	-15.381
972.370	1.390	-15.161
972.380	1.390	-15.308
972.390	1.360	-15.454
972.400	1.360	-15.161
972.410	1.360	-15.308
972.420	1.360	-15.234
972.430	1.360	-15.015
972.440	1.360	-15.234
972.450	1.350	-14.941
972.460	1.350	-14.868
972.470	1.350	-15.234
972.480	1.320	-14.722
972.490	1.320	-14.648
972.500	1.320	-15.088
972.510	1.310	-14.575
972.520	1.310	-14.575
972.530	1.310	-14.502
972.540	1.280	-14.355
972.550	1.280	-14.355
972.560	1.280	-14.209
972.570	1.250	-14.136
972.580	1.250	-14.062
972.590	1.250	-14.062
972.600	1.230	-13.696
972.610	1.230	-13.770
972.620	1.230	-13.550
972.630	1.190	-13.477
972.640	1.190	-13.550
972.650	1.190	-13.257
972.660	1.160	-13.330
972.670	1.160	-12.817
972.680	1.160	-13.110
972.690	1.130	-12.671
972.700	1.130	-12.524
972.710	1.130	-12.451
972.720	1.090	-12.598
972.730	1.090	-12.231
972.740	1.090	-11.938
972.750	1.050	-12.085
972.760	1.050	-12.012
972.770	1.050	-11.646
972.780	1.010	-11.426
972.790	1.010	-11.353
972.800	1.010	-11.499
972.810	0.970	-11.133
972.820	0.970	-10.767
972.830	0.970	-10.840
972.840	0.920	-10.474
972.850	0.920	-10.547
972.860	0.920	-10.034
972.870	0.870	-10.034
972.880	0.870	-9.741
972.890	0.870	-9.375
972.900	0.800	-9.375
972.910	0.800	-9.229
972.920	0.800	-8.862
972.930	0.740	-8.862
972.940	0.740	-8.643
972.950	0.740	-8.496
972.960	0.700	-8.496
972.970	0.700	-8.130
972.980	0.700	-7.617
972.990	0.650	-7.617
973.000	0.650	-7.178
973.010	0.650	-7.031
973.020	0.580	-7.031
973.030	0.580	-6.885
973.040	0.580	-6.299
973.050	0.510	-6.299
973.060	0.510	-5.713
973.070	0.510	-5.640
973.080	0.450	-5.640
973.090	0.450	-5.347
973.100	0.450	-4.761
973.110	0.380	-4.761
973.120	0.380	-4.541
973.130	0.380	-4.028
973.140	0.320	-4.028
973.150	0.320	-4.028
973.160	0.320	-3.516
973.170	0.260	-3.516
973.180	0.260	-3.149
973.190	0.260	-2.563
973.200	0.190	-2.563
973.210	0.190	-2.344
973.220	0.190	-1.685
973.230	0.120	-1.685
973.240	0.120	-1.392
973.250	0.120	-0.806
973.260	0.050	-0.806
973.270	0.050	-0.659
973.280	0.050	-0.293
973.290	-0.020	-0.293
973.300	-0.020	-0.073
973.310	-0.020	0.220
973.320	-0.090	0.220
973.330	-0.090	0.439
973.340	-0.090	0.879
973.350	-0.150	0.879
973.360	-0.150	1.099
973.370	-0.150	1.904
973.380	-0.220	1.904
973.390	-0.220	2.197
973.400	-0.220	2.637
973.410	-0.290	2.637
973.420	-0.290	2.856
973.430	-0.290	3.516
973.440	-0.330	3.516
973.450	-0.330	3.809
973.460	-0.330	3.809
973.470	-0.370	3.809
973.480	-0.370	3.809
973.490	-0.370	4.468
973.500	-0.420	4.468
973.510	-0.420	4.614
973.520	-0.420	5.054
973.530	-0.470	5.054
973.540	-0.470	5.127
973.550	-0.470	5.347
973.560	-0.520	5.347
973.570	-0.520	5.713
973.580	-0.520	6.006
973.590	-0.560	6.006
973.600	-0.560	6.006
973.610	-0.560	6.445
973.620	-0.610	6.445
973.630	-0.610	6.299
973.640	-0.610	7.031
973.650	-0.650	7.031
973.660	-0.650	7.251
973.670	-0.650	7.324
973.680	-0.690	7.324
973.690	-0.690	7.397
973.700	-0.690	7.837
973.710	-0.730	7.837
973.720	-0.730	8.130
973.730	-0.730	8.130
973.740	-0.780	8.130
973.750	-0.780	8.569
973.760	-0.780	8.789
973.770	-0.830	8.789
973.780	-0.830	9.082
973.790	-0.830	9.375
973.800	-0.870	9.375
973.810	-0.870	9.521
973.820	-0.870	9.814
973.830	-0.920	9.814
973.840	-0.920	10.181
973.850	-0.920	10.400
973.860	-1.020	10.400
973.870	-1.020	10.474
973.880	-1.020	11.060
973.890	-0.990	11.060
973.900	-0.990	10.840
973.910	-0.990	10.913
973.920	-1.020	10.913
973.930	-1.020	11.572
973.940	-1.020	11.572
973.950	-1.060	11.572
973.960	-1.060	11.572
973.970	-1.060	12.305
973.980	-1.100	12.305
973.990	-1.100	12.012
974.000	-1.100	12.451
974.010	-1.130	12.451
974.020	-1.130	12.891
974.030	-1.130	12.891
974.040	-1.170	12.891
974.050	-1.170	12.964
974.060	-1.170	13.257
974.070	-1.220	13.257
974.080	-1.220	13.330
974.090	-1.220	13.330
974.100	-1.240	13.330
974.110	-1.240	13.770
974.120	-1.240	13.989
974.130	-1.270	13.989
974.140	-1.270	14.136
974.150	-1.270	14.282
974.160	-1.310	14.282
974.170	-1.310	14.429
974.180	-1.310	14.502
974.190	-1.320	14.502
974.200	-1.320	15.088
974.210	-1.320	14.795
974.220	-1.350	14.795
974.230	-1.350	15.308
974.240	-1.350	14.941
974.250	-1.380	14.941
974.260	-1.380	15.527
974.270	-1.380	15.308
974.280	-1.390	15.381
974.290	-1.390	15.674
974.300	-1.390	15.381
974.310	-1.410	15.454
974.320	-1.410	15.894
974.330	-1.410	15.674
974.340	-1.420	15.820
974.350	-1.420	16.113
974.360	-1.420	15.820
974.370	-1.450	15.820
974.380	-1.450	16.187
974.390	-1.450	16.040
974.400	-1.450	16.040
974.410	-1.450	16.333
974.420	-1.450	16.260
974.430	-1.470	16.260
974.440	-1.470	16.553
974.450	-1.470	16.406
974.460	-1.470	16.479
974.470	-1.470	16.699
974.480	-1.470	16.553
974.490	-1.490	16.553
974.500	-1.490	16.919
974.510	-1.490	16.626
974.520	-1.490	16.846
974.530	-1.490	16.846
974.540	-1.490	16.699
974.550	-1.500	16.699
974.560	-1.500	16.846
974.570	-1.500	16.772
974.580	-1.500	16.772
974.590	-1.500	16.699
974.600	-1.500	16.626
974.610	-1.490	16.826
974.620	-1.490	16.704
974.630	-1.490	16.704
974.640	-1.490	16.777
974.650	-1.490	16.484
974.660	-1.490	16.557
974.670	-1.490	16.997
974.680	-1.490	16.411
974.690	-1.490	16.630
974.700	-1.470	16.704
974.710	-1.470	16.357
974.720	-1.470	16.626
974.730	-1.470	16.626
974.740	-1.470	16.406
974.750	-1.470	16.406
974.760	-1.450	16.406
974.770	-1.450	16.113
974.780	-1.450	16.260
974.790	-1.450	16.260
974.800	-1.450	15.967
974.810	-1.450	16.040
974.820	-1.420	16.040
974.830	-1.420	15.747
974.840	-1.420	15.967
974.850	-1.420	15.967
974.860	-1.420	15.601
974.870	-1.420	15.601
974.880	-1.370	15.601
974.890	-1.370	15.308
974.900	-1.370	15.601
974.910	-1.370	15.527
974.920	-1.370	15.088
974.930	-1.370	15.234
974.940	-1.320	15.088
974.950	-1.320	14.722
974.960	-1.320	14.868
974.970	-1.320	14.868
974.980	-1.320	14.575
974.990	-1.320	14.722
975.000	-1.260	14.429
975.010	-1.260	14.209
975.020	-1.260	14.282
975.030	-1.250	14.209
975.040	-1.250	14.062
975.050	-1.250	13.916
975.060	-1.200	13.843
975.070	-1.200	13.550
975.080	-1.200	13.623
975.090	-1.180	13.257
975.100	-1.180	13.403
975.110	-1.180	13.330
975.120	-1.130	13.184
975.130	-1.130	12.671
975.140	-1.130	12.891
975.150	-1.110	12.305
975.160	-1.110	12.305
975.170	-1.110	12.451
975.180	-1.050	12.305
975.190	-1.050	12.378
975.200	-1.050	11.719
975.210	-1.010	11.499
975.220	-1.010	11.572
975.230	-1.010	11.279
975.240	-0.950	11.206
975.250	-0.950	10.767
975.260	-0.950	10.986
975.270	-0.910	10.547
975.280	-0.910	10.400
975.290	-0.910	10.107
975.300	-0.850	9.961
975.310	-0.850	9.961
975.320	-0.850	9.595
975.330	-0.810	9.595
975.340	-0.810	9.302
975.350	-0.810	9.082
975.360	-0.750	8.643
975.370	-0.750	8.789
975.380	-0.750	8.423
975.390	-0.710	8.423
975.400	-0.710	8.423
975.410	-0.710	7.837
975.420	-0.640	7.617
975.430	-0.640	7.544
975.440	-0.640	7.324
975.450	-0.580	7.251
975.460	-0.580	7.104
975.470	-0.580	6.738
975.480	-0.540	6.519
975.490	-0.540	6.079
975.500	-0.540	5.859
975.510	-0.470	6.079
975.520	-0.470	6.006
975.530	-0.470	5.493
975.540	-0.420	5.200
975.550	-0.420	5.054
975.560	-0.420	4.761
975.570	-0.340	4.541
975.580	-0.340	4.395
975.590	-0.340	4.175
975.600	-0.270	3.882
975.610	-0.270	3.296
975.620	-0.270	2.930
975.630	-0.210	2.783
975.640	-0.210	2.490
975.650	-0.210	2.271
975.660	-0.130	1.978
975.670	-0.130	1.611
975.680	-0.130	1.392
975.690	-0.050	1.245
975.700	-0.050	1.025
975.710	-0.050	0.879
975.720	0.010	0.659
975.730	0.010	0.293
975.740	0.010	0.146
975.750	0.080	-0.146
975.760	0.080	-0.366
975.770	0.080	-0.586
975.780	0.170	-0.879
975.790	0.170	-1.099
975.800	0.170	-1.318
975.810	0.230	-1.611
975.820	0.230	-1.904
975.830	0.230	-2.197
975.840	0.300	-2.490
975.850	0.300	-2.710
975.860	0.300	-2.930
975.870	0.370	-3.223
975.880	0.370	-3.662
975.890	0.370	-4.102
975.900	0.440	-4.321
975.910	0.440	-4.468
975.920	0.440	-4.687
975.930	0.500	-4.980
975.940	0.500	-5.127
975.950	0.500	-5.347
975.960	0.570	-5.933
975.970	0.570	-6.152
975.980	0.570	-6.006
975.990	0.620	-6.152
976.000	0.620	-6.519
976.010	0.620	-6.812
976.020	0.690	-7.251
976.030	0.690	-7.397
976.040	0.690	-7.544
976.050	0.760	-7.910
976.060	0.760	-7.837
976.070	0.760	-8.057
976.080	0.820	-8.716
976.090	0.820	-8.716
976.100	0.820	-8.936
976.110	0.880	-9.155
976.120	0.880	-9.375
976.130	0.880	-9.521
976.140	0.960	-9.888
976.150	0.960	-10.107
976.160	0.960	-10.400
976.170	1.040	-10.767
976.180	1.040	-10.620
976.190	1.040	-11.133
976.200	1.090	-11.499
976.210	1.090	-11.792
976.220	1.090	-11.792
976.230	1.130	-12.012
976.240	1.130	-12.524
976.250	1.130	-12.378
976.260	1.190	-12.671
976.270	1.190	-12.817
976.280	1.190	-13.257
976.290	1.230	-13.403
976.300	1.230	-13.257
976.310	1.230	-13.623
976.320	1.280	-13.696
976.330	1.280	-13.916
976.340	1.280	-14.136
976.350	1.320	-14.355
976.360	1.320	-14.429
976.370	1.320	-14.722
976.380	1.360	-14.502
976.390	1.360	-14.795
976.400	1.360	-15.381
976.410	1.410	-15.088
976.420	1.410	-15.381
976.430	1.410	-15.820
976.440	1.450	-15.381
976.450	1.450	-15.820
976.460	1.450	-16.187
976.470	1.510	-16.040
976.480	1.510	-16.479
976.490	1.510	-16.553
976.500	1.550	-16.406
976.510	1.550	-16.992
976.520	1.550	-16.992
976.530	1.590	-16.992
976.540	1.590	-17.651
976.550	1.590	-17.578
976.560	1.630	-17.432
976.570	1.630	-17.798
976.580	1.630	-18.018
976.590	1.670	-18.384
976.600	1.670	-18.384
976.610	1.670	-18.311
976.620	1.700	-18.677
976.630	1.700	-18.677
976.640	1.700	-18.823
976.650	1.750	-19.116
976.660	1.750	-19.482
976.670	1.750	-19.336
976.680	1.770	-19.409
976.690	1.770	-19.336
976.700	1.770	-19.556
976.710	1.800	-20.068
976.720	1.800	-19.995
976.730	1.800	-20.288
976.740	1.840	-19.995
976.750	1.840	-20.215
976.760	1.840	-20.142
976.770	1.880	-20.654
976.780	1.880	-20.728
976.790	1.880	-20.728
976.800	1.900	-21.167
976.810	1.900	-20.874
976.820	1.900	-21.094
976.830	1.930	-21.094
976.840	1.930	-21.680
976.850	1.930	-21.826
976.860	1.970	-21.826
976.870	1.970	-21.533
976.880	1.970	-21.899
976.890	1.980	-21.899
976.900	1.980	-21.753
976.910	1.980	-21.899
976.920	2.000	-21.899
976.930	2.000	-22.192
976.940	2.000	-22.339
976.950	2.020	-22.339
976.960	2.020	-22.192
976.970	2.020	-22.559
976.980	2.040	-22.559
976.990	2.040	-22.705
977.000	2.040	-22.852
977.010	2.050	-22.852
977.020	2.050	-22.852
977.030	2.050	-22.925
977.040	2.070	-22.925
977.050	2.070	-23.071
977.060	2.070	-23.071
977.070	2.080	-23.071
977.080	2.080	-23.071
977.090	2.080	-23.145
977.100	2.070	-23.145
977.110	2.070	-23.145
977.120	2.070	-23.218
977.130	2.090	-23.218
977.140	2.090	-23.291
977.150	2.090	-23.145
977.160	2.080	-23.145
977.170	2.080	-23.218
977.180	2.080	-23.145
977.190	2.070	-23.145
977.200	2.070	-23.145
977.210	2.070	-23.145
977.220	2.080	-23.145
977.230	2.080	-23.071
977.240	2.080	-22.925
977.250	2.060	-23.071
977.260	2.060	-22.998
977.270	2.060	-22.925
977.280	2.060	-22.778
977.290	2.060	-22.705
977.300	2.060	-22.778
977.310	2.040	-22.705
977.320	2.040	-22.559
977.330	2.040	-22.412
977.340	2.020	-22.632
977.350	2.020	-22.266
977.360	2.020	-22.412
977.370	2.010	-22.266
977.380	2.010	-22.485
977.390	2.010	-22.266
977.400	1.980	-22.412
977.410	1.980	-21.973
977.420	1.980	-22.266
977.430	1.950	-22.119
977.440	1.950	-22.046
977.450	1.950	-21.753
977.460	1.930	-21.606
977.470	1.930	-21.460
977.480	1.930	-21.240
977.490	1.890	-21.313
977.500	1.890	-20.947
977.510	1.890	-21.167
977.520	1.860	-20.801
977.530	1.860	-20.801
977.540	1.860	-20.288
977.550	1.820	-20.435
977.560	1.820	-20.508
977.570	1.820	-20.361
977.580	1.790	-20.435
977.590	1.790	-19.922
977.600	1.790	-19.775
977.610	1.750	-19.556
977.620	1.750	-19.409
977.630	1.750	-19.336
977.640	1.710	-19.336
977.650	1.710	-19.043
977.660	1.710	-18.823
977.670	1.650	-18.750
977.680	1.650	-18.530
977.690	1.650	-18.237
977.700	1.620	-18.237
977.710	1.620	-18.237
977.720	1.620	-17.651
977.730	1.570	-17.651
977.740	1.570	-17.505
977.750	1.570	-17.505
977.760	1.520	-17.432
977.770	1.520	-16.992
977.780	1.520	-16.699
977.790	1.480	-17.065
977.800	1.480	-16.553
977.810	1.480	-16.113
977.820	1.420	-16.040
977.830	1.420	-15.820
977.840	1.420	-15.674
977.850	1.360	-15.454
977.860	1.360	-15.088
977.870	1.360	-14.575
977.880	1.290	-14.575
977.890	1.290	-14.502
977.900	1.290	-14.282
977.910	1.230	-14.209
977.920	1.230	-13.843
977.930	1.230	-13.770
977.940	1.180	-13.257
977.950	1.180	-13.110
977.960	1.180	-13.037
977.970	1.120	-12.964
977.980	1.120	-12.671
977.990	1.120	-12.158
978.000	1.060	-12.231
978.010	1.060	-11.865
978.020	1.060	-11.426
978.030	0.990	-11.353
978.040	0.990	-11.133
978.050	0.990	-11.206
978.060	0.940	-10.693
978.070	0.940	-10.474
978.080	0.940	-10.400
978.090	0.850	-10.034
978.100	0.850	-9.888
978.110	0.850	-9.521
978.120	0.800	-9.375
978.130	0.800	-9.082
978.140	0.800	-8.936
978.150	0.730	-8.350
978.160	0.730	-8.423
978.170	0.730	-8.057
978.180	0.660	-7.690
978.190	0.660	-7.471
978.200	0.660	-7.178
978.210	0.580	-6.958
978.220	0.580	-6.738
978.230	0.580	-6.372
978.240	0.510	-6.372
978.250	0.510	-6.006
978.260	0.510	-5.420
978.270	0.430	-5.127
978.280	0.430	-4.834
978.290	0.430	-4.614
978.300	0.350	-4.248
978.310	0.350	-4.028
978.320	0.350	-3.809
978.330	0.270	-3.442
978.340	0.270	-2.930
978.350	0.270	-2.710
978.360	0.180	-2.490
978.370	0.180	-2.271
978.380	0.180	-2.051
978.390	0.110	-1.758
978.400	0.110	-1.099
978.410	0.110	-0.879
978.420	0.050	-0.879
978.430	0.050	-0.659
978.440	0.050	-0.293
978.450	-0.010	-0.293
978.460	-0.010	-0.073
978.470	-0.010	0.073
978.480	-0.060	0.293
978.490	-0.060	0.513
978.500	-0.060	0.659
978.510	-0.120	0.879
978.520	-0.120	1.099
978.530	-0.120	1.318
978.540	-0.180	1.685
978.550	-0.180	1.904
978.560	-0.180	2.271
978.570	-0.240	2.271
978.580	-0.240	2.417
978.590	-0.240	2.783
978.600	-0.300	2.783
978.610	-0.300	3.076
978.620	-0.300	3.589
978.630	-0.350	3.589
978.640	-0.350	3.589
978.650	-0.350	3.735
978.660	-0.400	4.102
978.670	-0.400	4.395
978.680	-0.400	4.761
978.690	-0.460	4.761
978.700	-0.460	5.127
978.710	-0.460	5.420
978.720	-0.520	5.420
978.730	-0.520	5.566
978.740	-0.520	6.006
978.750	-0.570	6.152
978.760	-0.570	6.079
978.770	-0.570	6.299
978.780	-0.620	6.738
978.790	-0.620	6.885
978.800	-0.620	6.958
978.810	-0.660	7.104
978.820	-0.660	7.178
978.830	-0.660	7.617
978.840	-0.710	7.690
978.850	-0.710	7.910
978.860	-0.710	8.276
978.870	-0.770	8.276
978.880	-0.770	8.203
978.890	-0.770	8.716
978.900	-0.820	8.716
978.910	-0.820	8.936
978.920	-0.820	9.082
978.930	-0.860	9.155
978.940	-0.860	9.448
978.950	-0.860	9.595
978.960	-0.900	9.741
978.970	-0.900	9.814
978.980	-0.900	10.327
978.990	-0.950	10.181
979.000	-0.950	10.620
979.010	-0.950	10.474
979.020	-1.010	11.133
979.030	-1.010	11.060
979.040	-1.010	11.206
979.050	-1.050	11.206
979.060	-1.050	11.572
979.070	-1.050	11.865
979.080	-1.100	11.938
979.090	-1.100	12.012
979.100	-1.100	12.305
979.110	-1.160	12.744
979.120	-1.160	12.378
979.130	-1.160	12.817
979.140	-1.190	12.817
979.150	-1.190	13.257
979.160	-1.190	13.037
979.170	-1.230	13.623
979.180	-1.230	13.696
979.190	-1.230	13.770
979.200	-1.290	13.989
979.210	-1.290	14.062
979.220	-1.290	14.282
979.230	-1.320	14.648
979.240	-1.320	14.868
979.250	-1.320	14.722
979.260	-1.370	15.308
979.270	-1.370	15.161
979.280	-1.370	15.015
979.290	-1.410	15.747
979.300	-1.410	15.601
979.310	-1.410	15.527
979.320	-1.440	16.040
979.330	-1.440	15.894
979.340	-1.440	15.747
979.350	-1.490	16.406
979.360	-1.490	16.260
979.370	-1.490	16.260
979.380	-1.500	16.772
979.390	-1.500	16.553
979.400	-1.500	16.846
979.410	-1.560	17.212
979.420	-1.560	16.846
979.430	-1.560	17.139
979.440	-1.570	17.651
979.450	-1.570	17.505
979.460	-1.570	17.651
979.470	-1.620	17.798
979.480	-1.620	17.944
979.490	-1.620	18.091
979.500	-1.630	17.944
979.510	-1.630	18.091
979.520	-1.630	18.457
979.530	-1.670	18.530
979.540	-1.670	18.457
979.550	-1.670	18.384
979.560	-1.680	18.677
979.570	-1.680	18.750
979.580	-1.680	18.823
979.590	-1.720	19.043
979.600	-1.720	19.116
979.610	-1.720	19.189
979.620	-1.710	19.116
979.630	-1.710	19.116
979.640	-1.710	19.263
979.650	-1.760	19.629
979.660	-1.760	19.482
979.670	-1.760	19.482
979.680	-1.740	19.482
979.690	-1.740	19.336
979.700	-1.740	19.702
979.710	-1.790	19.702
979.720	-1.790	19.922
979.730	-1.790	19.629
979.740	-1.760	19.629
979.750	-1.760	19.775
979.760	-1.760	19.702
979.770	-1.790	20.215
979.780	-1.790	20.068
979.790	-1.790	20.142
979.800	-1.780	20.068
979.810	-1.780	19.702
979.820	-1.780	19.849
979.830	-1.790	19.922
979.840	-1.790	20.288
979.850	-1.790	20.068
979.860	-1.770	20.068
979.870	-1.770	19.775
979.880	-1.770	19.629
979.890	-1.780	19.849
979.900	-1.780	19.629
979.910	-1.780	20.068
979.920	-1.760	20.068
979.930	-1.760	19.629
979.940	-1.760	19.629
979.950	-1.760	19.482
979.960	-1.760	19.629
979.970	-1.760	19.702
979.980	-1.740	19.922
979.990	-1.740	19.556
980.000	-1.740	19.336
980.010	-1.710	19.336
980.020	-1.710	19.116
980.030	-1.710	19.556
980.040	-1.710	19.336
980.050	-1.710	19.043
980.060	-1.710	18.896
980.070	-1.670	18.896
980.080	-1.670	18.823
980.090	-1.670	18.677
980.100	-1.660	18.677
980.110	-1.660	18.604
980.120	-1.660	18.091
980.130	-1.610	18.091
980.140	-1.610	18.091
980.150	-1.610	18.091
980.160	-1.590	18.091
980.170	-1.590	17.944
980.180	-1.590	17.651
980.190	-1.540	17.651
980.200	-1.540	17.798
980.210	-1.540	17.139
980.220	-1.530	17.139
980.230	-1.530	17.285
980.240	-1.530	16.919
980.250	-1.470	16.919
980.260	-1.470	16.626
980.270	-1.470	16.553
980.280	-1.450	16.553
980.290	-1.450	16.187
980.300	-1.450	15.894
980.310	-1.390	16.187
980.320	-1.390	15.894
980.330	-1.390	15.454
980.340	-1.350	15.527
980.350	-1.350	15.308
980.360	-1.350	14.868
980.370	-1.290	15.015
980.380	-1.290	14.868
980.390	-1.290	14.429
980.400	-1.240	14.502
980.410	-1.240	13.989
980.420	-1.240	13.916
980.430	-1.190	13.696
980.440	-1.190	13.623
980.450	-1.190	13.257
980.460	-1.130	13.257
980.470	-1.130	12.598
980.480	-1.130	12.598
980.490	-1.080	12.524
980.500	-1.080	12.085
980.510	-1.080	11.865
980.520	-1.000	11.792
980.530	-1.000	11.646
980.540	-1.000	11.353
980.550	-0.950	10.986
980.560	-0.950	10.913
980.570	-0.950	10.913
980.580	-0.900	10.400
980.590	-0.900	10.254
980.600	-0.900	9.888
980.610	-0.820	9.961
980.620	-0.820	9.521
980.630	-0.820	9.302
980.640	-0.760	9.009
980.650	-0.760	8.936
980.660	-0.760	8.423
980.670	-0.690	8.203
980.680	-0.690	8.130
980.690	-0.690	7.764
980.700	-0.610	7.617
980.710	-0.610	7.324
980.720	-0.610	6.958
980.730	-0.550	6.665
980.740	-0.550	6.299
980.750	-0.550	6.299
980.760	-0.500	6.299
980.770	-0.500	5.933
980.780	-0.500	5.493
980.790	-0.420	5.273
980.800	-0.420	5.127
980.810	-0.420	4.761
980.820	-0.340	4.541
980.830	-0.340	4.321
980.840	-0.340	3.955
980.850	-0.260	3.369
980.860	-0.260	2.930
980.870	-0.260	2.637
980.880	-0.180	2.417
980.890	-0.180	2.197
980.900	-0.180	1.831
980.910	-0.100	1.538
980.920	-0.100	1.245
980.930	-0.100	1.025
980.940	-0.030	0.879
980.950	-0.030	0.659
980.960	-0.030	0.439
980.970	0.050	0.146
980.980	0.050	-0.073
980.990	0.050	-0.366
981.000	0.130	-0.586
981.010	0.130	-0.879
981.020	0.130	-1.245
981.030	0.210	-1.245
981.040	0.210	-1.538
981.050	0.210	-2.197
981.060	0.280	-2.197
981.070	0.280	-2.417
981.080	0.280	-3.003
981.090	0.350	-3.003
981.100	0.350	-3.369
981.110	0.350	-4.175
981.120	0.410	-4.175
981.130	0.410	-4.395
981.140	0.410	-4.834
981.150	0.470	-4.834
981.160	0.470	-5.054
981.170	0.470	-5.420
981.180	0.530	-5.420
981.190	0.530	-5.859
981.200	0.530	-5.713
981.210	0.570	-5.713
981.220	0.570	-5.859
981.230	0.570	-6.445
981.240	0.610	-6.445
981.250	0.610	-6.519
981.260	0.610	-6.958
981.270	0.650	-6.958
981.280	0.650	-7.031
981.290	0.650	-7.178
981.300	0.690	-7.178
981.310	0.690	-7.544
981.320	0.690	-7.837
981.330	0.740	-7.837
981.340	0.740	-7.983
981.350	0.740	-8.130
981.360	0.790	-8.130
981.370	0.790	-8.643
981.380	0.790	-8.716
981.390	0.830	-8.716
981.400	0.830	-9.082
981.410	0.830	-9.375
981.420	0.870	-9.375
981.430	0.870	-9.448
981.440	0.870	-9.668
981.450	0.920	-9.668
981.460	0.920	-9.961
981.470	0.920	-10.034
981.480	0.950	-10.034
981.490	0.950	-10.400
981.500	0.950	-10.840
981.510	0.990	-10.840
981.520	0.990	-10.400
981.530	0.990	-10.986
981.540	1.030	-10.986
981.550	1.030	-11.426
981.560	1.030	-11.499
981.570	1.070	-11.499
981.580	1.070	-11.792
981.590	1.070	-11.938
981.600	1.110	-11.938
981.610	1.110	-11.938
981.620	1.110	-12.451
981.630	1.150	-12.451
981.640	1.150	-12.744
981.650	1.150	-13.110
981.660	1.180	-13.110
981.670	1.180	-12.744
981.680	1.180	-13.257
981.690	1.210	-13.257
981.700	1.210	-13.403
981.710	1.210	-13.403
981.720	1.250	-13.403
981.730	1.250	-13.770
981.740	1.250	-13.916
981.750	1.280	-13.916
981.760	1.280	-14.062
981.770	1.280	-14.355
981.780	1.310	-14.355
981.790	1.310	-14.429
981.800	1.310	-14.502
981.810	1.330	-14.502
981.820	1.330	-14.868
981.830	1.330	-14.941
981.840	1.360	-14.941
981.850	1.360	-15.161
981.860	1.360	-15.161
981.870	1.380	-15.161
981.880	1.380	-15.381
981.890	1.380	-15.527
981.900	1.390	-15.527
981.910	1.390	-15.674
981.920	1.390	-15.308
981.930	1.420	-15.747
981.940	1.420	-15.820
981.950	1.420	-15.601
981.960	1.450	-15.967
981.970	1.450	-16.187
981.980	1.450	-15.674
981.990	1.450	-16.040
982.000	1.450	-16.260
982.010	1.450	-15.820
982.020	1.470	-16.260
982.030	1.470	-16.406
982.040	1.470	-16.040
982.050	1.480	-16.333
982.060	1.480	-16.406
982.070	1.480	-16.187
982.080	1.470	-16.553
982.090	1.470	-16.479
982.100	1.470	-16.187
982.110	1.480	-16.626
982.120	1.480	-16.479
982.130	1.480	-16.626
982.140	1.490	-16.626
982.150	1.490	-16.333
982.160	1.490	-16.260
982.170	1.470	-16.553
982.180	1.470	-16.260
982.190	1.470	-16.626
982.200	1.470	-16.626
982.210	1.470	-16.113
982.220	1.470	-16.479
982.230	1.470	-16.479
982.240	1.470	-16.113
982.250	1.470	-16.479
982.260	1.460	-16.479
982.270	1.460	-16.040
982.280	1.460	-16.333
982.290	1.460	-16.333
982.300	1.460	-15.967
982.310	1.460	-16.187
982.320	1.440	-16.187
982.330	1.440	-15.747
982.340	1.440	-15.967
982.350	1.410	-15.967
982.360	1.410	-15.674
982.370	1.410	-15.674
982.380	1.400	-15.820
982.390	1.400	-15.527
982.400	1.400	-15.674
982.410	1.380	-15.674
982.420	1.380	-15.308
982.430	1.380	-15.454
982.440	1.340	-15.454
982.450	1.340	-14.868
982.460	1.340	-14.868
982.470	1.320	-15.161
982.480	1.320	-14.648
982.490	1.320	-14.648
982.500	1.280	-14.722
982.510	1.280	-14.282
982.520	1.280	-14.282
982.530	1.260	-14.209
982.540	1.260	-14.062
982.550	1.260	-14.062
982.560	1.230	-13.989
982.570	1.230	-13.623
982.580	1.230	-13.403
982.590	1.190	-13.403
982.600	1.190	-13.257
982.610	1.190	-13.037
982.620	1.150	-12.964
982.630	1.150	-12.964
982.640	1.150	-12.744
982.650	1.100	-12.744
982.660	1.100	-12.231
982.670	1.100	-11.865
982.680	1.060	-11.865
982.690	1.060	-12.012
982.700	1.060	-11.426
982.710	1.020	-11.426
982.720	1.020	-11.353
982.730	1.020	-11.206
982.740	0.970	-11.206
982.750	0.970	-10.620
982.760	0.970	-10.767
982.770	0.920	-10.547
982.780	0.920	-10.693
982.790	0.920	-10.107
982.800	0.870	-9.961
982.810	0.870	-9.888
982.820	0.870	-9.595
982.830	0.820	-9.448
982.840	0.820	-9.229
982.850	0.820	-8.716
982.860	0.750	-8.716
982.870	0.750	-8.569
982.880	0.750	-8.057
982.890	0.690	-8.057
982.900	0.690	-7.617
982.910	0.690	-7.617
982.920	0.650	-7.397
982.930	0.650	-7.104
982.940	0.650	-6.885
982.950	0.570	-6.812
982.960	0.570	-6.519
982.970	0.570	-6.372
982.980	0.500	-6.299
982.990	0.500	-5.859
983.000	0.500	-5.273
983.010	0.430	-5.127
983.020	0.430	-4.980
983.030	0.430	-4.687
983.040	0.370	-4.468
983.050	0.370	-4.248
983.060	0.370	-3.955
983.070	0.300	-3.589
983.080	0.300	-3.223
983.090	0.300	-3.076
983.100	0.240	-3.003
983.110	0.240	-2.856
983.120	0.240	-2.710
983.130	0.160	-2.417
983.140	0.160	-2.197
983.150	0.160	-1.904
983.160	0.090	-1.758
983.170	0.090	-1.465
983.180	0.090	-1.245
983.190	0.020	-1.025
983.200	0.020	-0.732
983.210	0.020	-0.366
983.220	-0.040	0.000
983.230	-0.040	0.366
983.240	-0.040	0.732
983.250	-0.100	0.952
983.260	-0.100	1.245
983.270	-0.100	1.465
983.280	-0.170	1.685
983.290	-0.170	1.978
983.300	-0.170	2.197
983.310	-0.240	2.417
983.320	-0.240	2.637
983.330	-0.240	2.856
983.340	-0.310	2.930
983.350	-0.310	3.003
983.360	-0.310	3.223
983.370	-0.370	3.516
983.380	-0.370	3.955
983.390	-0.370	4.321
983.400	-0.440	4.321
983.410	-0.440	4.468
983.420	-0.440	4.907
983.430	-0.480	4.907
983.440	-0.480	5.127
983.450	-0.480	5.859
983.460	-0.540	5.859
983.470	-0.540	6.006
983.480	-0.540	6.006
983.490	-0.580	6.299
983.500	-0.580	6.445
983.510	-0.580	6.519
983.520	-0.630	6.592
983.530	-0.630	6.958
983.540	-0.630	7.178
983.550	-0.680	7.471
983.560	-0.680	7.397
983.570	-0.680	7.397
983.580	-0.730	7.910
983.590	-0.730	7.983
983.600	-0.730	8.203
983.610	-0.770	8.643
983.620	-0.770	8.496
983.630	-0.770	8.716
983.640	-0.820	9.009
983.650	-0.820	9.009
983.660	-0.820	9.302
983.670	-0.870	9.448
983.680	-0.870	9.595
983.690	-0.870	9.668
983.700	-0.920	10.107
983.710	-0.920	9.888
983.720	-0.920	10.400
983.730	-0.960	10.474
983.740	-0.960	10.620
983.750	-0.960	10.767
983.760	-1.020	10.913
983.770	-1.020	11.353
983.780	-1.020	11.279
983.790	-1.050	11.426
983.800	-1.050	11.499
983.810	-1.050	11.938
983.820	-1.100	12.085
983.830	-1.100	12.012
983.840	-1.100	12.451
983.850	-1.150	12.744
983.860	-1.150	12.744
983.870	-1.150	12.744
983.880	-1.190	12.964
983.890	-1.190	13.110
983.900	-1.190	13.110
983.910	-1.230	13.623
983.920	-1.230	13.770
983.930	-1.230	13.843
983.940	-1.270	13.916
983.950	-1.270	13.989
983.960	-1.270	14.575
983.970	-1.320	14.575
983.980	-1.320	14.575
983.990	-1.320	15.161
984.000	-1.350	15.161
984.010	-1.350	14.868
984.020	-1.350	15.527
984.030	-1.390	15.527
984.040	-1.390	15.381
984.050	-1.390	15.967
984.060	-1.430	15.967
984.070	-1.430	15.820
984.080	-1.430	16.260
984.090	-1.470	16.260
984.100	-1.470	16.406
984.110	-1.470	16.553
984.120	-1.500	16.553
984.130	-1.500	16.626
984.140	-1.500	16.772
984.150	-1.530	17.065
984.160	-1.530	16.919
984.170	-1.530	17.212
984.180	-1.570	17.505
984.190	-1.570	17.139
984.200	-1.570	17.358
984.210	-1.580	17.871
984.220	-1.580	17.725
984.230	-1.580	17.725
984.240	-1.620	17.798
984.250	-1.620	18.018
984.260	-1.620	18.237
984.270	-1.640	18.018
984.280	-1.640	18.091
984.290	-1.640	18.311
984.300	-1.660	18.530
984.310	-1.660	18.604
984.320	-1.660	18.530
984.330	-1.680	18.750
984.340	-1.680	18.750
984.350	-1.680	18.823
984.360	-1.700	18.896
984.370	-1.700	19.189
984.380	-1.700	19.189
984.390	-1.730	19.116
984.400	-1.730	19.043
984.410	-1.730	19.116
984.420	-1.720	19.482
984.430	-1.720	19.482
984.440	-1.720	19.482
984.450	-1.760	19.409
984.460	-1.760	19.263
984.470	-1.760	19.409
984.480	-1.740	19.556
984.490	-1.740	19.849
984.500	-1.740	19.409
984.510	-1.770	19.409
984.520	-1.770	19.556
984.530	-1.770	19.849
984.540	-1.750	19.849
984.550	-1.750	19.775
984.560	-1.750	19.702
984.570	-1.780	19.702
984.580	-1.780	19.482
984.590	-1.780	19.702
984.600	-1.750	19.702
984.610	-1.750	20.068
984.620	-1.750	19.922
984.630	-1.780	19.775
984.640	-1.780	19.702
984.650	-1.780	19.556
984.660	-1.750	19.849
984.670	-1.750	19.849
984.680	-1.750	19.995
984.690	-1.760	19.849
984.700	-1.760	19.482
984.710	-1.760	19.556
984.720	-1.730	19.409
984.730	-1.730	19.702
984.740	-1.730	19.556
984.750	-1.740	19.336
984.760	-1.740	19.189
984.770	-1.740	19.189
984.780	-1.700	19.189
984.790	-1.700	19.116
984.800	-1.700	18.970
984.810	-1.690	18.970
984.820	-1.690	18.896
984.830	-1.690	18.823
984.840	-1.670	18.823
984.850	-1.670	18.823
984.860	-1.670	18.677
984.870	-1.650	18.677
984.880	-1.650	18.677
984.890	-1.650	18.384
984.900	-1.630	18.384
984.910	-1.630	18.384
984.920	-1.630	18.311
984.930	-1.610	18.018
984.940	-1.610	17.944
984.950	-1.610	18.018
984.960	-1.580	17.944
984.970	-1.580	17.871
984.980	-1.580	17.212
984.990	-1.530	17.358
985.000	-1.530	17.578
985.010	-1.530	16.919
985.020	-1.510	17.065
985.030	-1.510	16.919
985.040	-1.510	16.626
985.050	-1.470	16.699
985.060	-1.470	16.479
985.070	-1.470	16.113
985.080	-1.440	16.479
985.090	-1.440	16.113
985.100	-1.440	15.747
985.110	-1.390	16.113
985.120	-1.390	15.747
985.130	-1.390	15.454
985.140	-1.370	15.601
985.150	-1.370	15.381
985.160	-1.370	14.941
985.170	-1.300	15.308
985.180	-1.300	15.015
985.190	-1.300	14.648
985.200	-1.280	14.795
985.210	-1.280	14.355
985.220	-1.280	14.209
985.230	-1.220	14.209
985.240	-1.220	13.989
985.250	-1.220	13.843
985.260	-1.180	13.696
985.270	-1.180	13.330
985.280	-1.180	12.964
985.290	-1.130	13.184
985.300	-1.130	12.524
985.310	-1.130	12.744
985.320	-1.070	12.451
985.330	-1.070	12.305
985.340	-1.070	11.792
985.350	-1.010	11.646
985.360	-1.010	11.646
985.370	-1.010	11.279
985.380	-0.960	11.206
985.390	-0.960	10.620
985.400	-0.960	11.060
985.410	-0.920	10.400
985.420	-0.920	10.400
985.430	-0.920	10.034
985.440	-0.840	9.888
985.450	-0.840	9.741
985.460	-0.840	9.521
985.470	-0.790	9.375
985.480	-0.790	9.155
985.490	-0.790	9.009
985.500	-0.720	8.569
985.510	-0.720	8.643
985.520	-0.720	8.203
985.530	-0.670	8.130
985.540	-0.670	8.130
985.550	-0.670	7.544
985.560	-0.620	7.251
985.570	-0.620	6.958
985.580	-0.620	6.885
985.590	-0.540	6.738
985.600	-0.540	6.299
985.610	-0.540	5.933
985.620	-0.470	5.859
985.630	-0.470	5.566
985.640	-0.470	5.127
985.650	-0.400	4.907
985.660	-0.400	4.687
985.670	-0.400	4.468
985.680	-0.320	4.248
985.690	-0.320	4.102
985.700	-0.320	3.882
985.710	-0.260	3.662
985.720	-0.260	3.223
985.730	-0.260	2.930
985.740	-0.200	2.856
985.750	-0.200	2.637
985.760	-0.200	2.490
985.770	-0.130	2.197
985.780	-0.130	1.758
985.790	-0.130	1.392
985.800	-0.060	1.245
985.810	-0.060	0.952
985.820	-0.060	0.806
985.830	0.010	0.586
985.840	0.010	0.293
985.850	0.010	0.073
985.860	0.080	-0.146
985.870	0.080	-0.439
985.880	0.080	-0.659
985.890	0.150	-0.806
985.900	0.150	-1.099
985.910	0.150	-1.318
985.920	0.210	-1.758
985.930	0.210	-2.124
985.940	0.210	-2.490
985.950	0.280	-2.637
985.960	0.280	-2.856
985.970	0.280	-3.003
985.980	0.360	-3.296
985.990	0.360	-3.809
986.000	0.360	-4.028
986.010	0.440	-4.321
986.020	0.440	-4.395
986.030	0.440	-4.687
986.040	0.510	-4.907
986.050	0.510	-5.054
986.060	0.510	-5.347
986.070	0.570	-5.786
986.080	0.570	-6.006
986.090	0.570	-6.006
986.100	0.640	-6.665
986.110	0.640	-6.812
986.120	0.640	-7.031
986.130	0.710	-7.251
986.140	0.710	-7.397
986.150	0.710	-7.837
986.160	0.770	-8.276
986.170	0.770	-8.203
986.180	0.770	-8.569
986.190	0.830	-8.789
986.200	0.830	-8.716
986.210	0.830	-9.155
986.220	0.870	-9.229
986.230	0.870	-9.448
986.240	0.870	-9.521
986.250	0.920	-9.961
986.260	0.920	-9.814
986.270	0.920	-10.034
986.280	0.960	-10.254
986.290	0.960	-10.547
986.300	0.960	-10.693
986.310	1.010	-10.620
986.320	1.010	-11.060
986.330	1.010	-11.133
986.340	1.070	-11.499
986.350	1.070	-11.206
986.360	1.070	-11.572
986.370	1.120	-12.158
986.380	1.120	-12.012
986.390	1.120	-12.231
986.400	1.170	-12.378
986.410	1.170	-12.891
986.420	1.170	-12.744
986.430	1.210	-12.964
986.440	1.210	-13.330
986.450	1.210	-13.477
986.460	1.260	-13.843
986.470	1.260	-13.770
986.480	1.260	-13.989
986.490	1.300	-14.136
986.500	1.300	-14.282
986.510	1.300	-14.355
986.520	1.350	-14.868
986.530	1.350	-14.795
986.540	1.350	-14.795
986.550	1.400	-15.161
986.560	1.400	-15.088
986.570	1.400	-15.308
986.580	1.430	-15.747
986.590	1.430	-15.747
986.600	1.430	-15.820
986.610	1.470	-15.967
986.620	1.470	-16.187
986.630	1.470	-16.187
986.640	1.510	-16.406
986.650	1.510	-16.772
986.660	1.510	-16.626
986.670	1.550	-16.699
986.680	1.550	-16.919
986.690	1.550	-17.139
986.700	1.600	-17.578
986.710	1.600	-17.285
986.720	1.600	-17.285
986.730	1.640	-18.018
986.740	1.640	-17.944
986.750	1.640	-17.871
986.760	1.660	-18.311
986.770	1.660	-18.384
986.780	1.660	-18.530
986.790	1.690	-18.604
986.800	1.690	-18.530
986.810	1.690	-18.823
986.820	1.730	-19.116
986.830	1.730	-19.043
986.840	1.730	-19.189
986.850	1.760	-19.556
986.860	1.760	-19.263
986.870	1.760	-19.409
986.880	1.780	-19.409
986.890	1.780	-19.556
986.900	1.780	-19.775
986.910	1.800	-19.995
986.920	1.800	-20.142
986.930	1.800	-20.068
986.940	1.830	-20.068
986.950	1.830	-19.775
986.960	1.830	-20.581
986.970	1.850	-20.581
986.980	1.850	-20.435
986.990	1.850	-20.581
987.000	1.870	-20.581
987.010	1.870	-20.947
987.020	1.870	-20.581
987.030	1.890	-21.094
987.040	1.890	-20.801
987.050	1.890	-21.021
987.060	1.890	-21.240
987.070	1.890	-21.021
987.080	1.890	-21.240
987.090	1.920	-21.167
987.100	1.920	-21.387
987.110	1.920	-21.094
987.120	1.920	-21.460
987.130	1.920	-21.021
987.140	1.920	-21.387
987.150	1.910	-21.387
987.160	1.910	-21.240
987.170	1.910	-21.313
987.180	1.930	-21.313
987.190	1.930	-21.313
987.200	1.930	-21.387
987.210	1.920	-21.387
987.220	1.920	-21.094
987.230	1.920	-21.240
987.240	1.910	-21.240
987.250	1.910	-21.313
987.260	1.910	-21.167
987.270	1.900	-21.167
987.280	1.900	-21.167
987.290	1.900	-21.094
987.300	1.870	-21.094
987.310	1.870	-20.801
987.320	1.870	-21.094
987.330	1.860	-20.801
987.340	1.860	-20.874
987.350	1.860	-20.581
987.360	1.840	-20.728
987.370	1.840	-20.728
987.380	1.840	-20.435
987.390	1.810	-20.728
987.400	1.810	-20.068
987.410	1.810	-20.215
987.420	1.800	-19.922
987.430	1.800	-19.922
987.440	1.800	-19.995
987.450	1.760	-19.922
987.460	1.760	-19.922
987.470	1.760	-19.409
987.480	1.730	-19.482
987.490	1.730	-19.189
987.500	1.730	-19.336
987.510	1.710	-19.336
987.520	1.710	-18.970
987.530	1.710	-18.823
987.540	1.660	-18.750
987.550	1.660	-18.604
987.560	1.660	-18.384
987.570	1.630	-18.457
987.580	1.630	-18.237
987.590	1.630	-18.164
987.600	1.580	-17.798
987.610	1.580	-17.505
987.620	1.580	-17.798
987.630	1.540	-17.505
987.640	1.540	-17.139
987.650	1.540	-16.919
987.660	1.500	-16.919
987.670	1.500	-16.699
987.680	1.500	-16.333
987.690	1.450	-16.333
987.700	1.450	-16.406
987.710	1.450	-15.820
987.720	1.400	-15.820
987.730	1.400	-15.601
987.740	1.400	-15.234
987.750	1.350	-15.234
987.760	1.350	-15.234
987.770	1.350	-14.502
987.780	1.300	-14.502
987.790	1.300	-14.429
987.800	1.300	-14.282
987.810	1.230	-14.136
987.820	1.230	-13.916
987.830	1.230	-13.770
987.840	1.170	-13.623
987.850	1.170	-13.257
987.860	1.170	-13.184
987.870	1.130	-12.598
987.880	1.130	-13.037
987.890	1.130	-12.451
987.900	1.060	-12.378
987.910	1.060	-11.865
987.920	1.060	-11.865
987.930	0.990	-11.646
987.940	0.990	-10.913
987.950	0.990	-10.620
987.960	0.930	-10.620
987.970	0.930	-10.693
987.980	0.930	-9.888
987.990	0.860	-9.888
988.000	0.860	-9.668
988.010	0.860	-9.009
988.020	0.790	-9.009
988.030	0.790	-8.936
988.040	0.790	-8.203
988.050	0.710	-8.203
988.060	0.710	-8.130
988.070	0.710	-7.324
988.080	0.630	-7.324
988.090	0.630	-7.397
988.100	0.630	-6.812
988.110	0.560	-6.812
988.120	0.560	-6.299
988.130	0.560	-6.006
988.140	0.480	-6.006
988.150	0.480	-5.786
988.160	0.480	-5.054
988.170	0.400	-5.054
988.180	0.400	-4.834
988.190	0.400	-4.175
988.200	0.270	-4.175
988.210	0.270	-4.028
988.220	0.270	-3.516
