% Time (s)	Gyro Output (rads/s)	Input Rate (RPM)	%1/27/20231:10 PM
0.000	0.000	0.000
1020.610	0.010	0.000
1020.620	0.010	0.000
1020.630	0.010	0.000
1020.640	0.010	0.000
1020.650	0.010	0.000
1020.660	0.010	0.000
1020.670	0.010	0.000
1020.680	0.010	0.000
1020.690	0.010	0.000
1020.700	0.010	0.000
1020.710	0.010	-0.073
1020.720	0.020	-0.073
1020.730	0.020	-0.073
1020.740	0.020	-0.220
1020.750	0.040	-0.220
1020.760	0.040	-0.293
1020.770	0.040	-0.439
1020.780	0.070	-0.439
1020.790	0.070	-0.513
1020.800	0.070	-0.732
1020.810	0.100	-0.732
1020.820	0.100	-0.732
1020.830	0.100	-0.879
1020.840	0.140	-0.952
1020.850	0.140	-1.099
1020.860	0.140	-1.245
1020.870	0.170	-1.392
1020.880	0.170	-1.611
1020.890	0.170	-1.758
1020.900	0.210	-1.978
1020.910	0.210	-2.051
1020.920	0.210	-2.344
1020.930	0.250	-2.344
1020.940	0.250	-2.563
1020.950	0.250	-2.783
1020.960	0.290	-3.003
1020.970	0.290	-3.149
1020.980	0.290	-3.149
1020.990	0.320	-3.223
1021.000	0.320	-3.223
1021.010	0.320	-3.369
1021.020	0.360	-3.735
1021.030	0.360	-3.882
1021.040	0.360	-3.882
1021.050	0.400	-3.882
1021.060	0.400	-4.028
1021.070	0.400	-4.321
1021.080	0.440	-4.541
1021.090	0.440	-4.614
1021.100	0.440	-4.761
1021.110	0.480	-5.054
1021.120	0.480	-5.054
1021.130	0.480	-5.127
1021.140	0.510	-5.347
1021.150	0.510	-5.713
1021.160	0.510	-5.713
1021.170	0.540	-5.566
1021.180	0.540	-5.566
1021.190	0.540	-6.006
1021.200	0.580	-6.226
1021.210	0.580	-6.299
1021.220	0.580	-6.738
1021.230	0.630	-6.885
1021.240	0.630	-6.812
1021.250	0.630	-6.812
1021.260	0.690	-7.104
1021.270	0.690	-7.324
1021.280	0.690	-7.837
1021.290	0.720	-7.764
1021.300	0.720	-7.764
1021.310	0.720	-7.983
1021.320	0.760	-7.837
1021.330	0.760	-8.130
1021.340	0.760	-8.716
1021.350	0.810	-8.643
1021.360	0.810	-8.789
1021.370	0.810	-8.936
1021.380	0.860	-9.009
1021.390	0.860	-9.302
1021.400	0.860	-9.448
1021.410	0.900	-9.668
1021.420	0.900	-9.741
1021.430	0.900	-10.181
1021.440	0.960	-10.034
1021.450	0.960	-10.474
1021.460	0.960	-10.400
1021.470	1.000	-10.986
1021.480	1.000	-10.840
1021.490	1.000	-10.986
1021.500	1.070	-11.353
1021.510	1.070	-11.719
1021.520	1.070	-11.792
1021.530	1.110	-11.792
1021.540	1.110	-12.012
1021.550	1.110	-12.524
1021.560	1.160	-12.524
1021.570	1.160	-12.378
1021.580	1.160	-13.110
1021.590	1.220	-13.110
1021.600	1.220	-13.403
1021.610	1.220	-13.696
1021.620	1.270	-13.696
1021.630	1.270	-13.770
1021.640	1.270	-14.209
1021.650	1.320	-14.209
1021.660	1.320	-14.502
1021.670	1.320	-14.722
1021.680	1.380	-14.722
1021.690	1.380	-15.015
1021.700	1.380	-15.088
1021.710	1.420	-15.527
1021.720	1.420	-15.674
1021.730	1.420	-15.894
1021.740	1.490	-16.040
1021.750	1.490	-16.113
1021.760	1.490	-16.553
1021.770	1.520	-16.626
1021.780	1.520	-16.626
1021.790	1.520	-17.139
1021.800	1.580	-17.285
1021.810	1.580	-17.212
1021.820	1.580	-17.432
1021.830	1.640	-17.651
1021.840	1.640	-18.164
1021.850	1.640	-18.164
1021.860	1.690	-18.164
1021.870	1.690	-18.457
1021.880	1.690	-18.677
1021.890	1.730	-18.823
1021.900	1.730	-18.970
1021.910	1.730	-19.409
1021.920	1.780	-19.482
1021.930	1.780	-19.629
1021.940	1.780	-19.556
1021.950	1.860	-19.922
1021.960	1.860	-20.215
1021.970	1.860	-20.508
1021.980	1.890	-20.801
1021.990	1.890	-20.728
1022.000	1.890	-21.167
1022.010	1.940	-21.167
1022.020	1.940	-21.460
1022.030	1.940	-21.387
1022.040	1.990	-21.973
1022.050	1.990	-21.899
1022.060	1.990	-22.119
1022.070	2.030	-22.192
1022.080	2.030	-22.266
1022.090	2.030	-22.559
1022.100	2.100	-22.925
1022.110	2.100	-22.852
1022.120	2.100	-23.291
1022.130	2.150	-23.730
1022.140	2.150	-23.657
1022.150	2.150	-23.877
1022.160	2.190	-24.170
1022.170	2.190	-24.316
1022.180	2.190	-24.536
1022.190	2.250	-24.609
1022.200	2.250	-24.609
1022.210	2.250	-24.902
1022.220	2.290	-24.902
1022.230	2.290	-25.049
1022.240	2.290	-25.195
1022.250	2.330	-25.854
1022.260	2.330	-25.562
1022.270	2.330	-26.074
1022.280	2.390	-26.147
1022.290	2.390	-26.367
1022.300	2.390	-26.440
1022.310	2.450	-27.100
1022.320	2.450	-27.246
1022.330	2.450	-27.319
1022.340	2.530	-27.612
1022.350	2.530	-27.466
1022.360	2.530	-27.979
1022.370	2.590	-28.198
1022.380	2.590	-28.198
1022.390	2.590	-28.491
1022.400	2.640	-29.077
1022.410	2.640	-28.784
1022.420	2.640	-28.931
1022.430	2.690	-29.590
1022.440	2.690	-29.590
1022.450	2.690	-29.810
1022.460	2.740	-30.103
1022.470	2.740	-30.176
1022.480	2.740	-30.542
1022.490	2.830	-31.055
1022.500	2.830	-30.835
1022.510	2.830	-31.128
1022.520	2.870	-31.787
1022.530	2.870	-31.714
1022.540	2.870	-31.714
1022.550	2.950	-32.446
1022.560	2.950	-32.300
1022.570	2.950	-32.593
1022.580	3.010	-33.032
1022.590	3.010	-33.105
1022.600	3.010	-33.252
1022.610	3.070	-33.838
1022.620	3.070	-33.618
1022.630	3.070	-34.204
1022.640	3.150	-34.570
1022.650	3.150	-34.351
1022.660	3.150	-34.863
1022.670	3.220	-35.303
1022.680	3.220	-35.303
1022.690	3.220	-35.522
1022.700	3.300	-36.035
1022.710	3.300	-36.108
1022.720	3.300	-36.621
1022.730	3.360	-36.621
1022.740	3.360	-37.061
1022.750	3.360	-37.280
1022.760	3.430	-37.646
1022.770	3.430	-37.793
1022.780	3.430	-38.232
1022.790	3.540	-38.379
1022.800	3.540	-38.599
1022.810	3.540	-39.038
1022.820	3.600	-39.185
1022.830	3.600	-39.551
1022.840	3.600	-40.503
1022.850	3.660	-40.503
1022.860	3.660	-40.503
1022.870	3.660	-40.942
1022.880	3.780	-41.309
1022.890	3.780	-41.309
1022.900	3.780	-41.675
1022.910	3.860	-41.675
1022.920	3.860	-42.187
1022.930	3.860	-42.480
1022.940	3.900	-42.773
1022.950	3.900	-42.847
1022.960	3.900	-43.433
1022.970	4.010	-44.019
1022.980	4.010	-44.165
1022.990	4.010	-44.531
1023.000	4.090	-44.971
1023.010	4.090	-45.410
1023.020	4.090	-45.483
1023.030	4.150	-46.069
1023.040	4.150	-46.069
1023.050	4.150	-46.436
1023.060	4.230	-46.729
1023.070	4.230	-47.095
1023.080	4.230	-47.095
1023.090	4.310	-47.388
1023.100	4.310	-47.314
1023.110	4.310	-47.681
1023.120	4.400	-48.120
1023.130	4.400	-48.340
1023.140	4.400	-48.706
1023.150	4.470	-49.072
1023.160	4.470	-49.146
1023.170	4.470	-49.585
1023.180	4.550	-50.024
1023.190	4.550	-50.391
1023.200	4.550	-50.830
1023.210	4.610	-51.123
1023.220	4.610	-51.050
1023.230	4.610	-51.343
1023.240	4.680	-51.709
1023.250	4.680	-51.782
1023.260	4.680	-52.002
1023.270	4.740	-52.734
1023.280	4.740	-52.734
1023.290	4.740	-52.661
1023.300	4.770	-52.808
1023.310	4.770	-53.027
1023.320	4.770	-53.467
1023.330	4.840	-53.833
1023.340	4.840	-53.906
1023.350	4.840	-54.053
1023.360	4.890	-54.419
1023.370	4.890	-54.199
1023.380	4.890	-54.346
1023.390	4.950	-55.005
1023.400	4.950	-55.151
1023.410	4.950	-55.151
1023.420	5.010	-55.591
1023.430	5.010	-55.371
1023.440	5.010	-55.518
1023.450	5.050	-55.957
1023.460	5.050	-55.957
1023.470	5.050	-56.177
1023.480	5.090	-56.250
1023.490	5.090	-56.177
1023.500	5.090	-56.470
1023.510	5.110	-56.689
1023.520	5.110	-56.616
1023.530	5.110	-56.689
1023.540	5.120	-57.275
1023.550	5.120	-56.982
1023.560	5.120	-57.275
1023.570	5.140	-57.202
1023.580	5.140	-57.495
1023.590	5.140	-57.422
1023.600	5.200	-57.642
1023.610	5.200	-57.568
1023.620	5.200	-57.715
1023.630	5.230	-58.154
1023.640	5.230	-57.422
1023.650	5.230	-57.935
1023.660	5.250	-58.228
1023.670	5.250	-58.301
1023.680	5.250	-58.154
1023.690	5.250	-58.374
1023.700	5.250	-58.154
1023.710	5.250	-58.301
1023.720	5.280	-58.301
1023.730	5.280	-58.521
1023.740	5.280	-58.813
1023.750	5.330	-58.813
1023.760	5.330	-58.667
1023.770	5.330	-58.887
1023.780	5.330	-59.473
1023.790	5.330	-59.253
1023.800	5.330	-59.473
1023.810	5.370	-59.546
1023.820	5.370	-59.912
1023.830	5.370	-59.546
1023.840	5.400	-59.912
1023.850	5.400	-59.985
1023.860	5.400	-60.059
1023.870	5.450	-60.059
1023.880	5.450	-59.692
1023.890	5.450	-60.205
1023.900	5.440	-60.205
1023.910	5.440	-60.278
1023.920	5.440	-60.791
1023.930	5.520	-60.791
1023.940	5.520	-60.718
1023.950	5.520	-61.157
1023.960	5.520	-61.157
1023.970	5.520	-61.304
1023.980	5.520	-61.450
1023.990	5.610	-61.450
1024.000	5.610	-61.743
1024.010	5.610	-61.890
1024.020	5.630	-61.890
1024.030	5.630	-62.256
1024.040	5.630	-62.256
1024.050	5.630	-62.256
1024.060	5.630	-62.622
1024.070	5.630	-62.915
1024.080	5.700	-62.915
1024.090	5.700	-63.062
1024.100	5.700	-63.208
1024.110	5.690	-63.208
1024.120	5.690	-63.354
1024.130	5.690	-63.647
1024.140	5.770	-63.647
1024.150	5.770	-63.940
1024.160	5.770	-63.867
1024.170	5.780	-63.867
1024.180	5.780	-64.380
1024.190	5.780	-64.233
1024.200	5.780	-64.233
1024.210	5.780	-64.746
1024.220	5.780	-64.966
1024.230	5.830	-64.966
1024.240	5.830	-64.819
1024.250	5.830	-65.112
1024.260	5.820	-65.112
1024.270	5.820	-65.186
1024.280	5.820	-65.259
1024.290	5.840	-65.259
1024.300	5.840	-65.259
1024.310	5.840	-65.405
1024.320	5.860	-65.405
1024.330	5.860	-65.405
1024.340	5.860	-65.405
1024.350	5.880	-65.625
1024.360	5.880	-65.625
1024.370	5.880	-65.405
1024.380	5.840	-65.259
1024.390	5.840	-65.479
1024.400	5.840	-65.405
1024.410	5.860	-65.625
1024.420	5.860	-65.405
1024.430	5.860	-65.112
1024.440	5.830	-65.405
1024.450	5.830	-64.966
1024.460	5.830	-64.966
1024.470	5.820	-64.966
1024.480	5.820	-64.966
1024.490	5.820	-64.966
1024.500	5.810	-64.966
1024.510	5.810	-64.380
1024.520	5.810	-64.526
1024.530	5.800	-64.526
1024.540	5.800	-64.600
1024.550	5.800	-64.087
1024.560	5.750	-64.087
1024.570	5.750	-64.380
1024.580	5.750	-63.794
1024.590	5.720	-63.794
1024.600	5.720	-63.867
1024.610	5.720	-63.574
1024.620	5.700	-63.574
1024.630	5.700	-63.501
1024.640	5.700	-63.208
1024.650	5.640	-63.208
1024.660	5.640	-63.135
1024.670	5.640	-62.988
1024.680	5.650	-62.988
1024.690	5.650	-62.915
1024.700	5.650	-62.476
1024.710	5.610	-62.476
1024.720	5.610	-62.549
1024.730	5.610	-62.183
1024.740	5.580	-62.183
1024.750	5.580	-62.402
1024.760	5.580	-61.816
1024.770	5.540	-61.816
1024.780	5.540	-61.963
1024.790	5.540	-61.597
1024.800	5.540	-61.597
1024.810	5.540	-61.743
1024.820	5.540	-61.304
1024.830	5.480	-61.304
1024.840	5.480	-61.157
1024.850	5.480	-61.011
1024.860	5.510	-61.523
1024.870	5.510	-61.011
1024.880	5.510	-61.011
1024.890	5.460	-61.011
1024.900	5.460	-60.718
1024.910	5.460	-60.571
1024.920	5.450	-60.937
1024.930	5.450	-60.645
1024.940	5.450	-60.498
1024.950	5.410	-60.498
1024.960	5.410	-59.912
1024.970	5.410	-60.352
1024.980	5.410	-60.205
1024.990	5.410	-60.278
1025.000	5.410	-60.132
1025.010	5.370	-59.912
1025.020	5.370	-59.839
1025.030	5.370	-59.766
1025.040	5.380	-60.059
1025.050	5.380	-59.619
1025.060	5.380	-60.059
1025.070	5.350	-59.473
1025.080	5.350	-59.180
1025.090	5.350	-59.033
1025.100	5.290	-59.546
1025.110	5.290	-59.180
1025.120	5.290	-59.033
1025.130	5.300	-59.033
1025.140	5.300	-58.813
1025.150	5.300	-58.594
1025.160	5.220	-58.594
1025.170	5.220	-58.594
1025.180	5.220	-58.740
1025.190	5.220	-58.594
1025.200	5.220	-57.935
1025.210	5.220	-58.081
1025.220	5.150	-58.301
1025.230	5.150	-57.861
1025.240	5.150	-57.495
1025.250	5.090	-57.715
1025.260	5.090	-57.349
1025.270	5.090	-57.349
1025.280	5.080	-56.909
1025.290	5.080	-56.763
1025.300	5.080	-56.689
1025.310	5.010	-56.616
1025.320	5.010	-55.957
1025.330	5.010	-56.104
1025.340	4.940	-55.957
1025.350	4.940	-55.444
1025.360	4.940	-55.444
1025.370	4.910	-55.005
1025.380	4.910	-54.785
1025.390	4.910	-54.858
1025.400	4.800	-54.492
1025.410	4.800	-53.906
1025.420	4.800	-53.467
1025.430	4.740	-53.467
1025.440	4.740	-53.174
1025.450	4.740	-52.954
1025.460	4.670	-52.808
1025.470	4.670	-52.588
1025.480	4.670	-52.295
1025.490	4.610	-51.855
1025.500	4.610	-51.416
1025.510	4.610	-51.050
1025.520	4.510	-51.050
1025.530	4.510	-50.391
1025.540	4.510	-50.098
1025.550	4.410	-50.098
1025.560	4.410	-49.658
1025.570	4.410	-48.853
1025.580	4.340	-48.853
1025.590	4.340	-48.413
1025.600	4.340	-47.974
1025.610	4.250	-47.974
1025.620	4.250	-47.827
1025.630	4.250	-47.021
1025.640	4.180	-47.021
1025.650	4.180	-46.582
1025.660	4.180	-45.996
1025.670	4.100	-45.996
1025.680	4.100	-45.630
1025.690	4.100	-45.117
1025.700	3.990	-45.117
1025.710	3.990	-44.897
1025.720	3.990	-44.019
1025.730	3.880	-44.019
1025.740	3.880	-43.652
1025.750	3.880	-42.920
1025.760	3.780	-42.920
1025.770	3.780	-42.554
1025.780	3.780	-41.895
1025.790	3.720	-41.895
1025.800	3.720	-41.528
1025.810	3.720	-40.869
1025.820	3.620	-40.869
1025.830	3.620	-40.576
1025.840	3.620	-39.917
1025.850	3.520	-39.917
1025.860	3.520	-39.624
1025.870	3.520	-38.892
1025.880	3.430	-38.892
1025.890	3.430	-38.306
1025.900	3.430	-38.159
1025.910	3.340	-37.720
1025.920	3.340	-37.354
1025.930	3.340	-36.841
1025.940	3.210	-36.841
1025.950	3.210	-36.255
1025.960	3.210	-35.669
1025.970	3.180	-35.669
1025.980	3.180	-35.522
1025.990	3.180	-35.083
1026.000	3.070	-34.790
1026.010	3.070	-34.570
1026.020	3.070	-34.204
1026.030	2.970	-34.058
1026.040	2.970	-33.398
1026.050	2.970	-33.398
1026.060	2.890	-32.959
1026.070	2.890	-32.520
1026.080	2.890	-32.153
1026.090	2.820	-32.007
1026.100	2.820	-31.348
1026.110	2.820	-31.128
1026.120	2.720	-30.908
1026.130	2.720	-30.542
1026.140	2.720	-30.176
1026.150	2.630	-29.663
1026.160	2.630	-29.443
1026.170	2.630	-29.224
1026.180	2.560	-28.931
1026.190	2.560	-28.491
1026.200	2.560	-28.125
1026.210	2.450	-27.905
1026.220	2.450	-27.319
1026.230	2.450	-27.026
1026.240	2.350	-26.807
1026.250	2.350	-26.660
1026.260	2.350	-26.147
1026.270	2.270	-26.001
1026.280	2.270	-25.269
1026.290	2.270	-25.195
1026.300	2.180	-24.902
1026.310	2.180	-24.609
1026.320	2.180	-24.170
1026.330	2.090	-24.023
1026.340	2.090	-23.437
1026.350	2.090	-22.925
1026.360	1.980	-22.559
1026.370	1.980	-22.119
1026.380	1.980	-22.046
1026.390	1.890	-21.533
1026.400	1.890	-21.387
1026.410	1.890	-20.654
1026.420	1.800	-20.508
1026.430	1.800	-19.922
1026.440	1.800	-19.849
1026.450	1.680	-19.629
1026.460	1.680	-19.189
1026.470	1.680	-18.823
1026.480	1.610	-18.530
1026.490	1.610	-18.164
1026.500	1.610	-17.505
1026.510	1.520	-17.578
1026.520	1.520	-17.139
1026.530	1.520	-16.699
1026.540	1.400	-16.479
1026.550	1.400	-15.820
1026.560	1.400	-15.601
1026.570	1.290	-15.454
1026.580	1.290	-14.575
1026.590	1.290	-14.355
1026.600	1.190	-14.062
1026.610	1.190	-13.696
1026.620	1.190	-13.110
1026.630	1.090	-12.891
1026.640	1.090	-12.231
1026.650	1.090	-12.158
1026.660	0.990	-11.646
1026.670	0.990	-10.840
1026.680	0.990	-10.913
1026.690	0.880	-10.327
1026.700	0.880	-10.254
1026.710	0.880	-9.521
1026.720	0.770	-9.229
1026.730	0.770	-8.716
1026.740	0.770	-8.496
1026.750	0.660	-7.837
1026.760	0.660	-7.617
1026.770	0.660	-7.544
1026.780	0.550	-6.958
1026.790	0.550	-6.519
1026.800	0.550	-5.713
1026.810	0.440	-5.420
1026.820	0.440	-5.127
1026.830	0.440	-4.834
1026.840	0.340	-4.395
1026.850	0.340	-4.028
1026.860	0.340	-3.003
1026.870	0.230	-3.003
1026.880	0.230	-2.637
1026.890	0.230	-2.051
1026.900	0.120	-2.051
1026.910	0.120	-1.685
1026.920	0.120	-0.879
1026.930	0.000	-0.879
1026.940	0.000	-0.439
1026.950	0.000	0.293
1026.960	-0.120	0.293
1026.970	-0.120	0.732
1026.980	-0.120	1.611
1026.990	-0.220	1.611
1027.000	-0.220	1.904
1027.010	-0.220	2.563
1027.020	-0.320	2.563
1027.030	-0.320	2.930
1027.040	-0.320	3.955
1027.050	-0.430	3.955
1027.060	-0.430	4.248
1027.070	-0.430	4.980
1027.080	-0.490	4.980
1027.090	-0.490	5.273
1027.100	-0.490	5.493
1027.110	-0.640	6.226
1027.120	-0.640	6.738
1027.130	-0.640	7.104
1027.140	-0.720	7.324
1027.150	-0.720	7.471
1027.160	-0.720	8.057
1027.170	-0.820	8.496
1027.180	-0.820	8.716
1027.190	-0.820	9.595
1027.200	-0.940	9.595
1027.210	-0.940	10.034
1027.220	-0.940	10.254
1027.230	-1.020	10.767
1027.240	-1.020	10.767
1027.250	-1.020	11.646
1027.260	-1.120	11.938
1027.270	-1.120	11.938
1027.280	-1.120	12.598
1027.290	-1.240	13.110
1027.300	-1.240	13.477
1027.310	-1.240	13.696
1027.320	-1.340	14.062
1027.330	-1.340	14.282
1027.340	-1.340	15.088
1027.350	-1.430	15.308
1027.360	-1.430	15.381
1027.370	-1.430	16.187
1027.380	-1.520	16.333
1027.390	-1.520	16.553
1027.400	-1.520	17.065
1027.410	-1.620	17.212
1027.420	-1.620	17.725
1027.430	-1.620	18.164
1027.440	-1.710	18.457
1027.450	-1.710	18.677
1027.460	-1.710	18.970
1027.470	-1.800	19.263
1027.480	-1.800	19.409
1027.490	-1.800	19.922
1027.500	-1.890	20.288
1027.510	-1.890	20.654
1027.520	-1.890	21.240
1027.530	-1.960	21.240
1027.540	-1.960	21.387
1027.550	-1.960	22.192
1027.560	-2.020	22.192
1027.570	-2.020	22.412
1027.580	-2.020	22.778
1027.590	-2.100	22.852
1027.600	-2.100	23.071
1027.610	-2.100	23.584
1027.620	-2.180	23.584
1027.630	-2.180	23.730
1027.640	-2.180	24.316
1027.650	-2.250	24.316
1027.660	-2.250	24.463
1027.670	-2.250	25.049
1027.680	-2.330	25.049
1027.690	-2.330	25.562
1027.700	-2.330	25.781
1027.710	-2.400	26.074
1027.720	-2.400	26.367
1027.730	-2.400	26.514
1027.740	-2.470	27.026
1027.750	-2.470	27.246
1027.760	-2.470	27.612
1027.770	-2.550	27.832
1027.780	-2.550	28.052
1027.790	-2.550	28.345
1027.800	-2.630	28.638
1027.810	-2.630	28.711
1027.820	-2.630	29.297
1027.830	-2.700	29.663
1027.840	-2.700	29.517
1027.850	-2.700	30.029
1027.860	-2.790	30.469
1027.870	-2.790	30.396
1027.880	-2.790	31.055
1027.890	-2.850	31.055
1027.900	-2.850	31.201
1027.910	-2.850	31.787
1027.920	-2.930	31.787
1027.930	-2.930	32.300
1027.940	-2.930	32.812
1027.950	-3.000	32.812
1027.960	-3.000	32.959
1027.970	-3.000	33.472
1027.980	-3.110	33.472
1027.990	-3.110	34.058
1028.000	-3.110	34.570
1028.010	-3.170	34.570
1028.020	-3.170	34.863
1028.030	-3.170	35.596
1028.040	-3.260	35.596
1028.050	-3.260	35.815
1028.060	-3.260	36.548
1028.070	-3.410	36.548
1028.080	-3.410	36.987
1028.090	-3.410	36.987
1028.100	-3.410	37.573
1028.110	-3.410	37.866
1028.120	-3.410	38.013
1028.130	-3.520	38.232
1028.140	-3.520	38.818
1028.150	-3.520	38.892
1028.160	-3.610	39.478
1028.170	-3.610	39.624
1028.180	-3.610	39.917
1028.190	-3.670	40.283
1028.200	-3.670	40.210
1028.210	-3.670	40.576
1028.220	-3.770	41.382
1028.230	-3.770	41.748
1028.240	-3.770	42.261
1028.250	-3.840	42.187
1028.260	-3.840	42.700
1028.270	-3.840	42.920
1028.280	-3.910	43.359
1028.290	-3.910	43.872
1028.300	-3.910	43.872
1028.310	-4.030	44.165
1028.320	-4.030	44.238
1028.330	-4.030	44.604
1028.340	-4.110	45.117
1028.350	-4.110	45.337
1028.360	-4.110	45.776
1028.370	-4.200	46.069
1028.380	-4.200	46.289
1028.390	-4.200	46.582
1028.400	-4.270	47.095
1028.410	-4.270	47.241
1028.420	-4.270	47.461
1028.430	-4.340	47.681
1028.440	-4.340	47.681
1028.450	-4.340	48.560
1028.460	-4.410	48.560
1028.470	-4.410	48.926
1028.480	-4.410	49.146
1028.490	-4.480	49.512
1028.500	-4.480	49.438
1028.510	-4.480	49.731
1028.520	-4.560	50.464
1028.530	-4.560	50.610
1028.540	-4.560	50.977
1028.550	-4.620	50.977
1028.560	-4.620	51.343
1028.570	-4.620	51.416
1028.580	-4.690	51.929
1028.590	-4.690	51.709
1028.600	-4.690	52.148
1028.610	-4.740	52.734
1028.620	-4.740	52.441
1028.630	-4.740	53.027
1028.640	-4.780	53.027
1028.650	-4.780	53.320
1028.660	-4.780	53.540
1028.670	-4.830	53.540
1028.680	-4.830	54.126
1028.690	-4.830	54.492
1028.700	-4.890	54.199
1028.710	-4.890	54.346
1028.720	-4.890	54.858
1028.730	-4.940	54.858
1028.740	-4.940	54.932
1028.750	-4.940	55.444
1028.760	-4.970	55.444
1028.770	-4.970	55.298
1028.780	-4.970	55.664
1028.790	-4.990	55.664
1028.800	-4.990	55.591
1028.810	-4.990	56.030
1028.820	-5.030	56.030
1028.830	-5.030	55.884
1028.840	-5.030	56.177
1028.850	-5.080	56.177
1028.860	-5.080	56.323
1028.870	-5.080	56.543
1028.880	-5.080	56.543
1028.890	-5.080	56.616
1028.900	-5.080	56.616
1028.910	-5.120	56.616
1028.920	-5.120	56.763
1028.930	-5.120	57.056
1028.940	-5.150	57.056
1028.950	-5.150	57.275
1028.960	-5.150	57.495
1028.970	-5.160	57.495
1028.980	-5.160	57.349
1028.990	-5.160	57.275
1029.000	-5.190	57.275
1029.010	-5.190	57.568
1029.020	-5.190	57.788
1029.030	-5.220	57.788
1029.040	-5.220	57.788
1029.050	-5.220	58.154
1029.060	-5.220	58.154
1029.070	-5.220	58.008
1029.080	-5.220	57.935
1029.090	-5.270	57.935
1029.100	-5.270	58.374
1029.110	-5.270	58.447
1029.120	-5.260	58.447
1029.130	-5.260	58.301
1029.140	-5.260	58.813
1029.150	-5.300	58.813
1029.160	-5.300	58.667
1029.170	-5.300	58.887
1029.180	-5.320	58.887
1029.190	-5.320	59.326
1029.200	-5.320	59.253
1029.210	-5.350	59.253
1029.220	-5.350	59.326
1029.230	-5.350	59.399
1029.240	-5.370	59.399
1029.250	-5.370	59.766
1029.260	-5.370	59.839
1029.270	-5.410	59.839
1029.280	-5.410	60.059
1029.290	-5.410	60.425
1029.300	-5.420	60.425
1029.310	-5.420	60.132
1029.320	-5.420	60.645
1029.330	-5.450	60.645
1029.340	-5.450	60.571
1029.350	-5.450	60.937
1029.360	-5.490	60.937
1029.370	-5.490	60.937
1029.380	-5.490	61.011
1029.390	-5.520	61.523
1029.400	-5.520	61.230
1029.410	-5.520	61.597
1029.420	-5.530	61.670
1029.430	-5.530	61.450
1029.440	-5.530	61.816
1029.450	-5.580	62.036
1029.460	-5.580	62.036
1029.470	-5.580	62.256
1029.480	-5.580	62.183
1029.490	-5.580	62.036
1029.500	-5.580	62.402
1029.510	-5.620	62.402
1029.520	-5.620	62.329
1029.530	-5.620	62.622
1029.540	-5.610	63.062
1029.550	-5.610	62.549
1029.560	-5.610	62.842
1029.570	-5.640	62.915
1029.580	-5.640	62.915
1029.590	-5.640	63.062
1029.600	-5.640	63.208
1029.610	-5.640	62.769
1029.620	-5.640	63.135
1029.630	-5.630	63.428
1029.640	-5.630	62.695
1029.650	-5.630	63.135
1029.660	-5.650	63.135
1029.670	-5.650	62.695
1029.680	-5.650	63.062
1029.690	-5.620	63.208
1029.700	-5.620	62.622
1029.710	-5.620	63.281
1029.720	-5.630	63.135
1029.730	-5.630	62.329
1029.740	-5.630	62.988
1029.750	-5.590	62.988
1029.760	-5.590	62.329
1029.770	-5.590	62.988
1029.780	-5.580	62.842
1029.790	-5.580	62.109
1029.800	-5.580	62.549
1029.810	-5.560	62.476
1029.820	-5.560	61.743
1029.830	-5.560	62.256
1029.840	-5.520	61.890
1029.850	-5.520	61.304
1029.860	-5.520	61.816
1029.870	-5.500	61.523
1029.880	-5.500	61.084
1029.890	-5.500	61.011
1029.900	-5.430	61.157
1029.910	-5.430	60.571
1029.920	-5.430	60.791
1029.930	-5.420	60.645
1029.940	-5.420	60.205
1029.950	-5.420	60.352
1029.960	-5.370	59.912
1029.970	-5.370	59.766
1029.980	-5.370	59.692
1029.990	-5.320	59.766
1030.000	-5.320	58.887
1030.010	-5.320	59.180
1030.020	-5.280	59.326
1030.030	-5.280	58.887
1030.040	-5.280	58.667
1030.050	-5.250	58.740
1030.060	-5.250	58.521
1030.070	-5.250	58.228
1030.080	-5.220	58.154
1030.090	-5.220	58.154
1030.100	-5.220	57.642
1030.110	-5.160	57.349
1030.120	-5.160	57.349
1030.130	-5.160	57.129
1030.140	-5.140	57.568
1030.150	-5.140	56.909
1030.160	-5.140	57.056
1030.170	-5.080	56.982
1030.180	-5.080	56.543
1030.190	-5.080	56.689
1030.200	-5.070	56.616
1030.210	-5.070	56.616
1030.220	-5.070	56.323
1030.230	-5.010	56.177
1030.240	-5.010	55.884
1030.250	-5.010	55.957
1030.260	-5.000	55.884
1030.270	-5.000	55.591
1030.280	-5.000	55.664
1030.290	-4.950	55.151
1030.300	-4.950	55.151
1030.310	-4.950	54.932
1030.320	-4.930	55.078
1030.330	-4.930	55.151
1030.340	-4.930	54.785
1030.350	-4.870	54.565
1030.360	-4.870	54.419
1030.370	-4.870	54.419
1030.380	-4.860	54.346
1030.390	-4.860	53.979
1030.400	-4.860	53.906
1030.410	-4.820	53.906
1030.420	-4.820	53.467
1030.430	-4.820	53.540
1030.440	-4.780	53.760
1030.450	-4.780	53.613
1030.460	-4.780	53.174
1030.470	-4.750	53.394
1030.480	-4.750	53.027
1030.490	-4.750	52.954
1030.500	-4.680	52.734
1030.510	-4.680	52.441
1030.520	-4.680	52.734
1030.530	-4.660	52.441
1030.540	-4.660	51.929
1030.550	-4.660	51.782
1030.560	-4.600	52.075
1030.570	-4.600	51.416
1030.580	-4.600	51.489
1030.590	-4.540	51.343
1030.600	-4.540	50.977
1030.610	-4.540	50.830
1030.620	-4.500	50.464
1030.630	-4.500	50.024
1030.640	-4.500	50.024
1030.650	-4.420	50.244
1030.660	-4.420	49.512
1030.670	-4.420	49.438
1030.680	-4.350	49.292
1030.690	-4.350	49.072
1030.700	-4.350	48.926
1030.710	-4.290	48.926
1030.720	-4.290	48.413
1030.730	-4.290	48.267
1030.740	-4.240	48.047
1030.750	-4.240	47.388
1030.760	-4.240	47.241
1030.770	-4.150	47.095
1030.780	-4.150	46.509
1030.790	-4.150	46.143
1030.800	-4.050	45.923
1030.810	-4.050	45.264
1030.820	-4.050	45.190
1030.830	-3.970	45.044
1030.840	-3.970	44.678
1030.850	-3.970	44.458
1030.860	-3.890	44.312
1030.870	-3.890	43.506
1030.880	-3.890	43.433
1030.890	-3.800	43.359
1030.900	-3.800	43.066
1030.910	-3.800	42.700
1030.920	-3.720	42.187
1030.930	-3.720	41.821
1030.940	-3.720	41.455
1030.950	-3.620	41.235
1030.960	-3.620	40.576
1030.970	-3.620	40.430
1030.980	-3.520	39.844
1030.990	-3.520	39.404
1031.000	-3.520	39.038
1031.010	-3.410	38.965
1031.020	-3.410	38.599
1031.030	-3.410	37.866
1031.040	-3.310	37.646
1031.050	-3.310	37.061
1031.060	-3.310	36.914
1031.070	-3.200	36.548
1031.080	-3.200	36.475
1031.090	-3.200	35.815
1031.100	-3.110	35.522
1031.110	-3.110	34.863
1031.120	-3.110	34.570
1031.130	-3.000	34.570
1031.140	-3.000	33.691
1031.150	-3.000	33.472
1031.160	-2.890	33.179
1031.170	-2.890	32.520
1031.180	-2.890	32.007
1031.190	-2.770	32.007
1031.200	-2.770	31.274
1031.210	-2.770	30.981
1031.220	-2.660	30.542
1031.230	-2.660	30.103
1031.240	-2.660	29.883
1031.250	-2.550	29.224
1031.260	-2.550	28.711
1031.270	-2.550	28.418
1031.280	-2.450	28.125
1031.290	-2.450	27.393
1031.300	-2.450	27.319
1031.310	-2.340	27.026
1031.320	-2.340	26.587
1031.330	-2.340	26.001
1031.340	-2.210	25.342
1031.350	-2.210	25.342
1031.360	-2.210	24.609
1031.370	-2.100	24.097
1031.380	-2.100	24.097
1031.390	-2.100	23.071
1031.400	-2.010	22.412
1031.410	-2.010	22.412
1031.420	-2.010	21.680
1031.430	-1.890	21.387
1031.440	-1.890	21.094
1031.450	-1.890	20.581
1031.460	-1.770	20.581
1031.470	-1.770	20.142
1031.480	-1.770	19.482
1031.490	-1.660	19.482
1031.500	-1.660	18.970
1031.510	-1.660	18.237
1031.520	-1.560	18.237
1031.530	-1.560	17.871
1031.540	-1.560	16.772
1031.550	-1.410	16.772
1031.560	-1.410	16.479
1031.570	-1.410	15.747
1031.580	-1.300	15.747
1031.590	-1.300	15.088
1031.600	-1.300	14.355
1031.610	-1.190	14.355
1031.620	-1.190	13.916
1031.630	-1.190	13.257
1031.640	-1.090	13.257
1031.650	-1.090	12.378
1031.660	-1.090	11.938
1031.670	-0.970	11.938
1031.680	-0.970	11.353
1031.690	-0.970	10.254
1031.700	-0.840	10.254
1031.710	-0.840	10.254
1031.720	-0.840	9.229
1031.730	-0.750	9.229
1031.740	-0.750	8.862
1031.750	-0.750	7.690
1031.760	-0.610	7.690
1031.770	-0.610	7.397
1031.780	-0.610	6.812
1031.790	-0.520	6.812
1031.800	-0.520	6.445
1031.810	-0.520	5.786
1031.820	-0.400	5.420
1031.830	-0.400	5.127
1031.840	-0.400	4.687
1031.850	-0.300	4.321
1031.860	-0.300	4.028
1031.870	-0.300	3.589
1031.880	-0.170	3.003
1031.890	-0.170	2.490
1031.900	-0.170	2.124
1031.910	-0.060	1.758
1031.920	-0.060	1.392
1031.930	-0.060	0.952
1031.940	0.060	0.439
1031.950	0.060	0.073
1031.960	0.060	-0.220
1031.970	0.160	-0.659
1031.980	0.160	-1.099
1031.990	0.160	-1.538
1032.000	0.250	-1.831
1032.010	0.250	-2.124
1032.020	0.250	-2.490
1032.030	0.340	-2.930
1032.040	0.340	-3.442
1032.050	0.340	-3.735
1032.060	0.410	-4.028
1032.070	0.410	-4.175
1032.080	0.410	-4.687
1032.090	0.490	-4.687
1032.100	0.490	-4.980
1032.110	0.490	-5.859
1032.120	0.580	-5.859
1032.130	0.580	-6.006
1032.140	0.580	-6.372
1032.150	0.650	-6.372
1032.160	0.650	-6.738
1032.170	0.650	-7.617
1032.180	0.740	-7.617
1032.190	0.740	-7.764
1032.200	0.740	-8.423
1032.210	0.830	-8.423
1032.220	0.830	-8.423
1032.230	0.830	-9.302
1032.240	0.910	-9.302
1032.250	0.910	-9.595
1032.260	0.910	-10.547
1032.270	1.000	-10.547
1032.280	1.000	-10.327
1032.290	1.000	-11.206
1032.300	1.070	-11.206
1032.310	1.070	-11.572
1032.320	1.070	-11.865
1032.330	1.150	-11.865
1032.340	1.150	-12.598
1032.350	1.150	-13.184
1032.360	1.250	-13.184
1032.370	1.250	-13.110
1032.380	1.250	-13.770
1032.390	1.320	-13.989
1032.400	1.320	-14.282
1032.410	1.320	-14.575
1032.420	1.440	-15.234
1032.430	1.440	-15.381
1032.440	1.440	-15.454
1032.450	1.510	-15.967
1032.460	1.510	-16.479
1032.470	1.510	-16.626
1032.480	1.620	-16.919
1032.490	1.620	-17.285
1032.500	1.620	-17.651
1032.510	1.670	-18.091
1032.520	1.670	-18.164
1032.530	1.670	-18.457
1032.540	1.780	-18.823
1032.550	1.780	-19.116
1032.560	1.780	-19.409
1032.570	1.860	-19.995
1032.580	1.860	-20.361
1032.590	1.860	-20.508
1032.600	1.940	-21.094
1032.610	1.940	-21.021
1032.620	1.940	-21.899
1032.630	2.070	-21.899
1032.640	2.070	-22.485
1032.650	2.070	-22.705
1032.660	2.140	-22.998
1032.670	2.140	-23.511
1032.680	2.140	-23.877
1032.690	2.210	-24.023
1032.700	2.210	-24.023
1032.710	2.210	-24.390
1032.720	2.340	-24.683
1032.730	2.340	-25.269
1032.740	2.340	-25.342
1032.750	2.390	-26.001
1032.760	2.390	-26.074
1032.770	2.390	-26.440
1032.780	2.510	-26.953
1032.790	2.510	-27.393
1032.800	2.510	-27.759
1032.810	2.600	-27.979
1032.820	2.600	-28.271
1032.830	2.600	-28.784
1032.840	2.680	-29.077
1032.850	2.680	-29.077
1032.860	2.680	-29.810
1032.870	2.770	-30.103
1032.880	2.770	-30.103
1032.890	2.770	-30.762
1032.900	2.860	-30.981
1032.910	2.860	-31.567
1032.920	2.860	-31.934
1032.930	2.930	-32.007
1032.940	2.930	-32.446
1032.950	2.930	-32.666
1032.960	3.030	-33.179
1032.970	3.030	-33.325
1032.980	3.030	-33.691
1032.990	3.130	-33.765
1033.000	3.130	-34.424
1033.010	3.130	-34.351
1033.020	3.200	-34.937
1033.030	3.200	-35.083
1033.040	3.200	-35.596
1033.050	3.280	-36.328
1033.060	3.280	-35.889
1033.070	3.280	-36.694
1033.080	3.370	-36.987
1033.090	3.370	-37.207
1033.100	3.370	-37.427
1033.110	3.450	-38.013
1033.120	3.450	-37.939
1033.130	3.450	-38.452
1033.140	3.540	-38.672
1033.150	3.540	-38.599
1033.160	3.540	-39.404
1033.170	3.610	-39.697
1033.180	3.610	-39.844
1033.190	3.610	-40.063
1033.200	3.660	-40.210
1033.210	3.660	-40.576
1033.220	3.660	-40.796
1033.230	3.740	-41.235
1033.240	3.740	-41.309
1033.250	3.740	-41.821
1033.260	3.810	-41.968
1033.270	3.810	-42.041
1033.280	3.810	-42.407
1033.290	3.870	-42.920
1033.300	3.870	-42.773
1033.310	3.870	-42.993
1033.320	3.920	-43.506
1033.330	3.920	-43.506
1033.340	3.920	-43.872
1033.350	3.990	-43.872
1033.360	3.990	-44.019
1033.370	3.990	-44.092
1033.380	4.040	-44.678
1033.390	4.040	-44.385
1033.400	4.040	-45.044
1033.410	4.070	-45.190
1033.420	4.070	-45.190
1033.430	4.070	-45.264
1033.440	4.140	-45.630
1033.450	4.140	-45.776
1033.460	4.140	-46.069
1033.470	4.160	-46.216
1033.480	4.160	-46.069
1033.490	4.160	-46.436
1033.500	4.220	-46.729
1033.510	4.220	-46.729
1033.520	4.220	-46.948
1033.530	4.240	-47.168
1033.540	4.240	-47.021
1033.550	4.240	-47.168
1033.560	4.300	-47.534
1033.570	4.300	-47.607
1033.580	4.300	-47.900
1033.590	4.320	-48.047
1033.600	4.320	-47.900
1033.610	4.320	-48.047
1033.620	4.350	-48.267
1033.630	4.350	-48.267
1033.640	4.350	-48.413
1033.650	4.370	-48.560
1033.660	4.370	-48.267
1033.670	4.370	-48.413
1033.680	4.420	-48.853
1033.690	4.420	-48.926
1033.700	4.420	-49.072
1033.710	4.430	-49.365
1033.720	4.430	-49.146
1033.730	4.430	-49.438
1033.740	4.480	-49.512
1033.750	4.480	-49.585
1033.760	4.480	-49.585
1033.770	4.490	-50.098
1033.780	4.490	-49.512
1033.790	4.490	-49.805
1033.800	4.520	-49.951
1033.810	4.520	-50.024
1033.820	4.520	-50.244
1033.830	4.580	-50.537
1033.840	4.580	-50.757
1033.850	4.580	-50.830
1033.860	4.600	-50.977
1033.870	4.600	-50.610
1033.880	4.600	-50.977
1033.890	4.610	-51.270
1033.900	4.610	-51.123
1033.910	4.610	-51.196
1033.920	4.670	-51.416
1033.930	4.670	-51.416
1033.940	4.670	-51.489
1033.950	4.690	-51.782
1033.960	4.690	-51.709
1033.970	4.690	-52.002
1033.980	4.700	-52.368
1033.990	4.700	-52.002
1034.000	4.700	-52.222
1034.010	4.750	-52.734
1034.020	4.750	-52.808
1034.030	4.750	-52.734
1034.040	4.800	-52.808
1034.050	4.800	-52.808
1034.060	4.800	-53.174
1034.070	4.850	-53.467
1034.080	4.850	-53.320
1034.090	4.850	-53.760
1034.100	4.850	-53.833
1034.110	4.850	-53.540
1034.120	4.850	-53.833
1034.130	4.890	-54.126
1034.140	4.890	-54.199
1034.150	4.890	-54.565
1034.160	4.940	-54.639
1034.170	4.940	-54.565
1034.180	4.940	-54.785
1034.190	4.990	-55.005
1034.200	4.990	-55.371
1034.210	4.990	-55.444
1034.220	5.020	-55.371
1034.230	5.020	-55.518
1034.240	5.020	-55.444
1034.250	5.050	-55.884
1034.260	5.050	-55.884
1034.270	5.050	-55.957
1034.280	5.040	-56.177
1034.290	5.040	-55.957
1034.300	5.040	-56.250
1034.310	5.080	-56.543
1034.320	5.080	-56.396
1034.330	5.080	-56.543
1034.340	5.100	-57.275
1034.350	5.100	-56.763
1034.360	5.100	-56.909
1034.370	5.130	-57.275
1034.380	5.130	-56.982
1034.390	5.130	-57.056
1034.400	5.150	-57.056
1034.410	5.150	-57.202
1034.420	5.150	-57.568
1034.430	5.160	-57.568
1034.440	5.160	-57.275
1034.450	5.160	-57.568
1034.460	5.150	-57.349
1034.470	5.150	-57.788
1034.480	5.150	-57.349
1034.490	5.150	-57.349
1034.500	5.150	-57.568
1034.510	5.150	-57.788
1034.520	5.140	-57.788
1034.530	5.140	-57.275
1034.540	5.140	-57.568
1034.550	5.130	-57.568
1034.560	5.130	-57.349
1034.570	5.130	-57.056
1034.580	5.110	-57.056
1034.590	5.110	-57.422
1034.600	5.110	-57.349
1034.610	5.090	-57.349
1034.620	5.090	-56.982
1034.630	5.090	-57.056
1034.640	5.100	-57.056
1034.650	5.100	-56.763
1034.660	5.100	-56.543
1034.670	5.080	-56.543
1034.680	5.080	-56.543
1034.690	5.080	-56.323
1034.700	5.050	-56.323
1034.710	5.050	-56.323
1034.720	5.050	-55.957
1034.730	5.020	-55.957
1034.740	5.020	-55.884
1034.750	5.020	-55.371
1034.760	4.990	-55.371
1034.770	4.990	-55.518
1034.780	4.990	-55.005
1034.790	4.950	-55.005
1034.800	4.950	-55.371
1034.810	4.950	-54.858
1034.820	4.890	-54.712
1034.830	4.890	-54.932
1034.840	4.890	-54.639
1034.850	4.860	-54.639
1034.860	4.860	-54.419
1034.870	4.860	-54.053
1034.880	4.830	-54.126
1034.890	4.830	-53.979
1034.900	4.830	-53.906
1034.910	4.800	-53.760
1034.920	4.800	-53.467
1034.930	4.800	-53.247
1034.940	4.770	-53.247
1034.950	4.770	-53.101
1034.960	4.770	-52.808
1034.970	4.740	-52.808
1034.980	4.740	-52.734
1034.990	4.740	-52.222
1035.000	4.710	-52.222
1035.010	4.710	-52.075
1035.020	4.710	-52.148
1035.030	4.670	-52.148
1035.040	4.670	-51.929
1035.050	4.670	-51.782
1035.060	4.620	-51.929
1035.070	4.620	-51.782
1035.080	4.620	-51.636
1035.090	4.600	-51.489
1035.100	4.600	-51.343
1035.110	4.600	-51.343
1035.120	4.570	-51.270
1035.130	4.570	-50.977
1035.140	4.570	-50.757
1035.150	4.550	-50.903
1035.160	4.550	-50.610
1035.170	4.550	-50.537
1035.180	4.520	-50.171
1035.190	4.520	-50.024
1035.200	4.520	-49.951
1035.210	4.480	-50.098
1035.220	4.480	-50.024
1035.230	4.480	-50.024
1035.240	4.440	-50.171
1035.250	4.440	-49.658
1035.260	4.440	-49.585
1035.270	4.420	-49.438
1035.280	4.420	-49.365
1035.290	4.420	-49.146
1035.300	4.400	-49.365
1035.310	4.400	-48.779
1035.320	4.400	-48.706
1035.330	4.360	-48.486
1035.340	4.360	-48.047
1035.350	4.360	-48.047
1035.360	4.310	-48.267
1035.370	4.310	-47.974
1035.380	4.310	-47.827
1035.390	4.290	-47.827
1035.400	4.290	-47.607
1035.410	4.290	-47.461
1035.420	4.240	-47.461
1035.430	4.240	-47.168
1035.440	4.240	-47.021
1035.450	4.170	-47.021
1035.460	4.170	-46.582
1035.470	4.170	-46.509
1035.480	4.120	-46.289
1035.490	4.120	-46.216
1035.500	4.120	-45.923
1035.510	4.090	-45.923
1035.520	4.090	-45.703
1035.530	4.090	-45.557
1035.540	4.010	-45.557
1035.550	4.010	-45.483
1035.560	4.010	-44.897
1035.570	3.970	-44.897
1035.580	3.970	-44.531
1035.590	3.970	-43.945
1035.600	3.880	-43.945
1035.610	3.880	-43.799
1035.620	3.880	-43.066
1035.630	3.820	-43.066
1035.640	3.820	-42.773
1035.650	3.820	-42.407
1035.660	3.760	-42.407
1035.670	3.760	-42.187
1035.680	3.760	-41.895
1035.690	3.610	-41.675
1035.700	3.610	-41.455
1035.710	3.610	-40.869
1035.720	3.600	-40.942
1035.730	3.600	-40.796
1035.740	3.600	-40.210
1035.750	3.510	-39.844
1035.760	3.510	-39.331
1035.770	3.510	-39.111
1035.780	3.430	-39.258
1035.790	3.430	-38.672
1035.800	3.430	-38.232
1035.810	3.330	-38.013
1035.820	3.330	-37.500
1035.830	3.330	-37.280
1035.840	3.240	-36.914
1035.850	3.240	-36.621
1035.860	3.240	-36.255
1035.870	3.170	-36.035
1035.880	3.170	-35.229
1035.890	3.170	-35.010
1035.900	3.050	-35.083
1035.910	3.050	-34.424
1035.920	3.050	-33.472
1035.930	2.950	-33.179
1035.940	2.950	-33.179
1035.950	2.950	-32.593
1035.960	2.850	-31.934
1035.970	2.850	-31.934
1035.980	2.850	-31.567
1035.990	2.730	-30.615
1036.000	2.730	-30.542
1036.010	2.730	-30.249
1036.020	2.620	-29.810
1036.030	2.620	-29.810
1036.040	2.620	-29.004
1036.050	2.530	-29.004
1036.060	2.530	-28.491
1036.070	2.530	-27.759
1036.080	2.440	-27.759
1036.090	2.440	-27.173
1036.100	2.440	-26.660
1036.110	2.320	-26.660
1036.120	2.320	-26.001
1036.130	2.320	-25.195
1036.140	2.190	-25.195
1036.150	2.190	-25.122
1036.160	2.190	-24.097
1036.170	2.080	-24.097
1036.180	2.080	-23.730
1036.190	2.080	-22.852
1036.200	1.960	-22.852
1036.210	1.960	-22.192
1036.220	1.960	-21.533
1036.230	1.860	-21.533
1036.240	1.860	-21.240
1036.250	1.860	-20.361
1036.260	1.740	-20.361
1036.270	1.740	-19.995
1036.280	1.740	-19.116
1036.290	1.620	-19.116
1036.300	1.620	-18.530
1036.310	1.620	-17.725
1036.320	1.500	-17.725
1036.330	1.500	-17.139
1036.340	1.500	-16.406
1036.350	1.380	-16.406
1036.360	1.380	-15.967
1036.370	1.380	-14.868
1036.380	1.260	-14.868
1036.390	1.260	-14.648
1036.400	1.260	-13.696
1036.410	1.160	-13.696
1036.420	1.160	-13.037
1036.430	1.160	-12.891
1036.440	1.030	-12.305
1036.450	1.030	-11.792
1036.460	1.030	-11.353
1036.470	0.890	-10.913
1036.480	0.890	-10.693
1036.490	0.890	-9.961
1036.500	0.780	-9.595
1036.510	0.780	-9.155
1036.520	0.780	-8.789
1036.530	0.670	-8.057
1036.540	0.670	-7.617
1036.550	0.670	-7.544
1036.560	0.520	-7.031
1036.570	0.520	-6.592
1036.580	0.520	-5.273
1036.590	0.410	-5.273
1036.600	0.410	-4.907
1036.610	0.410	-3.955
1036.620	0.310	-3.955
1036.630	0.310	-3.589
1036.640	0.310	-2.563
1036.650	0.130	-2.563
1036.660	0.130	-2.124
1036.670	0.130	-1.392
1036.680	0.020	-1.392
1036.690	0.020	-0.952
1036.700	0.020	0.073
1036.710	-0.090	0.073
1036.720	-0.090	0.586
1036.730	-0.090	1.392
1036.740	-0.250	1.392
1036.750	-0.250	1.831
1036.760	-0.250	2.930
1036.770	-0.350	2.930
1036.780	-0.350	3.442
1036.790	-0.350	4.102
1036.800	-0.450	4.102
1036.810	-0.450	4.687
1036.820	-0.450	5.420
1036.830	-0.600	5.420
1036.840	-0.600	6.152
1036.850	-0.600	7.031
1036.860	-0.710	7.031
1036.870	-0.710	7.397
1036.880	-0.710	8.130
1036.890	-0.810	8.130
1036.900	-0.810	8.716
1036.910	-0.810	9.448
1036.920	-0.940	9.448
1036.930	-0.940	9.888
1036.940	-0.940	10.767
1036.950	-1.050	10.767
1036.960	-1.050	11.133
1036.970	-1.050	12.012
1036.980	-1.160	12.012
1036.990	-1.160	12.524
1037.000	-1.160	13.330
1037.010	-1.280	13.330
1037.020	-1.280	13.843
1037.030	-1.280	14.502
1037.040	-1.410	14.502
1037.050	-1.410	14.941
1037.060	-1.410	15.820
1037.070	-1.510	15.820
1037.080	-1.510	16.260
1037.090	-1.510	17.285
1037.100	-1.620	17.285
1037.110	-1.620	17.725
1037.120	-1.620	18.237
1037.130	-1.720	18.237
1037.140	-1.720	18.750
1037.150	-1.720	19.482
1037.160	-1.810	19.482
1037.170	-1.810	19.849
1037.180	-1.810	20.654
1037.190	-1.920	20.654
1037.200	-1.920	21.094
1037.210	-1.920	21.680
1037.220	-2.020	21.680
1037.230	-2.020	22.266
1037.240	-2.020	22.925
1037.250	-2.120	22.925
1037.260	-2.120	23.071
1037.270	-2.120	23.877
1037.280	-2.230	23.877
1037.290	-2.230	24.023
1037.300	-2.230	24.316
1037.310	-2.310	24.536
1037.320	-2.310	25.342
1037.330	-2.310	25.635
1037.340	-2.420	26.147
1037.350	-2.420	26.440
1037.360	-2.420	26.660
1037.370	-2.530	27.466
1037.380	-2.530	27.759
1037.390	-2.530	28.125
1037.400	-2.630	28.564
1037.410	-2.630	29.150
1037.420	-2.630	29.517
1037.430	-2.730	29.883
1037.440	-2.730	30.176
1037.450	-2.730	30.835
1037.460	-2.840	30.835
1037.470	-2.840	31.055
1037.480	-2.840	31.934
1037.490	-2.910	31.934
1037.500	-2.910	32.153
1037.510	-2.910	32.886
1037.520	-3.030	32.886
1037.530	-3.030	33.472
1037.540	-3.030	34.058
1037.550	-3.110	34.058
1037.560	-3.110	34.351
1037.570	-3.110	35.303
1037.580	-3.230	35.303
1037.590	-3.230	35.449
1037.600	-3.230	36.255
1037.610	-3.300	36.255
1037.620	-3.300	36.694
1037.630	-3.300	37.280
1037.640	-3.480	37.280
1037.650	-3.480	37.573
1037.660	-3.480	37.866
1037.670	-3.470	38.232
1037.680	-3.470	38.745
1037.690	-3.470	38.818
1037.700	-3.570	39.551
1037.710	-3.570	39.697
1037.720	-3.570	39.771
1037.730	-3.670	40.210
1037.740	-3.670	40.283
1037.750	-3.670	40.869
1037.760	-3.730	41.382
1037.770	-3.730	41.528
1037.780	-3.730	41.528
1037.790	-3.820	42.187
1037.800	-3.820	42.187
1037.810	-3.820	42.480
1037.820	-3.890	43.066
1037.830	-3.890	43.286
1037.840	-3.890	43.652
1037.850	-3.960	43.872
1037.860	-3.960	43.726
1037.870	-3.960	43.872
1037.880	-4.040	44.531
1037.890	-4.040	44.531
1037.900	-4.040	44.897
1037.910	-4.110	45.117
1037.920	-4.110	45.117
1037.930	-4.110	45.410
1037.940	-4.170	45.923
1037.950	-4.170	45.996
1037.960	-4.170	46.436
1037.970	-4.230	47.095
1037.980	-4.230	46.875
1037.990	-4.230	47.241
1038.000	-4.280	47.681
1038.010	-4.280	47.754
1038.020	-4.280	48.047
1038.030	-4.350	48.486
1038.040	-4.350	48.340
1038.050	-4.350	48.560
1038.060	-4.400	48.779
1038.070	-4.400	48.633
1038.080	-4.400	49.072
1038.090	-4.460	49.658
1038.100	-4.460	49.438
1038.110	-4.460	49.731
1038.120	-4.520	49.878
1038.130	-4.520	49.731
1038.140	-4.520	50.171
1038.150	-4.600	50.757
1038.160	-4.600	50.903
1038.170	-4.600	50.977
1038.180	-4.640	51.123
1038.190	-4.640	50.903
1038.200	-4.640	51.489
1038.210	-4.690	51.782
1038.220	-4.690	51.782
1038.230	-4.690	52.075
1038.240	-4.740	52.515
1038.250	-4.740	52.222
1038.260	-4.740	52.441
1038.270	-4.790	53.174
1038.280	-4.790	53.174
1038.290	-4.790	53.247
1038.300	-4.870	53.320
1038.310	-4.870	53.613
1038.320	-4.870	54.053
1038.330	-4.940	54.639
1038.340	-4.940	54.272
1038.350	-4.940	54.419
1038.360	-4.970	55.005
1038.370	-4.970	54.712
1038.380	-4.970	55.591
1038.390	-5.030	55.591
1038.400	-5.030	55.591
1038.410	-5.030	56.177
1038.420	-5.120	56.177
1038.430	-5.120	56.104
1038.440	-5.120	57.056
1038.450	-5.170	57.056
1038.460	-5.170	57.056
1038.470	-5.170	57.642
1038.480	-5.220	57.642
1038.490	-5.220	57.861
1038.500	-5.220	58.374
1038.510	-5.320	58.374
1038.520	-5.320	58.521
1038.530	-5.320	59.033
1038.540	-5.360	59.033
1038.550	-5.360	59.399
1038.560	-5.360	59.766
1038.570	-5.430	59.766
1038.580	-5.430	60.352
1038.590	-5.430	60.645
1038.600	-5.500	60.645
1038.610	-5.500	60.937
1038.620	-5.500	61.377
1038.630	-5.580	61.377
1038.640	-5.580	61.963
1038.650	-5.580	62.329
1038.660	-5.620	62.329
1038.670	-5.620	62.622
1038.680	-5.620	63.062
1038.690	-5.720	63.062
1038.700	-5.720	63.135
1038.710	-5.720	63.867
1038.720	-5.750	63.867
1038.730	-5.750	63.721
1038.740	-5.750	64.673
1038.750	-5.820	64.673
1038.760	-5.820	64.746
1038.770	-5.820	65.039
1038.780	-5.850	65.039
1038.790	-5.850	65.552
1038.800	-5.850	65.698
1038.810	-5.920	65.698
1038.820	-5.920	65.991
1038.830	-5.920	66.211
1038.840	-5.970	66.211
1038.850	-5.970	66.284
1038.860	-5.970	66.797
1038.870	-5.990	66.797
1038.880	-5.990	67.090
1038.890	-5.990	67.017
1038.900	-6.050	67.017
1038.910	-6.050	67.310
1038.920	-6.050	67.822
1038.930	-6.060	67.822
1038.940	-6.060	67.603
1038.950	-6.060	67.822
1038.960	-6.080	67.822
1038.970	-6.080	67.969
1038.980	-6.080	68.262
1038.990	-6.120	68.262
1039.000	-6.120	68.481
1039.010	-6.120	68.555
1039.020	-6.150	68.555
1039.030	-6.150	68.042
1039.040	-6.150	68.115
1039.050	-6.140	68.115
1039.060	-6.140	68.481
1039.070	-6.140	68.335
1039.080	-6.150	68.335
1039.090	-6.150	68.335
1039.100	-6.150	68.701
1039.110	-6.170	68.701
1039.120	-6.170	68.555
1039.130	-6.170	68.628
1039.140	-6.180	68.774
1039.150	-6.180	68.408
1039.160	-6.180	68.628
1039.170	-6.180	68.628
1039.180	-6.180	68.481
1039.190	-6.180	68.481
1039.200	-6.170	68.481
1039.210	-6.170	68.628
1039.220	-6.170	68.628
1039.230	-6.180	68.628
1039.240	-6.180	68.921
1039.250	-6.180	69.067
1039.260	-6.220	69.067
1039.270	-6.220	68.994
1039.280	-6.220	68.921
1039.290	-6.210	68.921
1039.300	-6.210	69.141
1039.310	-6.210	69.141
1039.320	-6.230	69.141
1039.330	-6.230	68.921
1039.340	-6.230	68.994
1039.350	-6.240	68.994
1039.360	-6.240	69.287
1039.370	-6.240	69.214
1039.380	-6.240	69.214
1039.390	-6.240	69.360
1039.400	-6.240	69.580
1039.410	-6.260	69.580
1039.420	-6.260	69.580
1039.430	-6.260	69.800
1039.440	-6.300	70.239
1039.450	-6.300	70.020
1039.460	-6.300	69.946
1039.470	-6.320	70.166
1039.480	-6.320	70.239
1039.490	-6.320	70.093
1039.500	-6.340	70.459
1039.510	-6.340	70.459
1039.520	-6.340	70.605
1039.530	-6.360	70.532
1039.540	-6.360	70.166
1039.550	-6.360	70.459
1039.560	-6.370	71.118
1039.570	-6.370	70.752
1039.580	-6.370	70.825
1039.590	-6.350	71.118
1039.600	-6.350	71.045
1039.610	-6.350	70.972
1039.620	-6.360	71.338
1039.630	-6.360	71.411
1039.640	-6.360	71.484
1039.650	-6.370	71.704
1039.660	-6.370	70.898
1039.670	-6.370	71.411
1039.680	-6.370	71.558
1039.690	-6.370	71.484
1039.700	-6.370	71.191
1039.710	-6.370	71.558
1039.720	-6.370	70.898
1039.730	-6.370	71.118
1039.740	-6.350	71.045
1039.750	-6.350	70.972
1039.760	-6.350	70.972
1039.770	-6.350	71.118
1039.780	-6.350	70.605
1039.790	-6.350	70.752
1039.800	-6.330	70.898
1039.810	-6.330	70.752
1039.820	-6.330	70.605
1039.830	-6.290	70.532
1039.840	-6.290	70.312
1039.850	-6.290	70.312
1039.860	-6.260	70.386
1039.870	-6.260	70.093
1039.880	-6.260	70.093
1039.890	-6.220	69.946
1039.900	-6.220	69.507
1039.910	-6.220	69.360
1039.920	-6.170	69.727
1039.930	-6.170	69.360
1039.940	-6.170	69.214
1039.950	-6.140	68.701
1039.960	-6.140	68.481
1039.970	-6.140	68.262
1039.980	-6.100	68.481
1039.990	-6.100	67.969
1040.000	-6.100	68.042
1040.010	-6.070	67.896
1040.020	-6.070	67.236
1040.030	-6.070	67.163
1040.040	-6.030	67.090
1040.050	-6.030	67.163
1040.060	-6.030	67.017
1040.070	-5.970	66.943
1040.080	-5.970	66.357
1040.090	-5.970	66.138
1040.100	-5.930	66.357
1040.110	-5.930	65.991
1040.120	-5.930	66.064
1040.130	-5.880	65.918
1040.140	-5.880	65.405
1040.150	-5.880	65.332
1040.160	-5.830	65.405
1040.170	-5.830	64.893
1040.180	-5.830	64.893
1040.190	-5.810	65.039
1040.200	-5.810	64.453
1040.210	-5.810	64.307
1040.220	-5.770	64.233
1040.230	-5.770	64.233
1040.240	-5.770	64.307
1040.250	-5.730	63.867
1040.260	-5.730	63.574
1040.270	-5.730	63.647
1040.280	-5.670	63.574
1040.290	-5.670	63.428
1040.300	-5.670	63.281
1040.310	-5.640	63.062
1040.320	-5.640	63.062
1040.330	-5.640	62.695
1040.340	-5.620	62.622
1040.350	-5.620	62.769
1040.360	-5.620	62.476
1040.370	-5.580	62.329
1040.380	-5.580	62.256
1040.390	-5.580	61.963
1040.400	-5.520	61.890
1040.410	-5.520	62.109
1040.420	-5.520	61.377
1040.430	-5.470	61.377
1040.440	-5.470	61.157
1040.450	-5.470	61.084
1040.460	-5.450	61.084
1040.470	-5.450	60.864
1040.480	-5.450	60.718
1040.490	-5.390	60.645
1040.500	-5.390	60.352
1040.510	-5.390	59.839
1040.520	-5.340	60.425
1040.530	-5.340	60.132
1040.540	-5.340	59.985
1040.550	-5.310	59.619
1040.560	-5.310	59.399
1040.570	-5.310	58.960
1040.580	-5.260	58.960
1040.590	-5.260	58.667
1040.600	-5.260	58.667
1040.610	-5.160	58.667
1040.620	-5.160	58.081
1040.630	-5.160	57.642
1040.640	-5.120	57.788
1040.650	-5.120	57.642
1040.660	-5.120	57.275
1040.670	-5.050	57.129
1040.680	-5.050	56.616
1040.690	-5.050	56.616
1040.700	-4.990	56.470
1040.710	-4.990	56.030
1040.720	-4.990	55.811
1040.730	-4.880	55.737
1040.740	-4.880	55.005
1040.750	-4.880	54.639
1040.760	-4.830	54.785
1040.770	-4.830	54.272
1040.780	-4.830	54.126
1040.790	-4.720	53.833
1040.800	-4.720	53.101
1040.810	-4.720	52.954
1040.820	-4.630	52.515
1040.830	-4.630	52.075
1040.840	-4.630	51.929
1040.850	-4.540	51.562
1040.860	-4.540	50.903
1040.870	-4.540	50.757
1040.880	-4.480	50.610
1040.890	-4.480	50.024
1040.900	-4.480	49.731
1040.910	-4.340	49.585
1040.920	-4.340	48.999
1040.930	-4.340	48.853
1040.940	-4.240	48.560
1040.950	-4.240	48.047
1040.960	-4.240	47.607
1040.970	-4.150	47.168
1040.980	-4.150	46.655
1040.990	-4.150	46.362
1041.000	-4.030	45.923
1041.010	-4.030	45.190
1041.020	-4.030	44.897
1041.030	-3.940	44.751
1041.040	-3.940	44.238
1041.050	-3.940	44.092
1041.060	-3.850	43.579
1041.070	-3.850	43.066
1041.080	-3.850	42.773
1041.090	-3.740	42.627
1041.100	-3.740	41.821
1041.110	-3.740	41.528
1041.120	-3.610	41.528
1041.130	-3.610	40.723
1041.140	-3.610	40.503
1041.150	-3.520	40.137
1041.160	-3.520	39.478
1041.170	-3.520	39.258
1041.180	-3.420	39.038
1041.190	-3.420	38.232
1041.200	-3.420	38.306
1041.210	-3.320	37.793
1041.220	-3.320	37.354
1041.230	-3.320	36.914
1041.240	-3.220	36.694
1041.250	-3.220	35.815
1041.260	-3.220	36.035
1041.270	-3.110	35.522
1041.280	-3.110	34.717
1041.290	-3.110	34.644
1041.300	-2.990	34.277
1041.310	-2.990	33.911
1041.320	-2.990	33.252
1041.330	-2.900	33.179
1041.340	-2.900	32.520
1041.350	-2.900	32.373
1041.360	-2.790	31.787
1041.370	-2.790	31.274
1041.380	-2.790	31.274
1041.390	-2.700	30.835
1041.400	-2.700	30.176
1041.410	-2.700	29.956
1041.420	-2.600	29.883
1041.430	-2.600	29.370
1041.440	-2.600	28.857
1041.450	-2.490	28.564
1041.460	-2.490	28.198
1041.470	-2.490	27.759
1041.480	-2.380	27.539
1041.490	-2.380	27.026
1041.500	-2.380	26.953
1041.510	-2.270	26.514
1041.520	-2.270	25.854
1041.530	-2.270	25.562
1041.540	-2.130	25.342
1041.550	-2.130	24.902
1041.560	-2.130	24.463
1041.570	-2.080	24.390
1041.580	-2.080	23.657
1041.590	-2.080	22.632
1041.600	-1.970	22.632
1041.610	-1.970	22.119
1041.620	-1.970	21.606
1041.630	-1.890	21.606
1041.640	-1.890	21.167
1041.650	-1.890	20.947
1041.660	-1.770	20.435
1041.670	-1.770	19.995
1041.680	-1.770	19.629
1041.690	-1.640	19.702
1041.700	-1.640	19.263
1041.710	-1.640	18.823
1041.720	-1.600	18.457
1041.730	-1.600	18.091
1041.740	-1.600	17.432
1041.750	-1.450	17.285
1041.760	-1.450	17.065
1041.770	-1.450	16.406
1041.780	-1.390	16.333
1041.790	-1.390	15.747
1041.800	-1.390	15.234
1041.810	-1.250	15.161
1041.820	-1.250	14.502
1041.830	-1.250	14.136
1041.840	-1.150	13.843
1041.850	-1.150	13.403
1041.860	-1.150	12.891
1041.870	-1.030	12.891
1041.880	-1.030	11.938
1041.890	-1.030	11.572
1041.900	-0.940	11.499
1041.910	-0.940	10.840
1041.920	-0.940	10.693
1041.930	-0.850	10.107
1041.940	-0.850	9.814
1041.950	-0.850	9.448
1041.960	-0.720	9.082
1041.970	-0.720	8.496
1041.980	-0.720	8.569
1041.990	-0.620	8.057
1042.000	-0.620	7.324
1042.010	-0.620	6.958
1042.020	-0.500	6.665
1042.030	-0.500	6.445
1042.040	-0.500	6.152
1042.050	-0.420	5.420
1042.060	-0.420	5.127
1042.070	-0.420	4.834
1042.080	-0.320	4.395
1042.090	-0.320	4.102
1042.100	-0.320	3.955
1042.110	-0.230	3.662
1042.120	-0.230	3.076
1042.130	-0.230	2.637
1042.140	-0.120	2.271
1042.150	-0.120	1.611
1042.160	-0.120	1.245
1042.170	-0.040	1.245
1042.180	-0.040	0.879
1042.190	-0.040	0.366
1042.200	0.050	0.366
1042.210	0.050	0.073
1042.220	0.050	-0.439
1042.230	0.130	-0.439
1042.240	0.130	-0.732
1042.250	0.130	-1.392
1042.260	0.200	-1.392
1042.270	0.200	-1.685
1042.280	0.200	-1.978
1042.290	0.270	-2.271
1042.300	0.270	-2.490
1042.310	0.270	-3.223
1042.320	0.330	-3.223
1042.330	0.330	-3.516
1042.340	0.330	-3.662
1042.350	0.410	-3.662
1042.360	0.410	-3.882
1042.370	0.410	-4.175
1042.380	0.480	-4.761
1042.390	0.480	-4.761
1042.400	0.480	-5.127
1042.410	0.550	-5.566
1042.420	0.550	-5.640
1042.430	0.550	-5.640
1042.440	0.600	-6.152
1042.450	0.600	-6.519
1042.460	0.600	-7.104
1042.470	0.690	-7.104
1042.480	0.690	-7.251
1042.490	0.690	-7.324
1042.500	0.760	-7.690
1042.510	0.760	-7.617
1042.520	0.760	-8.057
1042.530	0.810	-8.716
1042.540	0.810	-8.569
1042.550	0.810	-9.009
1042.560	0.900	-9.229
1042.570	0.900	-9.521
1042.580	0.900	-9.595
1042.590	0.960	-10.034
1042.600	0.960	-10.107
1042.610	0.960	-10.620
1042.620	1.030	-10.840
1042.630	1.030	-10.913
1042.640	1.030	-11.279
1042.650	1.100	-11.572
1042.660	1.100	-11.792
1042.670	1.100	-11.865
1042.680	1.170	-12.305
1042.690	1.170	-12.744
1042.700	1.170	-12.964
1042.710	1.230	-13.037
1042.720	1.230	-13.403
1042.730	1.230	-13.330
1042.740	1.320	-13.843
1042.750	1.320	-14.062
1042.760	1.320	-14.282
1042.770	1.350	-14.575
1042.780	1.350	-14.941
1042.790	1.350	-15.161
1042.800	1.450	-15.161
1042.810	1.450	-15.674
1042.820	1.450	-16.040
1042.830	1.500	-16.040
1042.840	1.500	-16.333
1042.850	1.500	-16.699
1042.860	1.550	-16.699
1042.870	1.550	-16.846
1042.880	1.550	-17.725
1042.890	1.640	-17.725
1042.900	1.640	-17.725
1042.910	1.640	-18.164
1042.920	1.700	-18.164
1042.930	1.700	-18.457
1042.940	1.700	-18.896
1042.950	1.770	-18.896
1042.960	1.770	-19.263
1042.970	1.770	-19.629
1042.980	1.830	-19.629
1042.990	1.830	-19.629
1043.000	1.830	-20.508
1043.010	1.890	-20.508
1043.020	1.890	-20.654
1043.030	1.890	-21.094
1043.040	1.950	-21.094
1043.050	1.950	-21.533
1043.060	1.950	-22.119
1043.070	2.030	-22.119
1043.080	2.030	-22.192
1043.090	2.030	-22.778
1043.100	2.090	-22.778
1043.110	2.090	-22.998
1043.120	2.090	-23.364
1043.130	2.150	-23.364
1043.140	2.150	-23.584
1043.150	2.150	-24.023
1043.160	2.230	-24.023
1043.170	2.230	-24.170
1043.180	2.230	-24.463
1043.190	2.280	-24.536
1043.200	2.280	-24.976
1043.210	2.280	-25.122
1043.220	2.360	-25.781
1043.230	2.360	-25.635
1043.240	2.360	-26.074
1043.250	2.420	-26.221
1043.260	2.420	-26.440
1043.270	2.420	-27.026
1043.280	2.500	-27.319
1043.290	2.500	-27.466
1043.300	2.500	-27.539
1043.310	2.580	-27.905
1043.320	2.580	-28.052
1043.330	2.580	-28.345
1043.340	2.630	-28.564
1043.350	2.630	-29.150
1043.360	2.630	-29.297
1043.370	2.720	-29.150
1043.380	2.720	-29.517
1043.390	2.720	-29.810
1043.400	2.790	-30.249
1043.410	2.790	-30.322
1043.420	2.790	-30.981
1043.430	2.830	-30.981
1043.440	2.830	-31.348
1043.450	2.830	-31.567
1043.460	2.910	-31.567
1043.470	2.910	-32.080
1043.480	2.910	-32.520
1043.490	3.040	-32.520
1043.500	3.040	-32.666
1043.510	3.040	-33.179
1043.520	3.060	-33.179
1043.530	3.060	-33.252
1043.540	3.060	-33.911
1043.550	3.110	-33.911
1043.560	3.110	-34.204
1043.570	3.110	-34.863
1043.580	3.190	-34.863
1043.590	3.190	-35.083
1043.600	3.190	-35.376
1043.610	3.250	-35.376
1043.620	3.250	-35.669
1043.630	3.250	-35.962
1043.640	3.300	-35.962
1043.650	3.300	-36.475
1043.660	3.300	-36.987
1043.670	3.380	-36.987
1043.680	3.380	-37.280
1043.690	3.380	-37.646
1043.700	3.440	-37.646
1043.710	3.440	-37.939
1043.720	3.440	-38.159
1043.730	3.500	-38.159
1043.740	3.500	-38.965
1043.750	3.500	-39.038
1043.760	3.570	-39.038
1043.770	3.570	-39.331
1043.780	3.570	-39.551
1043.790	3.620	-39.551
1043.800	3.620	-39.990
1043.810	3.620	-40.649
1043.820	3.680	-40.649
1043.830	3.680	-40.869
1043.840	3.680	-40.796
1043.850	3.710	-40.796
1043.860	3.710	-41.382
1043.870	3.710	-41.602
1043.880	3.790	-41.602
1043.890	3.790	-41.748
1043.900	3.790	-42.187
1043.910	3.810	-42.187
1043.920	3.810	-42.407
1043.930	3.810	-42.920
1043.940	3.860	-42.920
1043.950	3.860	-43.140
1043.960	3.860	-43.066
1043.970	3.910	-43.433
1043.980	3.910	-43.433
1043.990	3.910	-43.799
1044.000	3.930	-43.799
1044.010	3.930	-43.872
1044.020	3.930	-43.726
1044.030	3.980	-44.092
1044.040	3.980	-43.945
1044.050	3.980	-44.165
1044.060	3.990	-44.458
1044.070	3.990	-44.385
1044.080	3.990	-44.678
1044.090	4.030	-44.824
1044.100	4.030	-44.824
1044.110	4.030	-45.117
1044.120	4.040	-45.117
1044.130	4.040	-44.971
1044.140	4.040	-45.190
1044.150	4.050	-45.190
1044.160	4.050	-45.190
1044.170	4.050	-45.190
1044.180	4.070	-45.190
1044.190	4.070	-44.971
1044.200	4.070	-45.117
1044.210	4.060	-45.117
1044.220	4.060	-45.190
1044.230	4.060	-45.337
1044.240	4.080	-45.337
1044.250	4.080	-45.410
1044.260	4.080	-45.557
1044.270	4.100	-45.557
1044.280	4.100	-45.630
1044.290	4.100	-45.630
1044.300	4.080	-45.630
1044.310	4.080	-45.557
1044.320	4.080	-45.337
1044.330	4.070	-45.337
1044.340	4.070	-45.410
1044.350	4.070	-45.337
1044.360	4.070	-45.337
1044.370	4.070	-45.337
1044.380	4.070	-45.337
1044.390	4.070	-45.337
1044.400	4.070	-45.264
1044.410	4.070	-45.410
1044.420	4.050	-45.410
1044.430	4.050	-45.483
1044.440	4.050	-45.264
1044.450	4.040	-45.264
1044.460	4.040	-45.044
1044.470	4.040	-44.824
1044.480	4.060	-44.824
1044.490	4.060	-44.824
1044.500	4.060	-44.678
1044.510	4.030	-44.678
1044.520	4.030	-44.604
1044.530	4.030	-44.604
1044.540	4.000	-44.604
1044.550	4.000	-44.531
1044.560	4.000	-44.458
1044.570	4.010	-44.458
1044.580	4.010	-44.458
1044.590	4.010	-44.385
1044.600	4.000	-44.531
1044.610	4.000	-44.458
1044.620	4.000	-44.385
1044.630	3.970	-44.312
1044.640	3.970	-44.312
1044.650	3.970	-44.165
1044.660	3.950	-44.165
1044.670	3.950	-44.019
1044.680	3.950	-43.945
1044.690	3.950	-43.945
1044.700	3.950	-43.799
1044.710	3.950	-43.579
1044.720	3.950	-43.579
1044.730	3.950	-43.359
1044.740	3.950	-43.579
1044.750	3.910	-43.579
1044.760	3.910	-43.799
1044.770	3.910	-43.652
1044.780	3.900	-43.652
1044.790	3.900	-43.579
1044.800	3.900	-43.286
1044.810	3.920	-43.506
1044.820	3.920	-43.433
1044.830	3.920	-43.506
1044.840	3.910	-43.359
1044.850	3.910	-43.213
1044.860	3.910	-42.920
1044.870	3.880	-43.066
1044.880	3.880	-43.066
1044.890	3.880	-43.286
1044.900	3.850	-43.433
1044.910	3.850	-42.993
1044.920	3.850	-42.847
1044.930	3.870	-42.920
1044.940	3.870	-42.847
1044.950	3.870	-42.847
1044.960	3.850	-42.993
1044.970	3.850	-42.554
1044.980	3.850	-42.627
1044.990	3.820	-42.554
1045.000	3.820	-42.554
1045.010	3.820	-42.700
1045.020	3.810	-42.627
1045.030	3.810	-42.334
1045.040	3.810	-42.334
1045.050	3.810	-42.554
1045.060	3.810	-42.334
1045.070	3.810	-42.334
1045.080	3.780	-42.187
1045.090	3.780	-42.114
1045.100	3.780	-42.041
1045.110	3.770	-42.114
1045.120	3.770	-41.895
1045.130	3.770	-41.821
1045.140	3.750	-41.821
1045.150	3.750	-41.382
1045.160	3.750	-41.382
1045.170	3.700	-41.602
1045.180	3.700	-41.602
1045.190	3.700	-41.455
1045.200	3.680	-41.089
1045.210	3.680	-40.723
1045.220	3.680	-40.942
1045.230	3.660	-41.089
1045.240	3.660	-40.723
1045.250	3.660	-40.942
1045.260	3.600	-40.942
1045.270	3.600	-40.430
1045.280	3.600	-39.990
1045.290	3.590	-39.990
1045.300	3.590	-39.990
1045.310	3.590	-39.917
1045.320	3.530	-40.210
1045.330	3.530	-39.844
1045.340	3.530	-39.551
1045.350	3.480	-39.404
1045.360	3.480	-38.818
1045.370	3.480	-39.038
1045.380	3.460	-39.258
1045.390	3.460	-38.599
1045.400	3.460	-38.599
1045.410	3.370	-38.379
1045.420	3.370	-37.793
1045.430	3.370	-37.866
1045.440	3.350	-37.866
1045.450	3.350	-37.500
1045.460	3.350	-37.354
1045.470	3.270	-37.207
1045.480	3.270	-36.548
1045.490	3.270	-36.621
1045.500	3.230	-36.401
1045.510	3.230	-36.255
1045.520	3.230	-36.035
1045.530	3.140	-35.669
1045.540	3.140	-35.303
1045.550	3.140	-35.303
1045.560	3.090	-35.010
1045.570	3.090	-34.497
1045.580	3.090	-34.351
1045.590	2.990	-34.497
1045.600	2.990	-33.911
1045.610	2.990	-33.545
1045.620	2.940	-33.472
1045.630	2.940	-32.886
1045.640	2.940	-32.812
1045.650	2.860	-32.520
1045.660	2.860	-32.153
1045.670	2.860	-31.860
1045.680	2.760	-31.860
1045.690	2.760	-31.055
1045.700	2.760	-30.615
1045.710	2.700	-30.615
1045.720	2.700	-30.103
1045.730	2.700	-30.249
1045.740	2.590	-29.810
1045.750	2.590	-29.077
1045.760	2.590	-29.150
1045.770	2.510	-28.931
1045.780	2.510	-28.418
1045.790	2.510	-28.052
1045.800	2.430	-27.905
1045.810	2.430	-27.393
1045.820	2.430	-26.367
1045.830	2.330	-26.367
1045.840	2.330	-26.147
1045.850	2.330	-25.415
1045.860	2.220	-25.415
1045.870	2.220	-24.976
1045.880	2.220	-24.536
1045.890	2.140	-24.536
1045.900	2.140	-23.950
1045.910	2.140	-23.584
1045.920	2.050	-23.584
1045.930	2.050	-23.218
1045.940	2.050	-22.412
1045.950	1.930	-22.412
1045.960	1.930	-22.412
1045.970	1.930	-21.313
1045.980	1.850	-21.313
1045.990	1.850	-20.801
1046.000	1.850	-20.361
1046.010	1.730	-20.361
1046.020	1.730	-19.702
1046.030	1.730	-18.896
1046.040	1.620	-18.896
1046.050	1.620	-18.530
1046.060	1.620	-17.651
1046.070	1.520	-17.651
1046.080	1.520	-17.432
1046.090	1.520	-17.139
1046.100	1.400	-16.699
1046.110	1.400	-16.040
1046.120	1.400	-15.674
1046.130	1.310	-15.527
1046.140	1.310	-15.015
1046.150	1.310	-14.648
1046.160	1.210	-14.429
1046.170	1.210	-13.916
1046.180	1.210	-13.403
1046.190	1.080	-12.964
1046.200	1.080	-12.671
1046.210	1.080	-12.305
1046.220	0.980	-11.938
1046.230	0.980	-11.426
1046.240	0.980	-10.913
1046.250	0.870	-10.693
1046.260	0.870	-10.107
1046.270	0.870	-9.595
1046.280	0.740	-9.229
1046.290	0.740	-8.862
1046.300	0.740	-8.350
1046.310	0.630	-7.837
1046.320	0.630	-7.690
1046.330	0.630	-7.104
1046.340	0.520	-6.812
1046.350	0.520	-6.079
1046.360	0.520	-5.566
1046.370	0.390	-5.420
1046.380	0.390	-4.980
1046.390	0.390	-4.541
1046.400	0.280	-4.175
1046.410	0.280	-3.735
1046.420	0.280	-3.076
1046.430	0.160	-2.637
1046.440	0.160	-2.197
1046.450	0.160	-1.904
1046.460	0.020	-1.538
1046.470	0.020	-1.172
1046.480	0.020	-0.659
1046.490	-0.080	-0.146
1046.500	-0.080	0.220
1046.510	-0.080	0.659
1046.520	-0.190	1.172
1046.530	-0.190	1.611
1046.540	-0.190	1.978
1046.550	-0.320	2.344
1046.560	-0.320	2.710
1046.570	-0.320	3.369
1046.580	-0.400	3.955
1046.590	-0.400	4.248
1046.600	-0.400	4.687
1046.610	-0.550	5.273
1046.620	-0.550	5.420
1046.630	-0.550	5.713
1046.640	-0.650	6.372
1046.650	-0.650	6.812
1046.660	-0.650	7.251
1046.670	-0.790	7.764
1046.680	-0.790	7.837
1046.690	-0.790	8.569
1046.700	-0.880	9.009
1046.710	-0.880	9.375
1046.720	-0.880	9.741
1046.730	-1.010	10.474
1046.740	-1.010	10.620
1046.750	-1.010	11.206
1046.760	-1.130	11.646
1046.770	-1.130	12.085
1046.780	-1.130	12.671
1046.790	-1.250	12.671
1046.800	-1.250	13.403
1046.810	-1.250	13.623
1046.820	-1.360	14.136
1046.830	-1.360	14.648
1046.840	-1.360	15.234
1046.850	-1.480	15.308
1046.860	-1.480	15.967
1046.870	-1.480	16.187
1046.880	-1.590	16.772
1046.890	-1.590	17.432
1046.900	-1.590	17.358
1046.910	-1.710	18.091
1046.920	-1.710	18.896
1046.930	-1.710	19.189
1046.940	-1.830	19.922
1046.950	-1.830	19.922
1046.960	-1.830	20.728
1046.970	-1.960	20.728
1046.980	-1.960	21.094
1046.990	-1.960	22.192
1047.000	-2.080	22.192
1047.010	-2.080	22.559
1047.020	-2.080	23.291
1047.030	-2.180	23.291
1047.040	-2.180	23.657
1047.050	-2.180	24.243
1047.060	-2.260	24.243
1047.070	-2.260	24.683
1047.080	-2.260	25.708
1047.090	-2.360	25.708
1047.100	-2.360	25.928
1047.110	-2.360	26.514
1047.120	-2.470	26.514
1047.130	-2.470	26.733
1047.140	-2.470	27.832
1047.150	-2.570	27.832
1047.160	-2.570	28.125
1047.170	-2.570	28.564
1047.180	-2.670	29.077
1047.190	-2.670	28.931
1047.200	-2.670	29.443
1047.210	-2.750	30.249
1047.220	-2.750	30.249
1047.230	-2.750	30.981
1047.240	-2.840	31.128
1047.250	-2.840	31.055
1047.260	-2.840	31.934
1047.270	-2.950	32.227
1047.280	-2.950	32.446
1047.290	-2.950	32.886
1047.300	-3.040	33.545
1047.310	-3.040	33.325
1047.320	-3.040	33.984
1047.330	-3.140	34.131
1047.340	-3.140	34.570
1047.350	-3.140	35.229
1047.360	-3.220	35.376
1047.370	-3.220	35.303
1047.380	-3.220	35.889
1047.390	-3.310	36.621
1047.400	-3.310	36.475
1047.410	-3.310	37.061
1047.420	-3.410	37.207
1047.430	-3.410	37.500
1047.440	-3.410	37.866
1047.450	-3.480	38.525
1047.460	-3.480	38.525
1047.470	-3.480	39.331
1047.480	-3.590	39.404
1047.490	-3.590	39.185
1047.500	-3.590	39.697
1047.510	-3.650	40.210
1047.520	-3.650	40.723
1047.530	-3.650	41.089
1047.540	-3.750	41.162
1047.550	-3.750	41.089
1047.560	-3.750	41.748
1047.570	-3.820	42.041
1047.580	-3.820	42.334
1047.590	-3.820	42.847
1047.600	-3.880	43.066
1047.610	-3.880	42.920
1047.620	-3.880	43.140
1047.630	-3.970	43.506
1047.640	-3.970	43.799
1047.650	-3.970	44.238
1047.660	-4.040	44.458
1047.670	-4.040	44.531
1047.680	-4.040	44.824
1047.690	-4.100	45.337
1047.700	-4.100	45.483
1047.710	-4.100	45.923
1047.720	-4.170	46.216
1047.730	-4.170	46.289
1047.740	-4.170	46.509
1047.750	-4.240	46.802
1047.760	-4.240	46.875
1047.770	-4.240	47.168
1047.780	-4.300	47.314
1047.790	-4.300	47.314
1047.800	-4.300	47.900
1047.810	-4.370	47.900
1047.820	-4.370	48.340
1047.830	-4.370	48.926
1047.840	-4.410	48.926
1047.850	-4.410	48.999
1047.860	-4.410	49.438
1047.870	-4.480	49.438
1047.880	-4.480	50.171
1047.890	-4.480	50.317
1047.900	-4.550	50.317
1047.910	-4.550	50.537
1047.920	-4.550	50.610
1047.930	-4.590	50.610
1047.940	-4.590	50.977
1047.950	-4.590	51.489
1047.960	-4.660	51.489
1047.970	-4.660	51.855
1047.980	-4.660	52.148
1047.990	-4.750	52.148
1048.000	-4.750	52.222
1048.010	-4.750	53.101
1048.020	-4.820	53.101
1048.030	-4.820	53.320
1048.040	-4.820	53.613
1048.050	-4.890	53.613
1048.060	-4.890	53.833
1048.070	-4.890	54.346
1048.080	-4.960	54.346
1048.090	-4.960	54.712
1048.100	-4.960	55.078
1048.110	-5.000	55.444
1048.120	-5.000	55.225
1048.130	-5.000	55.737
1048.140	-5.090	56.177
1048.150	-5.090	56.250
1048.160	-5.090	56.396
1048.170	-5.160	57.275
1048.180	-5.160	56.982
1048.190	-5.160	57.349
1048.200	-5.210	57.568
1048.210	-5.210	57.861
1048.220	-5.210	58.228
1048.230	-5.320	58.594
1048.240	-5.320	58.374
1048.250	-5.320	59.253
1048.260	-5.380	59.253
1048.270	-5.380	59.106
1048.280	-5.380	59.839
1048.290	-5.450	59.839
1048.300	-5.450	60.425
1048.310	-5.450	60.864
1048.320	-5.520	60.864
1048.330	-5.520	61.011
1048.340	-5.520	61.816
1048.350	-5.640	62.256
1048.360	-5.640	62.256
1048.370	-5.640	62.549
1048.380	-5.680	62.549
1048.390	-5.680	63.354
1048.400	-5.680	63.867
1048.410	-5.790	63.867
1048.420	-5.790	63.867
1048.430	-5.790	64.380
1048.440	-5.840	64.380
1048.450	-5.840	64.893
1048.460	-5.840	65.186
1048.470	-5.880	65.698
1048.480	-5.880	65.845
1048.490	-5.880	65.918
1048.500	-5.990	66.211
1048.510	-5.990	66.211
1048.520	-5.990	66.943
1048.530	-6.010	67.236
1048.540	-6.010	67.456
1048.550	-6.010	67.529
1048.560	-6.100	67.676
1048.570	-6.100	67.529
1048.580	-6.100	67.749
1048.590	-6.140	68.701
1048.600	-6.140	68.188
1048.610	-6.140	68.848
1048.620	-6.190	68.848
1048.630	-6.190	68.848
1048.640	-6.190	68.921
1048.650	-6.220	69.507
1048.660	-6.220	69.287
1048.670	-6.220	69.507
1048.680	-6.260	70.093
1048.690	-6.260	69.727
1048.700	-6.260	70.166
1048.710	-6.320	70.386
1048.720	-6.320	70.093
1048.730	-6.320	70.312
1048.740	-6.350	70.679
1048.750	-6.350	70.239
1048.760	-6.350	70.605
1048.770	-6.360	71.191
1048.780	-6.360	70.825
1048.790	-6.360	70.898
1048.800	-6.390	71.338
1048.810	-6.390	70.972
1048.820	-6.390	71.484
1048.830	-6.420	71.484
1048.840	-6.420	71.338
1048.850	-6.420	71.484
1048.860	-6.420	71.851
1048.870	-6.420	71.118
1048.880	-6.420	71.558
1048.890	-6.450	71.484
1048.900	-6.450	71.411
1048.910	-6.450	71.338
1048.920	-6.500	71.777
1048.930	-6.500	71.558
1048.940	-6.500	71.997
1048.950	-6.510	72.070
1048.960	-6.510	71.997
1048.970	-6.510	72.290
1048.980	-6.530	72.583
1048.990	-6.530	72.583
1049.000	-6.530	72.510
1049.010	-6.570	72.876
1049.020	-6.570	72.437
1049.030	-6.570	73.096
1049.040	-6.610	73.315
1049.050	-6.610	73.169
1049.060	-6.610	73.315
1049.070	-6.640	73.315
1049.080	-6.640	73.242
1049.090	-6.640	73.389
1049.100	-6.660	74.194
1049.110	-6.660	74.194
1049.120	-6.660	74.341
1049.130	-6.690	74.194
1049.140	-6.690	73.755
1049.150	-6.690	74.414
1049.160	-6.730	74.854
1049.170	-6.730	74.780
1049.180	-6.730	75.000
1049.190	-6.770	75.366
1049.200	-6.770	75.000
1049.210	-6.770	75.220
1049.220	-6.820	75.586
1049.230	-6.820	75.732
1049.240	-6.820	76.318
1049.250	-6.850	75.952
1049.260	-6.850	75.659
1049.270	-6.850	76.172
1049.280	-6.890	76.685
1049.290	-6.890	76.538
1049.300	-6.890	76.538
1049.310	-6.910	76.904
1049.320	-6.910	76.831
1049.330	-6.910	76.685
1049.340	-6.910	77.271
1049.350	-6.910	77.417
1049.360	-6.910	77.271
1049.370	-6.930	77.710
1049.380	-6.930	77.197
1049.390	-6.930	77.271
1049.400	-6.940	78.003
1049.410	-6.940	77.563
1049.420	-6.940	77.417
1049.430	-6.940	78.149
1049.440	-6.940	77.417
1049.450	-6.940	77.417
1049.460	-6.940	78.003
1049.470	-6.940	77.563
1049.480	-6.940	77.490
1049.490	-6.930	78.003
1049.500	-6.930	77.344
1049.510	-6.930	77.490
1049.520	-6.910	77.783
1049.530	-6.910	76.831
1049.540	-6.910	77.124
1049.550	-6.900	77.490
1049.560	-6.900	76.831
1049.570	-6.900	77.197
1049.580	-6.880	77.490
1049.590	-6.880	76.611
1049.600	-6.880	76.611
1049.610	-6.850	76.978
1049.620	-6.850	76.611
1049.630	-6.850	76.758
1049.640	-6.830	76.538
1049.650	-6.830	76.245
1049.660	-6.830	76.465
1049.670	-6.760	75.952
1049.680	-6.760	75.659
1049.690	-6.760	75.952
1049.700	-6.800	76.099
1049.710	-6.800	75.439
1049.720	-6.800	75.366
1049.730	-6.770	75.732
1049.740	-6.770	75.293
1049.750	-6.770	75.293
1049.760	-6.750	75.366
1049.770	-6.750	75.000
1049.780	-6.750	74.927
1049.790	-6.720	75.146
1049.800	-6.720	74.634
1049.810	-6.720	74.707
1049.820	-6.690	75.000
1049.830	-6.690	74.487
1049.840	-6.690	74.487
1049.850	-6.700	74.707
1049.860	-6.700	74.341
1049.870	-6.700	74.561
1049.880	-6.680	74.561
1049.890	-6.680	73.975
1049.900	-6.680	74.048
1049.910	-6.670	74.414
1049.920	-6.670	74.121
1049.930	-6.670	74.194
1049.940	-6.650	74.268
1049.950	-6.650	73.682
1049.960	-6.650	73.608
1049.970	-6.640	73.975
1049.980	-6.640	73.682
1049.990	-6.640	74.048
1050.000	-6.620	74.194
1050.010	-6.620	73.535
1050.020	-6.620	73.535
1050.030	-6.610	73.535
1050.040	-6.610	73.462
1050.050	-6.610	73.315
1050.060	-6.580	74.048
1050.070	-6.580	73.315
1050.080	-6.580	73.389
1050.090	-6.560	73.389
1050.100	-6.560	72.876
1050.110	-6.560	73.096
1050.120	-6.520	73.022
1050.130	-6.520	72.803
1050.140	-6.520	72.656
1050.150	-6.480	73.242
1050.160	-6.480	72.144
1050.170	-6.480	72.437
1050.180	-6.440	72.583
1050.190	-6.440	72.070
1050.200	-6.440	72.144
1050.210	-6.380	71.997
1050.220	-6.380	71.704
1050.230	-6.380	71.484
1050.240	-6.340	71.484
1050.250	-6.340	70.825
1050.260	-6.340	71.118
1050.270	-6.300	70.972
1050.280	-6.300	70.459
1050.290	-6.300	70.239
1050.300	-6.240	70.239
1050.310	-6.240	69.800
1050.320	-6.240	69.580
1050.330	-6.170	69.653
1050.340	-6.170	68.921
1050.350	-6.170	68.848
1050.360	-6.110	68.481
1050.370	-6.110	68.042
1050.380	-6.110	67.822
1050.390	-6.020	67.969
1050.400	-6.020	67.236
1050.410	-6.020	66.870
1050.420	-5.950	66.943
1050.430	-5.950	66.357
1050.440	-5.950	66.357
1050.450	-5.890	66.138
1050.460	-5.890	65.552
1050.470	-5.890	65.405
1050.480	-5.830	65.259
1050.490	-5.830	64.380
1050.500	-5.830	64.453
1050.510	-5.730	64.746
1050.520	-5.730	63.721
1050.530	-5.730	63.721
1050.540	-5.630	63.721
1050.550	-5.630	62.769
1050.560	-5.630	62.988
1050.570	-5.590	62.842
1050.580	-5.590	61.963
1050.590	-5.590	62.256
1050.600	-5.510	61.963
1050.610	-5.510	61.157
1050.620	-5.510	60.864
1050.630	-5.420	60.864
1050.640	-5.420	60.352
1050.650	-5.420	59.839
1050.660	-5.360	59.839
1050.670	-5.360	59.399
1050.680	-5.360	59.033
1050.690	-5.300	59.033
1050.700	-5.300	58.594
1050.710	-5.300	58.813
1050.720	-5.200	58.960
1050.730	-5.200	58.374
1050.740	-5.200	57.935
1050.750	-5.180	58.081
1050.760	-5.180	57.788
1050.770	-5.180	57.349
1050.780	-5.070	57.275
1050.790	-5.070	56.763
1050.800	-5.070	56.763
1050.810	-5.010	56.396
1050.820	-5.010	55.811
1050.830	-5.010	55.811
1050.840	-4.950	55.737
1050.850	-4.950	54.932
1050.860	-4.950	55.005
1050.870	-4.870	55.005
1050.880	-4.870	54.346
1050.890	-4.870	54.346
1050.900	-4.810	54.126
1050.910	-4.810	53.540
1050.920	-4.810	53.394
1050.930	-4.760	53.174
1050.940	-4.760	53.027
1050.950	-4.760	53.027
1050.960	-4.660	52.515
1050.970	-4.660	52.002
1050.980	-4.660	51.929
1050.990	-4.610	52.148
1051.000	-4.610	51.489
1051.010	-4.610	51.343
1051.020	-4.500	51.196
1051.030	-4.500	50.610
1051.040	-4.500	50.244
1051.050	-4.440	50.024
1051.060	-4.440	49.658
1051.070	-4.440	49.438
1051.080	-4.360	49.365
1051.090	-4.360	48.560
1051.100	-4.360	48.413
1051.110	-4.270	48.267
1051.120	-4.270	47.827
1051.130	-4.270	47.607
1051.140	-4.180	47.461
1051.150	-4.180	46.948
1051.160	-4.180	46.729
1051.170	-4.100	46.582
1051.180	-4.100	45.996
1051.190	-4.100	45.923
1051.200	-3.990	45.703
1051.210	-3.990	45.117
1051.220	-3.990	44.751
1051.230	-3.880	44.531
1051.240	-3.880	43.945
1051.250	-3.880	43.726
1051.260	-3.770	43.433
1051.270	-3.770	42.480
1051.280	-3.770	42.261
1051.290	-3.680	41.968
1051.300	-3.680	41.382
1051.310	-3.680	41.016
1051.320	-3.570	40.869
1051.330	-3.570	39.990
1051.340	-3.570	39.771
1051.350	-3.450	39.624
1051.360	-3.450	38.965
1051.370	-3.450	38.086
1051.380	-3.340	38.086
1051.390	-3.340	37.646
1051.400	-3.340	36.914
1051.410	-3.220	36.914
1051.420	-3.220	36.108
1051.430	-3.220	35.669
1051.440	-3.090	35.669
1051.450	-3.090	35.010
1051.460	-3.090	34.058
1051.470	-2.990	34.058
1051.480	-2.990	34.131
1051.490	-2.990	32.812
1051.500	-2.860	32.812
1051.510	-2.860	32.520
1051.520	-2.860	31.348
1051.530	-2.730	31.348
1051.540	-2.730	30.762
1051.550	-2.730	30.103
1051.560	-2.610	30.103
1051.570	-2.610	29.443
1051.580	-2.610	28.491
1051.590	-2.470	28.491
1051.600	-2.470	27.979
1051.610	-2.470	27.246
1051.620	-2.350	27.319
1051.630	-2.350	26.660
1051.640	-2.350	26.440
1051.650	-2.220	25.562
1051.660	-2.220	25.269
1051.670	-2.220	24.756
1051.680	-2.090	24.316
1051.690	-2.090	23.804
1051.700	-2.090	23.364
1051.710	-1.940	22.778
1051.720	-1.940	21.973
1051.730	-1.940	21.753
1051.740	-1.810	21.240
1051.750	-1.810	20.728
1051.760	-1.810	19.922
1051.770	-1.660	19.702
1051.780	-1.660	19.116
1051.790	-1.660	18.530
1051.800	-1.560	18.164
1051.810	-1.560	17.944
1051.820	-1.560	17.065
1051.830	-1.410	16.699
1051.840	-1.410	16.113
1051.850	-1.410	15.454
1051.860	-1.270	15.454
1051.870	-1.270	14.722
1051.880	-1.270	13.843
1051.890	-1.140	13.843
1051.900	-1.140	13.184
1051.910	-1.140	12.378
1051.920	-1.000	12.378
1051.930	-1.000	11.646
1051.940	-1.000	10.913
1051.950	-0.850	10.840
1051.960	-0.850	10.107
1051.970	-0.850	9.082
1051.980	-0.730	9.082
1051.990	-0.730	8.789
1052.000	-0.730	7.983
1052.010	-0.600	7.544
1052.020	-0.600	7.178
1052.030	-0.600	6.738
1052.040	-0.480	6.445
1052.050	-0.480	5.566
1052.060	-0.480	5.127
1052.070	-0.330	4.687
1052.080	-0.330	4.102
1052.090	-0.330	3.735
1052.100	-0.190	3.442
1052.110	-0.190	3.003
1052.120	-0.190	2.271
1052.130	-0.070	1.831
1052.140	-0.070	1.392
1052.150	-0.070	0.879
1052.160	0.060	0.366
1052.170	0.060	-0.073
1052.180	0.060	-0.513
1052.190	0.190	-1.025
1052.200	0.190	-1.465
1052.210	0.190	-1.904
1052.220	0.310	-2.417
1052.230	0.310	-3.003
1052.240	0.310	-3.369
1052.250	0.410	-3.589
1052.260	0.410	-3.809
1052.270	0.410	-4.248
1052.280	0.510	-4.687
1052.290	0.510	-4.980
1052.300	0.510	-6.079
1052.310	0.600	-6.079
1052.320	0.600	-6.152
1052.330	0.600	-6.885
1052.340	0.700	-7.251
1052.350	0.700	-7.251
1052.360	0.700	-8.130
1052.370	0.800	-8.130
1052.380	0.800	-8.276
1052.390	0.800	-9.082
1052.400	0.900	-9.448
1052.410	0.900	-9.448
1052.420	0.900	-10.400
1052.430	1.010	-10.620
1052.440	1.010	-11.206
1052.450	1.010	-11.133
1052.460	1.100	-11.719
1052.470	1.100	-11.719
1052.480	1.100	-12.598
1052.490	1.200	-12.524
1052.500	1.200	-13.037
1052.510	1.200	-13.257
1052.520	1.290	-13.623
1052.530	1.290	-13.916
1052.540	1.290	-14.355
1052.550	1.390	-14.502
1052.560	1.390	-15.088
1052.570	1.390	-15.601
1052.580	1.490	-15.381
1052.590	1.490	-16.040
1052.600	1.490	-16.479
1052.610	1.580	-16.846
1052.620	1.580	-17.285
1052.630	1.580	-17.432
1052.640	1.700	-17.871
1052.650	1.700	-18.384
1052.660	1.700	-18.677
1052.670	1.780	-19.043
1052.680	1.780	-19.482
1052.690	1.780	-19.995
1052.700	1.880	-20.068
1052.710	1.880	-20.361
1052.720	1.880	-20.581
1052.730	1.960	-21.240
1052.740	1.960	-21.387
1052.750	1.960	-21.680
1052.760	2.080	-22.046
1052.770	2.080	-22.192
1052.780	2.080	-23.071
1052.790	2.160	-23.071
1052.800	2.160	-23.291
1052.810	2.160	-24.390
1052.820	2.240	-24.390
1052.830	2.240	-24.756
1052.840	2.240	-25.342
1052.850	2.370	-25.342
1052.860	2.370	-25.635
1052.870	2.370	-26.001
1052.880	2.410	-26.733
1052.890	2.410	-26.660
1052.900	2.410	-27.246
1052.910	2.510	-27.246
1052.920	2.510	-27.686
1052.930	2.510	-28.052
1052.940	2.620	-28.345
1052.950	2.620	-28.564
1052.960	2.620	-29.224
1052.970	2.680	-29.370
1052.980	2.680	-29.297
1052.990	2.680	-30.029
1053.000	2.790	-30.249
1053.010	2.790	-30.469
1053.020	2.790	-31.055
1053.030	2.850	-30.981
1053.040	2.850	-31.421
1053.050	2.850	-32.080
1053.060	2.920	-31.934
1053.070	2.920	-32.446
1053.080	2.920	-32.666
1053.090	3.020	-33.105
1053.100	3.020	-33.179
1053.110	3.020	-33.545
1053.120	3.080	-33.691
1053.130	3.080	-34.204
1053.140	3.080	-34.351
1053.150	3.170	-34.570
1053.160	3.170	-34.863
1053.170	3.170	-35.303
1053.180	3.220	-35.303
1053.190	3.220	-35.303
1053.200	3.220	-36.182
1053.210	3.290	-36.182
1053.220	3.290	-36.401
1053.230	3.290	-36.914
1053.240	3.360	-36.914
1053.250	3.360	-36.841
1053.260	3.360	-37.573
1053.270	3.410	-37.573
1053.280	3.410	-37.793
1053.290	3.410	-38.379
1053.300	3.460	-38.379
1053.310	3.460	-38.232
1053.320	3.460	-39.111
1053.330	3.510	-39.111
1053.340	3.510	-39.111
1053.350	3.510	-39.404
1053.360	3.560	-39.404
1053.370	3.560	-39.478
1053.380	3.560	-40.063
1053.390	3.630	-40.063
1053.400	3.630	-40.356
1053.410	3.630	-40.503
1053.420	3.670	-40.503
1053.430	3.670	-40.356
1053.440	3.670	-41.089
1053.450	3.720	-41.089
1053.460	3.720	-41.162
1053.470	3.720	-41.602
1053.480	3.750	-41.602
1053.490	3.750	-41.748
1053.500	3.750	-41.821
1053.510	3.780	-41.821
1053.520	3.780	-41.968
1053.530	3.780	-42.334
1053.540	3.840	-42.334
1053.550	3.840	-42.554
1053.560	3.840	-42.773
1053.570	3.870	-42.773
1053.580	3.870	-42.700
1053.590	3.870	-42.847
1053.600	3.900	-42.993
1053.610	3.900	-43.286
1053.620	3.900	-43.579
1053.630	3.930	-43.726
1053.640	3.930	-43.799
1053.650	3.930	-43.652
1053.660	3.980	-44.092
1053.670	3.980	-43.945
1053.680	3.980	-44.238
1053.690	3.990	-44.312
1053.700	3.990	-44.385
1053.710	3.990	-44.385
1053.720	4.050	-44.678
1053.730	4.050	-44.531
1053.740	4.050	-44.751
1053.750	4.080	-45.044
1053.760	4.080	-44.897
1053.770	4.080	-45.190
1053.780	4.080	-45.337
1053.790	4.080	-45.190
1053.800	4.080	-45.337
1053.810	4.150	-45.703
1053.820	4.150	-45.557
1053.830	4.150	-45.776
1053.840	4.160	-45.850
1053.850	4.160	-45.850
1053.860	4.160	-46.069
1053.870	4.210	-46.436
1053.880	4.210	-46.362
1053.890	4.210	-46.655
1053.900	4.220	-46.802
1053.910	4.220	-46.582
1053.920	4.220	-46.875
1053.930	4.270	-47.021
1053.940	4.270	-47.168
1053.950	4.270	-47.534
1053.960	4.290	-47.534
1053.970	4.290	-47.534
1053.980	4.290	-47.900
1053.990	4.350	-47.900
1054.000	4.350	-48.120
1054.010	4.350	-48.267
1054.020	4.360	-48.340
1054.030	4.360	-48.486
1054.040	4.360	-48.706
1054.050	4.420	-48.706
1054.060	4.420	-48.926
1054.070	4.420	-49.292
1054.080	4.450	-49.292
1054.090	4.450	-49.512
1054.100	4.450	-49.585
1054.110	4.500	-49.585
1054.120	4.500	-49.731
1054.130	4.500	-50.024
1054.140	4.530	-50.024
1054.150	4.530	-50.391
1054.160	4.530	-50.244
1054.170	4.550	-50.244
1054.180	4.550	-50.317
1054.190	4.550	-51.050
1054.200	4.620	-51.050
1054.210	4.620	-51.343
1054.220	4.620	-51.270
1054.230	4.640	-51.416
1054.240	4.640	-51.562
1054.250	4.640	-51.489
1054.260	4.660	-51.855
1054.270	4.660	-51.782
1054.280	4.660	-52.222
1054.290	4.700	-52.222
1054.300	4.700	-52.075
1054.310	4.700	-52.148
1054.320	4.700	-52.148
1054.330	4.700	-52.441
1054.340	4.700	-52.588
1054.350	4.740	-52.588
1054.360	4.740	-52.734
1054.370	4.740	-53.174
1054.380	4.780	-53.320
1054.390	4.780	-53.027
1054.400	4.780	-53.247
1054.410	4.770	-53.247
1054.420	4.770	-53.394
1054.430	4.770	-53.613
1054.440	4.780	-53.613
1054.450	4.780	-53.613
1054.460	4.780	-53.247
1054.470	4.810	-53.247
1054.480	4.810	-53.320
1054.490	4.810	-53.467
1054.500	4.790	-53.467
1054.510	4.790	-53.760
1054.520	4.790	-53.540
1054.530	4.790	-53.540
1054.540	4.790	-53.394
1054.550	4.790	-53.540
1054.560	4.810	-53.540
1054.570	4.810	-53.613
1054.580	4.810	-53.613
1054.590	4.780	-53.613
1054.600	4.780	-53.394
1054.610	4.780	-53.247
1054.620	4.750	-53.247
1054.630	4.750	-53.394
1054.640	4.750	-53.174
1054.650	4.760	-53.174
1054.660	4.760	-53.320
1054.670	4.760	-52.734
1054.680	4.730	-52.734
1054.690	4.730	-52.588
1054.700	4.730	-52.588
1054.710	4.680	-52.588
1054.720	4.680	-52.441
1054.730	4.680	-52.222
1054.740	4.660	-52.734
1054.750	4.660	-52.441
1054.760	4.660	-52.002
1054.770	4.650	-51.929
1054.780	4.650	-51.636
1054.790	4.650	-51.709
1054.800	4.610	-51.636
1054.810	4.610	-51.562
1054.820	4.610	-51.270
1054.830	4.580	-51.270
1054.840	4.580	-50.464
1054.850	4.580	-50.537
1054.860	4.560	-50.977
1054.870	4.560	-50.757
1054.880	4.560	-50.830
1054.890	4.510	-50.464
1054.900	4.510	-50.098
1054.910	4.510	-49.878
1054.920	4.460	-50.098
1054.930	4.460	-49.658
1054.940	4.460	-49.805
1054.950	4.430	-49.585
1054.960	4.430	-49.146
1054.970	4.430	-48.999
1054.980	4.410	-49.146
1054.990	4.410	-48.999
1055.000	4.410	-48.926
1055.010	4.360	-48.853
1055.020	4.360	-48.486
1055.030	4.360	-48.486
1055.040	4.330	-48.340
1055.050	4.330	-48.047
1055.060	4.330	-47.754
1055.070	4.290	-47.827
1055.080	4.290	-47.388
1055.090	4.290	-47.388
1055.100	4.240	-47.461
1055.110	4.240	-47.168
1055.120	4.240	-47.095
1055.130	4.220	-47.021
1055.140	4.220	-46.729
1055.150	4.220	-46.729
1055.160	4.180	-46.875
1055.170	4.180	-46.509
1055.180	4.180	-46.509
1055.190	4.160	-46.362
1055.200	4.160	-45.996
1055.210	4.160	-46.069
1055.220	4.120	-45.996
1055.230	4.120	-45.703
1055.240	4.120	-45.483
1055.250	4.060	-45.483
1055.260	4.060	-45.190
1055.270	4.060	-44.971
1055.280	4.050	-44.971
1055.290	4.050	-44.897
1055.300	4.050	-44.824
1055.310	4.010	-44.824
1055.320	4.010	-44.678
1055.330	4.010	-44.458
1055.340	3.960	-44.458
1055.350	3.960	-44.312
1055.360	3.960	-44.092
1055.370	3.930	-44.092
1055.380	3.930	-43.872
1055.390	3.930	-43.579
1055.400	3.900	-43.579
1055.410	3.900	-43.286
1055.420	3.900	-43.066
1055.430	3.860	-43.066
1055.440	3.860	-43.140
1055.450	3.860	-42.920
1055.460	3.810	-42.920
1055.470	3.810	-42.480
1055.480	3.810	-42.187
1055.490	3.770	-42.187
1055.500	3.770	-42.041
1055.510	3.770	-41.895
1055.520	3.730	-41.895
1055.530	3.730	-41.675
1055.540	3.730	-41.016
1055.550	3.660	-41.016
1055.560	3.660	-41.016
1055.570	3.660	-40.576
1055.580	3.630	-40.576
1055.590	3.630	-40.576
1055.600	3.630	-40.137
1055.610	3.550	-40.137
1055.620	3.550	-39.844
1055.630	3.550	-39.258
1055.640	3.510	-39.258
1055.650	3.510	-39.331
1055.660	3.510	-38.745
1055.670	3.430	-38.745
1055.680	3.430	-38.818
1055.690	3.430	-37.939
1055.700	3.370	-37.939
1055.710	3.370	-38.086
1055.720	3.370	-37.427
1055.730	3.310	-37.427
1055.740	3.310	-37.207
1055.750	3.310	-36.328
1055.760	3.250	-36.328
1055.770	3.250	-36.475
1055.780	3.250	-36.108
1055.790	3.150	-36.108
1055.800	3.150	-35.449
1055.810	3.150	-35.083
1055.820	3.070	-35.083
1055.830	3.070	-34.717
1055.840	3.070	-33.765
1055.850	3.000	-33.765
1055.860	3.000	-33.984
1055.870	3.000	-33.032
1055.880	2.920	-33.032
1055.890	2.920	-32.739
1055.900	2.920	-32.080
1055.910	2.830	-32.080
1055.920	2.830	-31.787
1055.930	2.830	-31.128
1055.940	2.720	-31.128
1055.950	2.720	-30.688
1055.960	2.720	-30.322
1055.970	2.620	-30.322
1055.980	2.620	-29.810
1055.990	2.620	-29.004
1056.000	2.520	-29.004
1056.010	2.520	-28.638
1056.020	2.520	-27.832
1056.030	2.430	-27.832
1056.040	2.430	-27.759
1056.050	2.430	-27.246
1056.060	2.330	-26.953
1056.070	2.330	-26.147
1056.080	2.330	-26.001
1056.090	2.230	-25.562
1056.100	2.230	-25.269
1056.110	2.230	-24.756
1056.120	2.120	-24.316
1056.130	2.120	-24.097
1056.140	2.120	-23.511
1056.150	2.020	-23.218
1056.160	2.020	-22.852
1056.170	2.020	-22.559
1056.180	1.900	-22.192
1056.190	1.900	-21.606
1056.200	1.900	-21.094
1056.210	1.780	-21.021
1056.220	1.780	-20.361
1056.230	1.780	-19.922
1056.240	1.680	-19.336
1056.250	1.680	-19.043
1056.260	1.680	-18.604
1056.270	1.570	-18.018
1056.280	1.570	-17.505
1056.290	1.570	-17.578
1056.300	1.460	-16.919
1056.310	1.460	-16.260
1056.320	1.460	-16.113
1056.330	1.330	-15.601
1056.340	1.330	-15.308
1056.350	1.330	-14.722
1056.360	1.200	-14.429
1056.370	1.200	-13.916
1056.380	1.200	-13.550
1056.390	1.090	-12.744
1056.400	1.090	-12.891
1056.410	1.090	-12.231
1056.420	0.980	-11.572
1056.430	0.980	-11.206
1056.440	0.980	-10.620
1056.450	0.840	-10.547
1056.460	0.840	-9.595
1056.470	0.840	-9.302
1056.480	0.720	-8.716
1056.490	0.720	-8.423
1056.500	0.720	-7.544
1056.510	0.590	-7.251
1056.520	0.590	-6.958
1056.530	0.590	-6.592
1056.540	0.460	-6.226
1056.550	0.460	-5.347
1056.560	0.460	-4.980
1056.570	0.330	-4.614
1056.580	0.330	-4.175
1056.590	0.330	-3.662
1056.600	0.220	-3.223
1056.610	0.220	-2.783
1056.620	0.220	-1.611
1056.630	0.060	-1.611
1056.640	0.060	-1.099
1056.650	0.060	-0.366
1056.660	-0.040	-0.366
1056.670	-0.040	0.073
1056.680	-0.040	0.879
1056.690	-0.200	0.879
1056.700	-0.200	1.318
1056.710	-0.200	2.563
1056.720	-0.310	2.563
1056.730	-0.310	3.076
1056.740	-0.310	3.809
1056.750	-0.440	3.809
1056.760	-0.440	4.468
1056.770	-0.440	5.200
1056.780	-0.540	5.200
1056.790	-0.540	5.859
1056.800	-0.540	6.592
1056.810	-0.670	6.592
1056.820	-0.670	7.031
1056.830	-0.670	7.837
1056.840	-0.790	7.837
1056.850	-0.790	8.569
1056.860	-0.790	9.375
1056.870	-0.920	9.375
1056.880	-0.920	9.741
1056.890	-0.920	10.620
1056.900	-1.040	10.620
1056.910	-1.040	11.206
1056.920	-1.040	12.231
1056.930	-1.160	12.231
1056.940	-1.160	12.671
1056.950	-1.160	13.330
1056.960	-1.260	13.330
1056.970	-1.260	13.770
1056.980	-1.260	14.575
1056.990	-1.370	14.575
1057.000	-1.370	15.088
1057.010	-1.370	15.527
1057.020	-1.480	15.527
1057.030	-1.480	15.967
1057.040	-1.480	16.992
1057.050	-1.570	16.992
1057.060	-1.570	16.992
1057.070	-1.570	17.944
1057.080	-1.670	17.944
1057.090	-1.670	18.237
1057.100	-1.670	18.677
1057.110	-1.770	19.116
1057.120	-1.770	19.556
1057.130	-1.770	19.775
1057.140	-1.870	20.215
1057.150	-1.870	20.288
1057.160	-1.870	21.021
1057.170	-1.970	21.240
1057.180	-1.970	21.680
1057.190	-1.970	21.753
1057.200	-2.070	22.192
1057.210	-2.070	22.412
1057.220	-2.070	22.998
1057.230	-2.160	23.437
1057.240	-2.160	23.657
1057.250	-2.160	24.316
1057.260	-2.260	24.683
1057.270	-2.260	25.049
1057.280	-2.260	25.122
1057.290	-2.360	25.854
1057.300	-2.360	25.781
1057.310	-2.360	26.587
1057.320	-2.430	26.807
1057.330	-2.430	27.026
1057.340	-2.430	27.246
1057.350	-2.550	27.759
1057.360	-2.550	28.052
1057.370	-2.550	28.345
1057.380	-2.640	28.784
1057.390	-2.640	29.224
1057.400	-2.640	29.663
1057.410	-2.740	29.663
1057.420	-2.740	30.103
1057.430	-2.740	30.542
1057.440	-2.820	30.835
1057.450	-2.820	31.201
1057.460	-2.820	31.348
1057.470	-2.900	32.007
1057.480	-2.900	32.227
1057.490	-2.900	32.446
1057.500	-2.980	32.959
1057.510	-2.980	33.032
1057.520	-2.980	33.252
1057.530	-3.090	33.984
1057.540	-3.090	34.204
1057.550	-3.090	34.204
1057.560	-3.150	34.717
1057.570	-3.150	34.937
1057.580	-3.150	35.303
1057.590	-3.250	35.669
1057.600	-3.250	35.596
1057.610	-3.250	36.401
1057.620	-3.330	36.621
1057.630	-3.330	36.548
1057.640	-3.330	37.061
1057.650	-3.380	37.427
1057.660	-3.380	37.573
1057.670	-3.380	37.939
1057.680	-3.480	38.379
1057.690	-3.480	38.306
1057.700	-3.480	38.965
1057.710	-3.540	39.038
1057.720	-3.540	39.038
1057.730	-3.540	39.478
1057.740	-3.600	39.844
1057.750	-3.600	40.137
1057.760	-3.600	40.283
1057.770	-3.700	40.723
1057.780	-3.700	40.796
1057.790	-3.700	41.162
1057.800	-3.750	41.235
1057.810	-3.750	41.821
1057.820	-3.750	41.821
1057.830	-3.800	42.114
1057.840	-3.800	42.261
1057.850	-3.800	42.480
1057.860	-3.890	43.066
1057.870	-3.890	42.627
1057.880	-3.890	43.140
1057.890	-3.930	43.433
1057.900	-3.930	43.726
1057.910	-3.930	44.092
1057.920	-3.990	44.458
1057.930	-3.990	44.312
1057.940	-3.990	44.531
1057.950	-4.050	44.897
1057.960	-4.050	44.971
1057.970	-4.050	45.337
1057.980	-4.110	45.557
1057.990	-4.110	45.557
1058.000	-4.110	45.776
1058.010	-4.170	46.143
1058.020	-4.170	46.143
1058.030	-4.170	46.509
1058.040	-4.240	46.802
1058.050	-4.240	46.802
1058.060	-4.240	47.021
1058.070	-4.290	47.461
1058.080	-4.290	47.461
1058.090	-4.290	47.754
1058.100	-4.370	48.193
1058.110	-4.370	48.120
1058.120	-4.370	48.340
1058.130	-4.460	48.779
1058.140	-4.460	48.853
1058.150	-4.460	49.146
1058.160	-4.490	49.438
1058.170	-4.490	49.365
1058.180	-4.490	49.658
1058.190	-4.510	50.098
1058.200	-4.510	50.171
1058.210	-4.510	50.610
1058.220	-4.650	50.903
1058.230	-4.650	50.903
1058.240	-4.650	51.123
1058.250	-4.690	51.709
1058.260	-4.690	51.562
1058.270	-4.690	51.929
1058.280	-4.740	52.661
1058.290	-4.740	52.661
1058.300	-4.740	52.881
1058.310	-4.840	53.247
1058.320	-4.840	53.394
1058.330	-4.840	53.540
1058.340	-4.900	54.126
1058.350	-4.900	53.979
1058.360	-4.900	54.492
1058.370	-4.960	55.151
1058.380	-4.960	54.639
1058.390	-4.960	54.932
1058.400	-5.040	55.811
1058.410	-5.040	55.591
1058.420	-5.040	56.177
1058.430	-5.100	56.323
1058.440	-5.100	56.470
1058.450	-5.100	56.763
1058.460	-5.210	57.422
1058.470	-5.210	57.056
1058.480	-5.210	57.935
1058.490	-5.250	58.228
1058.500	-5.250	58.081
1058.510	-5.250	58.374
1058.520	-5.360	58.887
1058.530	-5.360	59.473
1058.540	-5.360	59.399
1058.550	-5.390	59.839
1058.560	-5.390	59.692
1058.570	-5.390	60.352
1058.580	-5.470	60.498
1058.590	-5.470	60.864
1058.600	-5.470	61.011
1058.610	-5.530	61.377
1058.620	-5.530	61.304
1058.630	-5.530	61.597
1058.640	-5.590	62.109
1058.650	-5.590	62.256
1058.660	-5.590	62.549
1058.670	-5.660	62.842
1058.680	-5.660	62.915
1058.690	-5.660	62.915
1058.700	-5.700	63.354
1058.710	-5.700	63.721
1058.720	-5.700	63.501
1058.730	-5.760	64.160
1058.740	-5.760	64.160
1058.750	-5.760	64.233
1058.760	-5.790	64.453
1058.770	-5.790	64.380
1058.780	-5.790	64.746
1058.790	-5.820	65.332
1058.800	-5.820	64.966
1058.810	-5.820	65.332
1058.820	-5.870	65.479
1058.830	-5.870	65.186
1058.840	-5.870	65.479
1058.850	-5.920	65.991
1058.860	-5.920	65.918
1058.870	-5.920	65.918
1058.880	-5.930	66.064
1058.890	-5.930	65.698
1058.900	-5.930	66.064
1058.910	-5.940	66.284
1058.920	-5.940	66.138
1058.930	-5.940	66.284
1058.940	-5.970	66.284
1058.950	-5.970	66.211
1058.960	-5.970	66.357
1058.970	-6.000	66.870
1058.980	-6.000	66.577
1058.990	-6.000	66.650
1059.000	-6.010	66.724
1059.010	-6.010	66.357
1059.020	-6.010	66.943
1059.030	-6.020	67.090
1059.040	-6.020	67.017
1059.050	-6.020	66.870
1059.060	-6.020	66.797
1059.070	-6.020	66.724
1059.080	-6.020	66.797
1059.090	-6.040	67.383
1059.100	-6.040	67.236
1059.110	-6.040	67.383
1059.120	-6.060	67.529
1059.130	-6.060	66.870
1059.140	-6.060	67.163
1059.150	-6.080	67.456
1059.160	-6.080	67.676
1059.170	-6.080	67.529
1059.180	-6.110	67.749
1059.190	-6.110	67.383
1059.200	-6.110	67.603
1059.210	-6.130	67.969
1059.220	-6.130	67.676
1059.230	-6.130	68.335
1059.240	-6.150	68.042
1059.250	-6.150	67.896
1059.260	-6.150	67.969
1059.270	-6.150	68.481
1059.280	-6.150	68.262
1059.290	-6.150	68.481
1059.300	-6.170	68.555
1059.310	-6.170	68.408
1059.320	-6.170	68.628
1059.330	-6.200	68.628
1059.340	-6.200	69.067
1059.350	-6.200	69.287
1059.360	-6.230	69.287
1059.370	-6.230	69.067
1059.380	-6.230	69.507
1059.390	-6.250	69.507
1059.400	-6.250	69.580
1059.410	-6.250	69.580
1059.420	-6.270	70.020
1059.430	-6.270	69.873
1059.440	-6.270	70.020
1059.450	-6.280	70.020
1059.460	-6.280	70.239
1059.470	-6.280	70.386
1059.480	-6.300	70.386
1059.490	-6.300	70.386
1059.500	-6.300	70.752
1059.510	-6.320	70.752
1059.520	-6.320	70.532
1059.530	-6.320	70.752
1059.540	-6.330	70.752
1059.550	-6.330	70.898
1059.560	-6.330	70.898
1059.570	-6.330	70.898
1059.580	-6.330	70.825
1059.590	-6.330	70.825
1059.600	-6.340	70.825
1059.610	-6.340	70.752
1059.620	-6.340	70.898
1059.630	-6.320	70.898
1059.640	-6.320	70.752
1059.650	-6.320	70.752
1059.660	-6.310	70.752
1059.670	-6.310	70.752
1059.680	-6.310	70.679
1059.690	-6.290	70.679
1059.700	-6.290	70.532
1059.710	-6.290	70.679
1059.720	-6.270	70.605
1059.730	-6.270	70.386
1059.740	-6.270	70.312
1059.750	-6.240	70.532
1059.760	-6.240	70.093
1059.770	-6.240	69.873
1059.780	-6.230	70.020
1059.790	-6.230	69.727
1059.800	-6.230	69.653
1059.810	-6.190	69.434
1059.820	-6.190	69.214
1059.830	-6.190	68.774
1059.840	-6.150	69.214
1059.850	-6.150	68.262
1059.860	-6.150	68.628
1059.870	-6.100	68.335
1059.880	-6.100	68.188
1059.890	-6.100	68.042
1059.900	-6.070	68.042
1059.910	-6.070	67.603
1059.920	-6.070	67.310
1059.930	-6.030	68.042
1059.940	-6.030	66.943
1059.950	-6.030	67.383
1059.960	-6.010	67.163
1059.970	-6.010	67.090
1059.980	-6.010	66.650
1059.990	-5.970	66.650
1060.000	-5.970	66.431
1060.010	-5.970	66.357
1060.020	-5.930	66.650
1060.030	-5.930	65.918
1060.040	-5.930	65.918
1060.050	-5.890	65.771
1060.060	-5.890	65.552
1060.070	-5.890	65.405
1060.080	-5.860	65.698
1060.090	-5.860	65.112
1060.100	-5.860	65.259
1060.110	-5.820	65.186
1060.120	-5.820	64.600
1060.130	-5.820	64.600
1060.140	-5.820	64.966
1060.150	-5.820	64.746
1060.160	-5.820	64.526
1060.170	-5.780	64.307
1060.180	-5.780	64.087
1060.190	-5.780	64.380
1060.200	-5.750	64.014
1060.210	-5.750	63.940
1060.220	-5.750	64.160
1060.230	-5.720	63.721
1060.240	-5.720	63.501
1060.250	-5.720	63.428
1060.260	-5.680	63.501
1060.270	-5.680	63.428
1060.280	-5.680	63.281
1060.290	-5.640	63.062
1060.300	-5.640	62.842
1060.310	-5.640	62.769
1060.320	-5.600	62.842
1060.330	-5.600	62.695
1060.340	-5.600	62.695
1060.350	-5.560	62.476
1060.360	-5.560	62.183
1060.370	-5.560	62.329
1060.380	-5.540	61.816
1060.390	-5.540	61.890
1060.400	-5.540	61.890
1060.410	-5.500	61.670
1060.420	-5.500	61.377
1060.430	-5.500	61.450
1060.440	-5.450	61.157
1060.450	-5.450	60.718
1060.460	-5.450	60.864
1060.470	-5.390	60.791
1060.480	-5.390	60.571
1060.490	-5.390	60.278
1060.500	-5.330	60.059
1060.510	-5.330	59.912
1060.520	-5.330	59.326
1060.530	-5.290	59.619
1060.540	-5.290	59.180
1060.550	-5.290	59.326
1060.560	-5.220	58.667
1060.570	-5.220	58.081
1060.580	-5.220	58.301
1060.590	-5.130	58.228
1060.600	-5.130	57.788
1060.610	-5.130	57.275
1060.620	-5.040	57.495
1060.630	-5.040	56.689
1060.640	-5.040	56.543
1060.650	-4.980	56.396
1060.660	-4.980	56.104
1060.670	-4.980	55.664
1060.680	-4.890	55.664
1060.690	-4.890	55.005
1060.700	-4.890	54.712
1060.710	-4.810	54.932
1060.720	-4.810	54.126
1060.730	-4.810	53.833
1060.740	-4.740	53.394
1060.750	-4.740	52.734
1060.760	-4.740	52.588
1060.770	-4.620	52.808
1060.780	-4.620	51.929
1060.790	-4.620	51.636
1060.800	-4.540	51.562
1060.810	-4.540	50.610
1060.820	-4.540	50.537
1060.830	-4.450	50.317
1060.840	-4.450	50.024
1060.850	-4.450	49.731
1060.860	-4.370	49.658
1060.870	-4.370	48.779
1060.880	-4.370	48.486
1060.890	-4.260	48.120
1060.900	-4.260	47.534
1060.910	-4.260	47.388
1060.920	-4.160	47.241
1060.930	-4.160	46.509
1060.940	-4.160	46.216
1060.950	-4.060	45.996
1060.960	-4.060	45.337
1060.970	-4.060	45.117
1060.980	-3.970	44.971
1060.990	-3.970	44.312
1061.000	-3.970	43.945
1061.010	-3.850	43.726
1061.020	-3.850	43.213
1061.030	-3.850	43.213
1061.040	-3.790	42.847
1061.050	-3.790	42.261
1061.060	-3.790	41.968
