% Time (s)	Gyro Output (rads/s)	Input Rate (RPM)	%1/27/20231:02 PM
0.000	0.000	0.000
495.140	0.000	0.000
495.150	0.000	0.000
495.160	0.000	0.000
495.170	0.000	0.000
495.180	0.000	0.000
495.190	0.000	0.000
495.200	0.000	0.000
495.210	0.000	0.000
495.220	0.000	0.000
495.230	0.000	0.000
495.240	0.000	0.000
495.250	0.000	0.000
495.260	0.000	0.000
495.270	0.000	0.000
495.280	0.000	0.000
495.290	0.000	0.000
495.300	0.000	0.000
495.310	0.000	0.000
495.320	0.000	0.000
495.330	0.000	0.000
495.340	0.000	0.000
495.350	0.000	0.000
495.360	0.000	0.000
495.370	0.000	0.000
495.380	0.000	0.000
495.390	0.000	0.000
495.400	0.000	0.000
495.410	0.000	0.000
495.420	0.000	0.000
495.430	0.000	0.000
495.440	0.000	0.000
495.450	0.000	0.000
495.460	0.000	0.000
495.470	0.000	0.000
495.480	0.000	0.000
495.490	0.000	0.000
495.500	0.000	0.000
495.510	0.000	0.000
495.520	0.000	0.000
495.530	0.000	0.000
495.540	0.000	0.000
495.550	0.000	0.000
495.560	0.000	0.000
495.570	0.000	0.000
495.580	0.000	0.000
495.590	0.000	0.000
495.600	0.000	0.000
495.610	0.000	0.000
495.620	0.000	0.000
495.630	0.000	0.000
495.640	0.000	0.000
495.650	0.000	0.000
495.660	0.000	0.000
495.670	0.000	0.000
495.680	0.000	0.000
495.690	0.000	0.000
495.700	0.000	0.000
495.710	0.000	0.000
495.720	0.000	0.000
495.730	0.000	0.000
495.740	0.000	0.000
495.750	0.000	0.000
495.760	0.000	0.000
495.770	0.000	0.000
495.780	0.000	0.000
495.790	0.000	0.000
495.800	0.000	0.000
495.810	0.000	0.000
495.820	0.000	0.000
495.830	0.000	0.000
495.840	0.000	0.000
495.850	0.000	0.000
495.860	0.000	0.000
495.870	0.000	0.000
495.880	0.000	0.000
495.890	0.000	0.000
495.900	0.000	0.000
495.910	0.000	0.000
495.920	0.000	0.000
495.930	0.000	0.000
495.940	0.000	0.000
495.950	0.000	0.000
495.960	0.000	0.000
495.970	0.000	0.000
495.980	0.000	0.000
495.990	0.000	0.000
496.000	0.000	0.000
496.010	0.000	0.000
496.020	0.000	0.000
496.030	0.000	0.000
496.040	0.000	0.000
496.050	0.000	0.000
496.060	0.000	0.000
496.070	0.000	0.000
496.080	0.000	0.000
496.090	0.000	0.000
496.100	0.000	0.000
496.110	0.000	0.000
496.120	0.000	0.000
496.130	0.000	0.000
496.140	0.000	0.000
496.150	0.000	0.000
496.160	0.000	0.000
496.170	0.000	0.000
496.180	0.000	0.000
496.190	0.000	0.000
496.200	0.000	0.000
496.210	0.000	0.000
496.220	0.000	0.000
496.230	0.000	0.000
496.240	0.000	0.000
496.250	0.000	0.000
496.260	0.000	0.000
496.270	0.000	0.000
496.280	0.000	0.000
496.290	0.000	0.000
496.300	0.000	0.000
496.310	0.000	0.000
496.320	0.000	0.000
496.330	0.000	0.000
496.340	0.000	0.000
496.350	0.000	0.000
496.360	0.000	0.000
496.370	0.000	0.000
496.380	0.000	0.000
496.390	0.000	0.000
496.400	0.000	0.000
496.410	0.000	0.000
496.420	0.000	0.000
496.430	0.000	0.000
496.440	0.000	0.000
496.450	0.000	0.000
496.460	0.000	0.000
496.470	0.000	0.000
496.480	0.000	0.000
496.490	0.000	0.000
496.500	0.000	0.000
496.510	0.000	0.000
496.520	0.000	0.000
496.530	0.000	0.000
496.540	0.000	0.000
496.550	0.000	0.000
496.560	0.000	0.000
496.570	0.000	0.000
496.580	0.000	0.000
496.590	0.000	0.000
496.600	0.000	0.000
496.610	0.000	0.000
496.620	0.000	0.000
496.630	0.000	0.000
496.640	0.000	0.000
496.650	0.000	0.000
496.660	0.000	0.000
496.670	0.000	0.000
496.680	0.000	0.000
496.690	0.000	0.000
496.700	0.000	0.000
496.710	0.000	0.000
496.720	0.000	0.000
496.730	0.000	0.000
496.740	0.000	0.000
496.750	0.000	0.000
496.760	0.000	0.000
496.770	0.000	0.000
496.780	0.000	0.000
496.790	0.000	0.000
496.800	0.000	0.000
496.810	0.000	0.000
496.820	0.000	0.000
496.830	0.000	0.000
496.840	0.000	0.000
496.850	0.000	0.000
496.860	0.000	-0.073
496.870	0.000	-0.220
496.880	0.000	-0.439
496.890	0.000	-0.806
496.900	0.000	-1.392
496.910	0.000	-2.124
496.920	0.000	-2.710
496.930	0.000	-3.369
496.940	0.000	-4.321
496.950	0.000	-5.200
496.960	0.000	-6.299
496.970	0.000	-7.178
496.980	0.000	-7.837
496.990	0.000	-8.643
497.000	0.000	-9.155
497.010	0.000	-9.814
497.020	0.000	-10.107
497.030	0.000	-11.060
497.040	0.000	-11.060
497.050	0.000	-11.572
497.060	0.000	-12.012
497.070	0.000	-12.012
497.080	0.000	-12.817
497.090	0.000	-13.403
497.100	0.000	-13.403
497.110	0.000	-14.355
497.120	0.000	-14.722
497.130	0.000	-14.722
497.140	0.000	-15.381
497.150	0.000	-16.187
497.160	0.000	-16.187
497.170	0.000	-16.626
497.180	0.000	-17.651
497.190	0.000	-17.651
497.200	0.000	-17.725
497.210	0.000	-18.311
497.220	0.000	-18.311
497.230	0.000	-18.677
497.240	0.000	-19.189
497.250	0.000	-19.629
497.260	0.000	-19.629
497.270	0.000	-20.142
497.280	0.000	-20.142
497.290	0.000	-19.849
497.300	0.000	-20.361
497.310	0.000	-20.361
497.320	0.000	-20.508
497.330	0.000	-20.068
497.340	0.000	-20.068
497.350	0.000	-19.775
497.360	0.000	-18.970
497.370	0.000	-18.970
497.380	0.000	-18.237
497.390	0.000	-17.212
497.400	0.000	-17.212
497.410	0.000	-16.406
497.420	0.000	-15.088
497.430	0.000	-14.868
497.440	0.000	-14.868
497.450	0.000	-14.429
497.460	0.000	-13.110
497.470	0.000	-12.817
497.480	0.000	-12.158
497.490	0.000	-12.158
497.500	0.000	-12.085
497.510	0.000	-11.572
497.520	0.000	-10.913
497.530	0.000	-10.547
497.540	0.000	-9.375
497.550	0.000	-8.789
497.560	0.000	-8.789
497.570	0.000	-8.350
497.580	0.000	-7.471
497.590	0.000	-6.738
497.600	0.000	-5.640
497.610	0.000	-4.834
497.620	0.000	-3.955
497.630	0.000	-3.076
497.640	0.000	-2.197
497.650	0.000	-1.172
497.660	0.000	-0.073
497.670	0.000	1.172
497.680	0.000	2.197
497.690	0.000	3.003
497.700	0.000	4.248
497.710	0.000	5.127
497.720	0.000	6.372
497.730	0.000	7.544
497.740	0.000	8.716
497.750	0.000	9.595
497.760	0.000	10.767
497.770	0.000	11.353
497.780	0.000	12.012
497.790	0.000	13.184
497.800	0.000	13.550
497.810	0.000	14.136
497.820	0.000	14.722
497.830	0.000	15.161
497.840	0.000	15.234
497.850	0.000	16.187
497.860	0.000	16.333
497.870	0.000	16.626
497.880	0.000	17.065
497.890	0.000	16.919
497.900	0.000	17.505
497.910	0.000	17.944
497.920	0.000	17.578
497.930	0.000	17.798
497.940	0.000	18.164
497.950	0.000	18.091
497.960	0.000	18.164
497.970	0.000	18.018
497.980	0.000	18.091
497.990	0.000	18.237
498.000	0.000	18.018
498.010	0.000	17.871
498.020	0.000	18.018
498.030	0.000	18.018
498.040	0.000	17.798
498.050	0.000	17.358
498.060	0.000	17.358
498.070	0.000	17.505
498.080	0.000	16.846
498.090	0.000	16.626
498.100	0.000	16.113
498.110	0.000	16.260
498.120	0.000	15.967
498.130	0.000	15.967
498.140	0.000	15.527
498.150	0.000	15.747
498.160	0.000	15.234
498.170	0.000	14.868
498.180	0.000	15.308
498.190	0.000	14.795
498.200	0.000	14.575
498.210	0.000	14.795
498.220	0.000	14.355
498.230	0.000	14.209
498.240	0.000	14.209
498.250	0.000	14.209
498.260	0.000	14.136
498.270	0.000	14.062
498.280	0.000	13.843
498.290	0.000	13.770
498.300	0.000	13.770
498.310	0.000	13.330
498.320	0.000	13.623
498.330	0.000	13.403
498.340	0.000	13.403
498.350	0.000	12.817
498.360	0.000	12.964
498.370	0.000	13.037
498.380	0.000	12.598
498.390	0.000	12.817
498.400	0.000	12.598
498.410	0.000	12.891
498.420	0.000	12.305
498.430	0.000	12.378
498.440	0.000	12.451
498.450	0.000	12.451
498.460	0.000	11.865
498.470	0.000	11.865
498.480	0.000	11.865
498.490	0.000	11.499
498.500	0.000	10.620
498.510	0.000	10.767
498.520	0.000	10.254
498.530	0.000	10.181
498.540	0.000	9.741
498.550	0.000	9.595
498.560	0.000	9.375
498.570	0.000	9.155
498.580	0.000	8.789
498.590	0.000	8.862
498.600	0.000	8.716
498.610	0.000	8.716
498.620	0.000	8.203
498.630	0.000	8.350
498.640	0.000	7.983
498.650	0.000	7.690
498.660	0.000	7.617
498.670	0.000	7.104
498.680	0.000	6.738
498.690	0.000	6.372
498.700	0.000	5.713
498.710	0.000	5.420
498.720	0.000	5.200
498.730	0.000	4.614
498.740	0.000	4.175
498.750	0.000	3.735
498.760	0.000	3.076
498.770	0.000	2.490
498.780	0.000	1.904
498.790	0.000	1.245
498.800	0.000	0.586
498.810	0.000	-0.073
498.820	0.000	-0.806
498.830	0.000	-1.538
498.840	0.000	-2.124
498.850	0.000	-2.710
498.860	0.000	-3.442
498.870	0.000	-4.028
498.880	0.000	-4.541
498.890	0.000	-5.566
498.900	0.000	-5.933
498.910	0.000	-6.738
498.920	0.000	-7.324
498.930	0.000	-8.276
498.940	0.000	-8.643
498.950	0.000	-9.082
498.960	0.000	-9.521
498.970	0.000	-9.521
498.980	0.000	-10.181
498.990	0.000	-10.181
499.000	0.000	-10.693
499.010	0.000	-11.133
499.020	0.000	-11.572
499.030	0.000	-11.572
499.040	0.000	-11.572
499.050	0.000	-11.938
499.060	0.000	-12.305
499.070	0.000	-12.231
499.080	0.000	-12.451
499.090	0.000	-12.964
499.100	0.000	-12.964
499.110	0.000	-13.184
499.120	0.000	-12.891
499.130	0.000	-13.550
499.140	0.000	-13.257
499.150	0.000	-13.477
499.160	0.000	-13.403
499.170	0.000	-13.696
499.180	0.000	-13.477
499.190	0.000	-13.110
499.200	0.000	-13.477
499.210	0.000	-13.037
499.220	0.000	-13.184
499.230	0.000	-12.744
499.240	0.000	-13.110
499.250	0.000	-12.598
499.260	0.000	-12.378
499.270	0.000	-12.231
499.280	0.000	-12.158
499.290	0.000	-11.865
499.300	0.000	-11.499
499.310	0.000	-11.499
499.320	0.000	-11.426
499.330	0.000	-11.060
499.340	0.000	-10.547
499.350	0.000	-10.693
499.360	0.000	-10.327
499.370	0.000	-10.474
499.380	0.000	-9.961
499.390	0.000	-10.107
499.400	0.000	-9.888
499.410	0.000	-10.107
499.420	0.000	-9.888
499.430	0.000	-9.961
499.440	0.000	-10.181
499.450	0.000	-9.961
499.460	0.000	-10.400
499.470	0.000	-9.961
499.480	0.000	-10.107
499.490	0.000	-10.181
499.500	0.000	-10.254
499.510	0.000	-10.254
499.520	0.000	-9.961
499.530	0.000	-10.254
499.540	0.000	-10.034
499.550	0.000	-10.400
499.560	0.000	-10.034
499.570	0.000	-10.107
499.580	0.000	-10.400
499.590	0.000	-10.327
499.600	0.000	-10.620
499.610	0.000	-10.254
499.620	0.000	-10.620
499.630	0.000	-10.474
499.640	0.000	-10.913
499.650	0.000	-10.547
499.660	0.000	-10.620
499.670	0.000	-10.840
499.680	0.000	-10.913
499.690	0.000	-10.986
499.700	0.000	-10.620
499.710	0.000	-11.060
499.720	0.000	-10.913
499.730	0.000	-11.206
499.740	0.000	-10.767
499.750	0.000	-11.133
499.760	0.000	-11.279
499.770	0.000	-11.572
499.780	0.000	-11.279
499.790	0.000	-11.353
499.800	0.000	-11.499
499.810	0.000	-11.572
499.820	0.000	-11.353
499.830	0.000	-11.206
499.840	0.000	-11.279
499.850	0.000	-11.353
499.860	0.000	-11.060
499.870	0.000	-10.547
499.880	0.000	-10.547
499.890	0.000	-10.181
499.900	0.000	-10.034
499.910	0.000	-9.448
499.920	0.000	-9.229
499.930	0.000	-8.569
499.940	0.000	-8.350
499.950	0.000	-7.471
499.960	0.000	-7.031
499.970	0.000	-6.519
499.980	0.000	-5.859
499.990	0.000	-5.200
500.000	0.000	-4.321
500.010	0.000	-3.442
500.020	0.000	-2.563
500.030	0.000	-0.659
500.040	0.000	-0.659
500.050	0.000	0.220
500.060	0.000	2.344
500.070	0.000	2.344
500.080	0.000	3.149
500.090	0.000	5.127
500.100	0.000	5.127
500.110	0.000	5.713
500.120	0.000	7.031
500.130	0.000	7.471
500.140	0.000	7.471
500.150	0.000	8.643
500.160	0.000	8.643
500.170	0.000	9.229
500.180	0.000	10.400
500.190	0.000	10.474
500.200	0.000	10.474
500.210	0.000	11.206
500.220	0.000	11.206
500.230	0.000	11.865
500.240	0.000	12.231
500.250	0.000	12.231
500.260	0.000	12.817
500.270	0.000	13.477
500.280	0.000	13.477
500.290	0.000	13.330
500.300	0.000	13.989
500.310	0.000	13.989
500.320	0.000	13.989
500.330	0.000	14.355
500.340	0.000	14.355
500.350	0.000	14.355
500.360	0.000	14.941
500.370	0.000	14.941
500.380	0.000	14.722
500.390	0.000	15.234
500.400	0.000	15.234
500.410	0.000	15.015
500.420	0.000	15.747
500.430	0.000	15.381
500.440	0.000	15.381
500.450	0.000	15.820
500.460	0.000	15.820
500.470	0.000	15.527
500.480	0.000	15.894
500.490	0.000	15.894
500.500	0.000	15.601
500.510	0.000	16.040
500.520	0.000	15.894
500.530	0.000	15.454
500.540	0.000	15.747
500.550	0.000	15.234
500.560	0.000	15.601
500.570	0.000	15.601
500.580	0.000	15.161
500.590	0.000	14.795
500.600	0.000	15.015
500.610	0.000	14.502
500.620	0.000	14.209
500.630	0.000	13.989
500.640	0.000	13.696
500.650	0.000	13.184
500.660	0.000	13.330
500.670	0.000	12.524
500.680	0.000	12.524
500.690	0.000	12.231
500.700	0.000	11.938
500.710	0.000	11.426
500.720	0.000	11.279
500.730	0.000	11.353
500.740	0.000	11.060
500.750	0.000	10.913
500.760	0.000	10.547
500.770	0.000	10.986
500.780	0.000	10.474
500.790	0.000	10.620
500.800	0.000	10.034
500.810	0.000	10.034
500.820	0.000	9.961
500.830	0.000	9.668
500.840	0.000	9.521
500.850	0.000	9.375
500.860	0.000	9.229
500.870	0.000	9.082
500.880	0.000	8.936
500.890	0.000	8.716
500.900	0.000	8.936
500.910	0.000	8.789
500.920	0.000	8.496
500.930	0.000	8.643
500.940	0.000	8.276
500.950	0.000	8.423
500.960	0.000	8.350
500.970	0.000	7.617
500.980	0.000	7.471
500.990	0.000	7.397
501.000	0.000	7.178
501.010	0.000	7.031
501.020	0.000	6.738
501.030	0.000	6.519
501.040	0.000	6.372
501.050	0.000	6.006
501.060	0.000	6.079
501.070	0.000	6.445
501.080	0.000	6.445
501.090	0.000	6.226
501.100	0.000	6.372
501.110	0.000	6.445
501.120	0.000	6.299
501.130	0.000	6.152
501.140	0.000	6.519
501.150	0.000	6.592
501.160	0.000	6.299
501.170	0.000	6.006
501.180	0.000	6.079
501.190	0.000	5.933
501.200	0.000	5.493
501.210	0.000	5.200
501.220	0.000	5.127
501.230	0.000	4.907
501.240	0.000	4.468
501.250	0.000	4.175
501.260	0.000	3.882
501.270	0.000	3.516
501.280	0.000	2.930
501.290	0.000	2.490
501.300	0.000	2.124
501.310	0.000	1.831
501.320	0.000	1.318
501.330	0.000	0.659
501.340	0.000	-0.073
501.350	0.000	-0.806
501.360	0.000	-1.318
501.370	0.000	-1.758
501.380	0.000	-2.124
501.390	0.000	-2.417
501.400	0.000	-2.856
501.410	0.000	-3.442
501.420	0.000	-3.882
501.430	0.000	-4.102
501.440	0.000	-4.468
501.450	0.000	-4.907
501.460	0.000	-5.127
501.470	0.000	-5.420
501.480	0.000	-6.006
501.490	0.000	-6.445
501.500	0.000	-7.178
501.510	0.000	-7.324
501.520	0.000	-7.324
501.530	0.000	-7.837
501.540	0.000	-7.837
501.550	0.000	-7.837
501.560	0.000	-8.716
501.570	0.000	-8.716
501.580	0.000	-8.643
501.590	0.000	-9.375
501.600	0.000	-9.375
501.610	0.000	-9.595
501.620	0.000	-9.961
501.630	0.000	-9.961
501.640	0.000	-9.961
501.650	0.000	-10.254
501.660	0.000	-10.254
501.670	0.000	-10.034
501.680	0.000	-10.107
501.690	0.000	-10.107
501.700	0.000	-10.474
501.710	0.000	-10.107
501.720	0.000	-10.254
501.730	0.000	-10.254
501.740	0.000	-10.547
501.750	0.000	-10.547
501.760	0.000	-10.181
501.770	0.000	-10.620
501.780	0.000	-10.547
501.790	0.000	-10.913
501.800	0.000	-10.400
501.810	0.000	-10.620
501.820	0.000	-10.767
501.830	0.000	-10.913
501.840	0.000	-10.986
501.850	0.000	-10.547
501.860	0.000	-10.913
501.870	0.000	-10.986
501.880	0.000	-11.060
501.890	0.000	-10.620
501.900	0.000	-11.060
501.910	0.000	-10.986
501.920	0.000	-11.353
501.930	0.000	-10.913
501.940	0.000	-11.060
501.950	0.000	-11.206
501.960	0.000	-11.426
501.970	0.000	-11.133
501.980	0.000	-11.279
501.990	0.000	-11.572
502.000	0.000	-11.792
502.010	0.000	-11.865
502.020	0.000	-11.865
502.030	0.000	-12.378
502.040	0.000	-12.378
502.050	0.000	-12.598
502.060	0.000	-12.451
502.070	0.000	-13.110
502.080	0.000	-12.964
502.090	0.000	-13.184
502.100	0.000	-12.964
502.110	0.000	-13.257
502.120	0.000	-13.037
502.130	0.000	-12.964
502.140	0.000	-13.330
502.150	0.000	-13.110
502.160	0.000	-13.330
502.170	0.000	-12.891
502.180	0.000	-13.257
502.190	0.000	-12.891
502.200	0.000	-13.110
502.210	0.000	-13.257
502.220	0.000	-13.184
502.230	0.000	-13.184
502.240	0.000	-12.744
502.250	0.000	-13.184
502.260	0.000	-12.671
502.270	0.000	-12.744
502.280	0.000	-12.378
502.290	0.000	-12.817
502.300	0.000	-12.231
502.310	0.000	-11.865
502.320	0.000	-11.792
502.330	0.000	-11.646
502.340	0.000	-11.279
502.350	0.000	-10.620
502.360	0.000	-10.620
502.370	0.000	-10.107
502.380	0.000	-10.034
502.390	0.000	-9.448
502.400	0.000	-9.229
502.410	0.000	-8.789
502.420	0.000	-8.569
502.430	0.000	-7.983
502.440	0.000	-7.764
502.450	0.000	-7.837
502.460	0.000	-7.471
502.470	0.000	-7.178
502.480	0.000	-6.665
502.490	0.000	-6.519
502.500	0.000	-6.445
502.510	0.000	-6.226
502.520	0.000	-6.226
502.530	0.000	-6.226
502.540	0.000	-5.786
502.550	0.000	-5.786
502.560	0.000	-6.152
502.570	0.000	-6.152
502.580	0.000	-6.226
502.590	0.000	-6.152
502.600	0.000	-6.519
502.610	0.000	-6.445
502.620	0.000	-6.445
502.630	0.000	-6.152
502.640	0.000	-6.372
502.650	0.000	-6.372
502.660	0.000	-6.226
502.670	0.000	-5.859
502.680	0.000	-5.859
502.690	0.000	-5.713
502.700	0.000	-4.687
502.710	0.000	-4.687
502.720	0.000	-4.321
502.730	0.000	-3.149
502.740	0.000	-3.149
502.750	0.000	-2.490
502.760	0.000	-1.025
502.770	0.000	-1.025
502.780	0.000	1.172
502.790	0.000	1.978
502.800	0.000	2.710
502.810	0.000	2.710
502.820	0.000	4.175
502.830	0.000	4.175
502.840	0.000	4.761
502.850	0.000	6.299
502.860	0.000	6.738
502.870	0.000	7.324
502.880	0.000	7.544
502.890	0.000	7.544
502.900	0.000	8.057
502.910	0.000	9.009
502.920	0.000	9.448
502.930	0.000	9.741
502.940	0.000	10.327
502.950	0.000	10.327
502.960	0.000	10.400
502.970	0.000	10.840
502.980	0.000	10.840
502.990	0.000	11.499
503.000	0.000	11.646
503.010	0.000	11.646
503.020	0.000	11.792
503.030	0.000	12.085
503.040	0.000	12.671
503.050	0.000	12.305
503.060	0.000	12.817
503.070	0.000	12.817
503.080	0.000	13.110
503.090	0.000	12.744
503.100	0.000	13.110
503.110	0.000	13.403
503.120	0.000	13.403
503.130	0.000	13.696
503.140	0.000	13.623
503.150	0.000	13.843
503.160	0.000	13.770
503.170	0.000	13.770
503.180	0.000	13.843
503.190	0.000	13.843
503.200	0.000	13.843
503.210	0.000	13.843
503.220	0.000	13.770
503.230	0.000	13.623
503.240	0.000	13.477
503.250	0.000	13.623
503.260	0.000	13.184
503.270	0.000	13.477
503.280	0.000	13.330
503.290	0.000	13.330
503.300	0.000	13.110
503.310	0.000	13.037
503.320	0.000	13.330
503.330	0.000	12.817
503.340	0.000	13.257
503.350	0.000	13.037
503.360	0.000	13.184
503.370	0.000	12.817
503.380	0.000	12.891
503.390	0.000	13.110
503.400	0.000	12.817
503.410	0.000	12.891
503.420	0.000	12.744
503.430	0.000	13.110
503.440	0.000	12.305
503.450	0.000	12.524
503.460	0.000	12.378
503.470	0.000	12.451
503.480	0.000	11.938
503.490	0.000	12.085
503.500	0.000	12.012
503.510	0.000	11.865
503.520	0.000	11.499
503.530	0.000	11.353
503.540	0.000	11.646
503.550	0.000	11.499
503.560	0.000	11.279
503.570	0.000	11.206
503.580	0.000	11.646
503.590	0.000	11.353
503.600	0.000	11.279
503.610	0.000	11.060
503.620	0.000	11.426
503.630	0.000	11.206
503.640	0.000	11.133
503.650	0.000	10.693
503.660	0.000	11.133
503.670	0.000	10.913
503.680	0.000	10.767
503.690	0.000	10.400
503.700	0.000	10.327
503.710	0.000	10.474
503.720	0.000	10.107
503.730	0.000	10.181
503.740	0.000	10.181
503.750	0.000	9.888
503.760	0.000	9.888
503.770	0.000	9.888
503.780	0.000	9.595
503.790	0.000	9.595
503.800	0.000	9.741
503.810	0.000	9.521
503.820	0.000	9.448
503.830	0.000	9.302
503.840	0.000	9.155
503.850	0.000	8.862
503.860	0.000	8.936
503.870	0.000	8.789
503.880	0.000	8.569
503.890	0.000	8.716
503.900	0.000	8.276
503.910	0.000	8.130
503.920	0.000	8.203
503.930	0.000	7.910
503.940	0.000	7.910
503.950	0.000	7.910
503.960	0.000	7.104
503.970	0.000	7.104
503.980	0.000	7.031
503.990	0.000	7.031
504.000	0.000	7.031
504.010	0.000	6.738
504.020	0.000	6.519
504.030	0.000	6.445
504.040	0.000	6.079
504.050	0.000	5.640
504.060	0.000	5.420
504.070	0.000	5.420
504.080	0.000	5.200
504.090	0.000	4.761
504.100	0.000	4.395
504.110	0.000	4.102
504.120	0.000	3.662
504.130	0.000	3.149
504.140	0.000	2.856
504.150	0.000	2.490
504.160	0.000	2.051
504.170	0.000	1.318
504.180	0.000	0.586
504.190	0.000	-0.073
504.200	0.000	-0.806
504.210	0.000	-1.611
504.220	0.000	-2.271
504.230	0.000	-2.783
504.240	0.000	-3.296
504.250	0.000	-3.955
504.260	0.000	-4.614
504.270	0.000	-5.054
504.280	0.000	-5.786
504.290	0.000	-6.299
504.300	0.000	-6.372
504.310	0.000	-6.519
504.320	0.000	-6.958
504.330	0.000	-7.178
504.340	0.000	-7.617
504.350	0.000	-7.837
504.360	0.000	-7.764
504.370	0.000	-7.983
504.380	0.000	-7.910
504.390	0.000	-7.983
504.400	0.000	-8.569
504.410	0.000	-8.569
504.420	0.000	-8.643
504.430	0.000	-9.009
504.440	0.000	-9.082
504.450	0.000	-9.375
504.460	0.000	-9.521
504.470	0.000	-9.814
504.480	0.000	-9.961
504.490	0.000	-10.400
504.500	0.000	-10.107
504.510	0.000	-10.474
504.520	0.000	-10.620
504.530	0.000	-10.913
504.540	0.000	-10.913
504.550	0.000	-10.913
504.560	0.000	-11.279
504.570	0.000	-11.572
504.580	0.000	-11.572
504.590	0.000	-11.499
504.600	0.000	-11.719
504.610	0.000	-12.085
504.620	0.000	-11.865
504.630	0.000	-11.865
504.640	0.000	-11.938
504.650	0.000	-12.305
504.660	0.000	-12.012
504.670	0.000	-11.719
504.680	0.000	-11.865
504.690	0.000	-11.865
504.700	0.000	-11.646
504.710	0.000	-11.206
504.720	0.000	-11.426
504.730	0.000	-11.206
504.740	0.000	-11.206
504.750	0.000	-10.400
504.760	0.000	-10.693
504.770	0.000	-10.327
504.780	0.000	-10.547
504.790	0.000	-9.961
504.800	0.000	-9.741
504.810	0.000	-9.741
504.820	0.000	-9.448
504.830	0.000	-9.302
504.840	0.000	-9.229
504.850	0.000	-9.155
504.860	0.000	-8.716
504.870	0.000	-8.862
504.880	0.000	-8.276
504.890	0.000	-8.496
504.900	0.000	-8.569
504.910	0.000	-8.130
504.920	0.000	-8.057
504.930	0.000	-7.983
504.940	0.000	-7.690
504.950	0.000	-7.983
504.960	0.000	-8.130
504.970	0.000	-7.764
504.980	0.000	-7.910
504.990	0.000	-7.764
505.000	0.000	-7.690
505.010	0.000	-8.130
505.020	0.000	-8.130
505.030	0.000	-7.910
505.040	0.000	-7.983
505.050	0.000	-7.910
505.060	0.000	-7.910
505.070	0.000	-8.496
505.080	0.000	-8.423
505.090	0.000	-8.569
505.100	0.000	-8.862
505.110	0.000	-8.716
505.120	0.000	-9.155
505.130	0.000	-9.302
505.140	0.000	-9.595
505.150	0.000	-9.668
505.160	0.000	-9.961
505.170	0.000	-9.814
505.180	0.000	-9.888
505.190	0.000	-10.034
505.200	0.000	-10.107
505.210	0.000	-10.547
505.220	0.000	-10.181
505.230	0.000	-10.620
505.240	0.000	-10.547
505.250	0.000	-11.060
505.260	0.000	-10.840
505.270	0.000	-11.133
505.280	0.000	-11.426
505.290	0.000	-11.719
505.300	0.000	-11.572
505.310	0.000	-11.646
505.320	0.000	-12.012
505.330	0.000	-12.231
505.340	0.000	-12.231
505.350	0.000	-12.158
505.360	0.000	-12.598
505.370	0.000	-12.451
505.380	0.000	-12.744
505.390	0.000	-12.524
505.400	0.000	-13.257
505.410	0.000	-13.037
505.420	0.000	-13.184
505.430	0.000	-13.184
505.440	0.000	-13.403
505.450	0.000	-13.184
505.460	0.000	-12.964
505.470	0.000	-13.330
505.480	0.000	-12.964
505.490	0.000	-13.037
505.500	0.000	-12.524
505.510	0.000	-12.744
505.520	0.000	-12.231
505.530	0.000	-12.085
505.540	0.000	-11.865
505.550	0.000	-12.012
505.560	0.000	-11.719
505.570	0.000	-11.206
505.580	0.000	-11.133
505.590	0.000	-10.693
505.600	0.000	-10.693
505.610	0.000	-9.961
505.620	0.000	-9.741
505.630	0.000	-9.448
505.640	0.000	-9.082
505.650	0.000	-8.496
505.660	0.000	-8.496
505.670	0.000	-7.983
505.680	0.000	-7.397
505.690	0.000	-6.885
505.700	0.000	-6.079
505.710	0.000	-5.786
505.720	0.000	-5.347
505.730	0.000	-4.541
505.740	0.000	-3.882
505.750	0.000	-3.076
505.760	0.000	-1.978
505.770	0.000	-1.172
505.780	0.000	-0.439
505.790	0.000	0.293
505.800	0.000	0.952
505.810	0.000	3.003
505.820	0.000	3.955
505.830	0.000	3.955
505.840	0.000	4.761
505.850	0.000	6.372
505.860	0.000	6.372
505.870	0.000	7.544
505.880	0.000	9.375
505.890	0.000	9.375
505.900	0.000	10.400
505.910	0.000	12.012
505.920	0.000	12.012
505.930	0.000	12.451
505.940	0.000	14.062
505.950	0.000	15.015
505.960	0.000	15.234
505.970	0.000	15.747
505.980	0.000	15.747
505.990	0.000	16.406
506.000	0.000	16.772
506.010	0.000	16.992
506.020	0.000	17.358
506.030	0.000	17.944
506.040	0.000	18.311
506.050	0.000	18.457
506.060	0.000	18.457
506.070	0.000	18.823
506.080	0.000	18.896
506.090	0.000	18.896
506.100	0.000	19.116
506.110	0.000	19.336
506.120	0.000	19.263
506.130	0.000	19.116
506.140	0.000	19.043
506.150	0.000	19.043
506.160	0.000	19.336
506.170	0.000	19.189
506.180	0.000	19.043
506.190	0.000	19.043
506.200	0.000	18.970
506.210	0.000	18.970
506.220	0.000	18.970
506.230	0.000	18.750
506.240	0.000	18.677
506.250	0.000	18.604
506.260	0.000	17.871
506.270	0.000	17.798
506.280	0.000	17.871
506.290	0.000	17.285
506.300	0.000	17.065
506.310	0.000	16.846
506.320	0.000	16.553
506.330	0.000	16.187
506.340	0.000	15.747
506.350	0.000	15.820
506.360	0.000	15.454
506.370	0.000	15.454
506.380	0.000	14.795
506.390	0.000	14.502
506.400	0.000	14.502
506.410	0.000	14.136
506.420	0.000	13.696
506.430	0.000	13.696
506.440	0.000	13.623
506.450	0.000	13.477
506.460	0.000	13.477
506.470	0.000	13.330
506.480	0.000	12.891
506.490	0.000	13.037
506.500	0.000	12.817
506.510	0.000	12.744
506.520	0.000	12.305
506.530	0.000	12.305
506.540	0.000	12.451
506.550	0.000	12.451
506.560	0.000	11.938
506.570	0.000	11.499
506.580	0.000	11.719
506.590	0.000	11.572
506.600	0.000	11.279
506.610	0.000	10.913
506.620	0.000	10.840
506.630	0.000	10.840
506.640	0.000	10.327
506.650	0.000	10.181
506.660	0.000	9.741
506.670	0.000	9.961
506.680	0.000	9.448
506.690	0.000	9.375
506.700	0.000	9.302
506.710	0.000	9.229
506.720	0.000	8.936
506.730	0.000	9.082
506.740	0.000	8.936
506.750	0.000	8.936
506.760	0.000	9.009
506.770	0.000	8.569
506.780	0.000	8.789
506.790	0.000	8.716
506.800	0.000	8.350
506.810	0.000	8.496
506.820	0.000	8.276
506.830	0.000	7.544
506.840	0.000	7.104
506.850	0.000	6.665
506.860	0.000	6.445
506.870	0.000	6.152
506.880	0.000	5.347
506.890	0.000	4.834
506.900	0.000	4.395
506.910	0.000	3.735
506.920	0.000	3.369
506.930	0.000	3.003
506.940	0.000	2.637
506.950	0.000	2.051
506.960	0.000	1.538
506.970	0.000	1.025
506.980	0.000	0.586
506.990	0.000	0.220
507.000	0.000	-0.220
507.010	0.000	-0.586
507.020	0.000	-1.025
507.030	0.000	-1.392
507.040	0.000	-1.904
507.050	0.000	-2.417
507.060	0.000	-2.856
507.070	0.000	-3.076
507.080	0.000	-3.369
507.090	0.000	-3.882
507.100	0.000	-4.321
507.110	0.000	-4.687
507.120	0.000	-5.200
507.130	0.000	-5.859
507.140	0.000	-5.933
507.150	0.000	-6.079
507.160	0.000	-6.592
507.170	0.000	-7.031
507.180	0.000	-7.617
507.190	0.000	-7.983
507.200	0.000	-8.057
507.210	0.000	-8.569
507.220	0.000	-8.716
507.230	0.000	-8.936
507.240	0.000	-9.302
507.250	0.000	-9.595
507.260	0.000	-9.888
507.270	0.000	-10.327
507.280	0.000	-10.547
507.290	0.000	-10.620
507.300	0.000	-11.206
507.310	0.000	-11.426
507.320	0.000	-11.719
507.330	0.000	-11.865
507.340	0.000	-12.158
507.350	0.000	-12.817
507.360	0.000	-12.671
507.370	0.000	-12.891
507.380	0.000	-13.330
507.390	0.000	-13.403
507.400	0.000	-13.623
507.410	0.000	-13.916
507.420	0.000	-14.136
507.430	0.000	-14.429
507.440	0.000	-14.795
507.450	0.000	-14.722
507.460	0.000	-15.234
507.470	0.000	-15.454
507.480	0.000	-15.234
507.490	0.000	-15.601
507.500	0.000	-15.601
507.510	0.000	-15.454
507.520	0.000	-15.601
507.530	0.000	-15.527
507.540	0.000	-15.454
507.550	0.000	-15.454
507.560	0.000	-15.234
507.570	0.000	-15.161
507.580	0.000	-15.088
507.590	0.000	-15.015
507.600	0.000	-15.234
507.610	0.000	-15.161
507.620	0.000	-15.015
507.630	0.000	-15.234
507.640	0.000	-14.941
507.650	0.000	-14.868
507.660	0.000	-15.308
507.670	0.000	-14.941
507.680	0.000	-15.088
507.690	0.000	-15.381
507.700	0.000	-14.795
507.710	0.000	-15.015
507.720	0.000	-15.454
507.730	0.000	-14.941
507.740	0.000	-15.308
507.750	0.000	-15.601
507.760	0.000	-15.015
507.770	0.000	-15.381
507.780	0.000	-15.674
507.790	0.000	-15.088
507.800	0.000	-15.527
507.810	0.000	-15.674
507.820	0.000	-15.015
507.830	0.000	-15.308
507.840	0.000	-15.161
507.850	0.000	-14.868
507.860	0.000	-15.161
507.870	0.000	-15.015
507.880	0.000	-14.868
507.890	0.000	-15.308
507.900	0.000	-15.527
507.910	0.000	-15.234
507.920	0.000	-15.747
507.930	0.000	-16.113
507.940	0.000	-15.894
507.950	0.000	-16.040
507.960	0.000	-16.113
507.970	0.000	-15.967
507.980	0.000	-15.820
507.990	0.000	-15.967
508.000	0.000	-15.454
508.010	0.000	-15.601
508.020	0.000	-15.674
508.030	0.000	-15.234
508.040	0.000	-15.601
508.050	0.000	-15.601
508.060	0.000	-15.308
508.070	0.000	-15.381
508.080	0.000	-15.381
508.090	0.000	-15.161
508.100	0.000	-14.795
508.110	0.000	-14.795
508.120	0.000	-14.575
508.130	0.000	-13.770
508.140	0.000	-13.770
508.150	0.000	-13.184
508.160	0.000	-12.451
508.170	0.000	-12.451
508.180	0.000	-12.085
508.190	0.000	-11.353
508.200	0.000	-10.767
508.210	0.000	-9.595
508.220	0.000	-9.082
508.230	0.000	-9.082
508.240	0.000	-8.276
508.250	0.000	-6.958
508.260	0.000	-6.958
508.270	0.000	-6.445
508.280	0.000	-4.907
508.290	0.000	-4.907
508.300	0.000	-4.175
508.310	0.000	-2.490
508.320	0.000	-2.490
508.330	0.000	-1.831
508.340	0.000	-0.146
508.350	0.000	-0.146
508.360	0.000	0.732
508.370	0.000	2.051
508.380	0.000	2.051
508.390	0.000	2.490
508.400	0.000	3.809
508.410	0.000	3.809
508.420	0.000	4.395
508.430	0.000	5.493
508.440	0.000	5.493
508.450	0.000	5.933
508.460	0.000	7.031
508.470	0.000	7.031
508.480	0.000	7.617
508.490	0.000	8.862
508.500	0.000	8.862
508.510	0.000	9.448
508.520	0.000	10.767
508.530	0.000	10.767
508.540	0.000	11.060
508.550	0.000	12.671
508.560	0.000	12.671
508.570	0.000	12.598
508.580	0.000	13.696
508.590	0.000	13.696
508.600	0.000	14.062
508.610	0.000	14.429
508.620	0.000	14.722
508.630	0.000	14.575
508.640	0.000	15.015
508.650	0.000	14.868
508.660	0.000	14.795
508.670	0.000	15.234
508.680	0.000	14.941
508.690	0.000	14.941
508.700	0.000	15.161
508.710	0.000	14.795
508.720	0.000	14.868
508.730	0.000	14.941
508.740	0.000	14.941
508.750	0.000	15.015
508.760	0.000	14.795
508.770	0.000	14.795
508.780	0.000	14.941
508.790	0.000	14.722
508.800	0.000	14.868
508.810	0.000	14.941
508.820	0.000	14.722
508.830	0.000	14.722
508.840	0.000	14.429
508.850	0.000	14.355
508.860	0.000	14.209
508.870	0.000	14.209
508.880	0.000	14.062
508.890	0.000	13.843
508.900	0.000	13.696
508.910	0.000	13.477
508.920	0.000	13.696
508.930	0.000	13.330
508.940	0.000	13.550
508.950	0.000	13.550
508.960	0.000	13.477
508.970	0.000	13.403
508.980	0.000	13.257
508.990	0.000	13.550
509.000	0.000	13.257
509.010	0.000	13.550
509.020	0.000	13.623
509.030	0.000	13.550
509.040	0.000	13.550
509.050	0.000	13.330
509.060	0.000	13.696
509.070	0.000	13.403
509.080	0.000	13.477
509.090	0.000	13.550
509.100	0.000	13.330
509.110	0.000	13.184
509.120	0.000	12.891
509.130	0.000	13.184
509.140	0.000	12.598
509.150	0.000	12.891
509.160	0.000	12.671
509.170	0.000	12.671
509.180	0.000	12.305
509.190	0.000	12.378
509.200	0.000	12.524
509.210	0.000	12.231
509.220	0.000	12.231
509.230	0.000	12.524
509.240	0.000	12.012
509.250	0.000	11.938
509.260	0.000	12.012
509.270	0.000	12.012
509.280	0.000	12.158
509.290	0.000	11.646
509.300	0.000	11.426
509.310	0.000	11.646
509.320	0.000	11.499
509.330	0.000	11.206
509.340	0.000	10.693
509.350	0.000	10.840
509.360	0.000	10.767
509.370	0.000	10.400
509.380	0.000	10.181
509.390	0.000	9.961
509.400	0.000	10.254
509.410	0.000	9.741
509.420	0.000	9.741
509.430	0.000	9.595
509.440	0.000	9.521
509.450	0.000	9.521
509.460	0.000	9.375
509.470	0.000	9.375
509.480	0.000	9.302
509.490	0.000	9.229
509.500	0.000	8.936
509.510	0.000	9.009
509.520	0.000	8.716
509.530	0.000	8.643
509.540	0.000	8.643
509.550	0.000	8.057
509.560	0.000	7.837
509.570	0.000	7.617
509.580	0.000	7.617
509.590	0.000	7.544
509.600	0.000	7.031
509.610	0.000	7.031
509.620	0.000	6.812
509.630	0.000	6.519
509.640	0.000	6.519
509.650	0.000	6.519
509.660	0.000	5.859
509.670	0.000	5.859
509.680	0.000	5.786
509.690	0.000	5.347
509.700	0.000	5.347
509.710	0.000	5.127
509.720	0.000	5.273
509.730	0.000	5.273
509.740	0.000	5.054
509.750	0.000	4.761
509.760	0.000	4.761
509.770	0.000	4.541
509.780	0.000	4.102
509.790	0.000	4.102
509.800	0.000	4.028
509.810	0.000	3.735
509.820	0.000	3.223
509.830	0.000	3.223
509.840	0.000	2.930
509.850	0.000	2.710
509.860	0.000	2.563
509.870	0.000	2.490
509.880	0.000	2.344
509.890	0.000	2.271
509.900	0.000	2.271
509.910	0.000	2.271
509.920	0.000	2.197
509.930	0.000	2.271
509.940	0.000	2.197
509.950	0.000	2.124
509.960	0.000	1.978
509.970	0.000	1.758
509.980	0.000	1.538
509.990	0.000	1.025
510.000	0.000	0.513
510.010	0.000	-0.146
510.020	0.000	-0.879
510.030	0.000	-1.685
510.040	0.000	-2.271
510.050	0.000	-3.662
510.060	0.000	-4.468
510.070	0.000	-5.200
510.080	0.000	-6.152
510.090	0.000	-6.152
510.100	0.000	-6.665
510.110	0.000	-7.690
510.120	0.000	-7.690
510.130	0.000	-8.203
510.140	0.000	-9.595
510.150	0.000	-9.595
510.160	0.000	-10.254
510.170	0.000	-10.986
510.180	0.000	-11.499
510.190	0.000	-12.671
510.200	0.000	-12.671
510.210	0.000	-13.403
510.220	0.000	-14.502
510.230	0.000	-14.502
510.240	0.000	-14.648
510.250	0.000	-15.381
510.260	0.000	-15.894
510.270	0.000	-15.747
510.280	0.000	-16.260
510.290	0.000	-16.626
510.300	0.000	-16.772
510.310	0.000	-16.992
510.320	0.000	-17.212
510.330	0.000	-17.432
510.340	0.000	-17.944
510.350	0.000	-17.871
510.360	0.000	-17.944
510.370	0.000	-18.457
510.380	0.000	-18.604
510.390	0.000	-18.750
510.400	0.000	-18.750
510.410	0.000	-18.896
510.420	0.000	-18.896
510.430	0.000	-18.970
510.440	0.000	-18.896
510.450	0.000	-19.116
510.460	0.000	-18.970
510.470	0.000	-18.823
510.480	0.000	-18.896
510.490	0.000	-18.750
510.500	0.000	-18.677
510.510	0.000	-18.530
510.520	0.000	-18.530
510.530	0.000	-18.237
510.540	0.000	-18.237
510.550	0.000	-17.798
510.560	0.000	-17.725
510.570	0.000	-17.944
510.580	0.000	-17.358
510.590	0.000	-17.065
510.600	0.000	-17.285
510.610	0.000	-16.919
510.620	0.000	-16.626
510.630	0.000	-16.699
510.640	0.000	-16.187
510.650	0.000	-16.187
510.660	0.000	-16.187
510.670	0.000	-15.381
510.680	0.000	-15.454
510.690	0.000	-15.527
510.700	0.000	-14.795
510.710	0.000	-14.868
510.720	0.000	-14.868
510.730	0.000	-14.355
510.740	0.000	-14.282
510.750	0.000	-14.282
510.760	0.000	-14.136
510.770	0.000	-14.136
510.780	0.000	-14.136
510.790	0.000	-13.989
510.800	0.000	-13.989
510.810	0.000	-13.916
510.820	0.000	-13.550
510.830	0.000	-13.843
510.840	0.000	-13.770
510.850	0.000	-13.623
510.860	0.000	-13.696
510.870	0.000	-13.696
510.880	0.000	-13.623
510.890	0.000	-13.623
510.900	0.000	-13.843
510.910	0.000	-13.770
510.920	0.000	-13.696
510.930	0.000	-13.696
510.940	0.000	-13.257
510.950	0.000	-13.257
510.960	0.000	-12.744
510.970	0.000	-13.037
510.980	0.000	-12.671
510.990	0.000	-12.524
511.000	0.000	-12.305
511.010	0.000	-12.305
511.020	0.000	-12.158
511.030	0.000	-11.865
511.040	0.000	-12.158
511.050	0.000	-12.158
511.060	0.000	-11.865
511.070	0.000	-11.426
511.080	0.000	-11.426
511.090	0.000	-11.279
511.100	0.000	-10.400
511.110	0.000	-10.400
511.120	0.000	-10.474
511.130	0.000	-10.107
511.140	0.000	-10.107
511.150	0.000	-9.521
511.160	0.000	-8.936
511.170	0.000	-8.936
511.180	0.000	-8.643
511.190	0.000	-7.544
511.200	0.000	-7.544
511.210	0.000	-7.178
511.220	0.000	-6.006
511.230	0.000	-6.006
511.240	0.000	-4.907
511.250	0.000	-3.589
511.260	0.000	-3.589
511.270	0.000	-2.710
511.280	0.000	-1.099
511.290	0.000	-1.099
511.300	0.000	-0.293
511.310	0.000	1.245
511.320	0.000	1.245
511.330	0.000	1.758
511.340	0.000	2.710
511.350	0.000	2.710
511.360	0.000	3.296
511.370	0.000	3.882
511.380	0.000	3.882
511.390	0.000	4.028
511.400	0.000	4.907
511.410	0.000	4.907
511.420	0.000	5.200
511.430	0.000	6.152
511.440	0.000	6.372
511.450	0.000	6.738
511.460	0.000	7.324
511.470	0.000	7.837
511.480	0.000	8.496
511.490	0.000	8.643
511.500	0.000	9.229
511.510	0.000	9.741
511.520	0.000	10.181
511.530	0.000	10.327
511.540	0.000	10.327
511.550	0.000	11.133
511.560	0.000	11.279
511.570	0.000	11.572
511.580	0.000	11.719
511.590	0.000	12.158
511.600	0.000	12.524
511.610	0.000	12.231
511.620	0.000	12.598
511.630	0.000	12.598
511.640	0.000	13.037
511.650	0.000	12.744
511.660	0.000	13.257
511.670	0.000	13.330
511.680	0.000	13.403
511.690	0.000	13.330
511.700	0.000	13.257
511.710	0.000	13.623
511.720	0.000	13.330
511.730	0.000	13.623
511.740	0.000	13.623
511.750	0.000	13.550
511.760	0.000	13.477
511.770	0.000	13.330
511.780	0.000	13.623
511.790	0.000	13.403
511.800	0.000	13.770
511.810	0.000	13.843
511.820	0.000	13.916
511.830	0.000	13.916
511.840	0.000	14.062
511.850	0.000	14.136
511.860	0.000	14.355
511.870	0.000	14.502
511.880	0.000	14.648
511.890	0.000	14.648
511.900	0.000	14.355
511.910	0.000	14.282
511.920	0.000	14.282
511.930	0.000	14.209
511.940	0.000	13.989
511.950	0.000	13.989
511.960	0.000	13.696
511.970	0.000	13.477
511.980	0.000	13.550
511.990	0.000	12.964
512.000	0.000	13.184
512.010	0.000	12.817
512.020	0.000	13.037
512.030	0.000	12.378
512.040	0.000	12.451
512.050	0.000	12.524
512.060	0.000	12.231
512.070	0.000	12.231
512.080	0.000	12.231
512.090	0.000	12.012
512.100	0.000	12.012
512.110	0.000	12.085
512.120	0.000	12.451
512.130	0.000	12.451
512.140	0.000	12.085
512.150	0.000	12.378
512.160	0.000	12.451
512.170	0.000	12.598
512.180	0.000	12.158
512.190	0.000	12.378
512.200	0.000	12.451
512.210	0.000	12.524
512.220	0.000	12.231
512.230	0.000	12.305
512.240	0.000	12.231
512.250	0.000	11.938
512.260	0.000	11.499
512.270	0.000	11.499
512.280	0.000	11.572
512.290	0.000	11.279
512.300	0.000	11.060
512.310	0.000	11.060
512.320	0.000	11.206
512.330	0.000	10.986
512.340	0.000	10.913
512.350	0.000	10.620
512.360	0.000	10.840
512.370	0.000	10.913
512.380	0.000	10.913
512.390	0.000	10.913
512.400	0.000	10.913
512.410	0.000	10.693
512.420	0.000	10.400
512.430	0.000	10.400
512.440	0.000	10.254
512.450	0.000	10.327
512.460	0.000	10.327
512.470	0.000	10.474
512.480	0.000	10.107
512.490	0.000	10.474
512.500	0.000	10.254
512.510	0.000	10.254
512.520	0.000	10.034
512.530	0.000	9.888
512.540	0.000	10.254
512.550	0.000	9.814
512.560	0.000	9.814
512.570	0.000	9.521
512.580	0.000	9.521
512.590	0.000	9.448
512.600	0.000	9.302
512.610	0.000	9.082
512.620	0.000	9.009
512.630	0.000	8.936
512.640	0.000	8.496
512.650	0.000	8.716
512.660	0.000	8.423
512.670	0.000	8.276
512.680	0.000	8.350
512.690	0.000	7.764
512.700	0.000	7.471
512.710	0.000	7.397
512.720	0.000	7.251
512.730	0.000	7.104
512.740	0.000	6.885
512.750	0.000	6.445
512.760	0.000	6.372
512.770	0.000	6.006
512.780	0.000	5.566
512.790	0.000	5.493
512.800	0.000	5.566
512.810	0.000	4.980
512.820	0.000	4.980
512.830	0.000	4.761
512.840	0.000	4.541
512.850	0.000	4.175
512.860	0.000	3.955
512.870	0.000	3.882
512.880	0.000	3.735
512.890	0.000	3.369
512.900	0.000	2.856
512.910	0.000	2.344
512.920	0.000	1.978
512.930	0.000	1.538
512.940	0.000	0.952
512.950	0.000	0.220
512.960	0.000	-0.586
512.970	0.000	-1.318
512.980	0.000	-2.051
512.990	0.000	-2.783
513.000	0.000	-3.662
513.010	0.000	-4.175
513.020	0.000	-4.614
513.030	0.000	-5.200
513.040	0.000	-5.640
513.050	0.000	-5.786
513.060	0.000	-6.226
513.070	0.000	-6.738
513.080	0.000	-6.812
513.090	0.000	-7.031
513.100	0.000	-7.251
513.110	0.000	-7.544
513.120	0.000	-8.276
513.130	0.000	-8.276
513.140	0.000	-8.350
513.150	0.000	-8.862
513.160	0.000	-8.789
513.170	0.000	-9.082
513.180	0.000	-9.302
513.190	0.000	-9.302
513.200	0.000	-9.375
513.210	0.000	-9.448
513.220	0.000	-9.521
513.230	0.000	-9.521
513.240	0.000	-9.741
513.250	0.000	-9.595
513.260	0.000	-9.888
513.270	0.000	-9.814
513.280	0.000	-9.814
513.290	0.000	-10.107
513.300	0.000	-10.107
513.310	0.000	-10.547
513.320	0.000	-10.107
513.330	0.000	-10.547
513.340	0.000	-10.620
513.350	0.000	-11.060
513.360	0.000	-10.840
513.370	0.000	-10.693
513.380	0.000	-10.986
513.390	0.000	-11.133
513.400	0.000	-11.206
513.410	0.000	-10.767
513.420	0.000	-11.279
513.430	0.000	-11.353
513.440	0.000	-11.353
513.450	0.000	-10.913
513.460	0.000	-11.279
513.470	0.000	-11.353
513.480	0.000	-11.646
513.490	0.000	-11.206
513.500	0.000	-11.865
513.510	0.000	-11.865
513.520	0.000	-11.865
513.530	0.000	-11.938
513.540	0.000	-11.938
513.550	0.000	-12.524
513.560	0.000	-12.378
513.570	0.000	-12.744
513.580	0.000	-12.671
513.590	0.000	-13.330
513.600	0.000	-13.330
513.610	0.000	-13.330
513.620	0.000	-13.696
513.630	0.000	-13.623
513.640	0.000	-13.916
513.650	0.000	-14.136
513.660	0.000	-14.282
513.670	0.000	-14.355
513.680	0.000	-14.722
513.690	0.000	-14.502
513.700	0.000	-14.868
513.710	0.000	-15.381
513.720	0.000	-15.015
513.730	0.000	-15.674
513.740	0.000	-16.040
513.750	0.000	-15.601
513.760	0.000	-16.040
513.770	0.000	-16.406
513.780	0.000	-16.187
513.790	0.000	-16.406
513.800	0.000	-16.553
513.810	0.000	-16.187
513.820	0.000	-16.406
513.830	0.000	-16.406
513.840	0.000	-16.040
513.850	0.000	-16.113
513.860	0.000	-16.113
513.870	0.000	-15.601
513.880	0.000	-15.454
513.890	0.000	-15.674
513.900	0.000	-15.015
513.910	0.000	-14.941
513.920	0.000	-14.868
513.930	0.000	-14.282
513.940	0.000	-13.916
513.950	0.000	-13.623
513.960	0.000	-13.403
513.970	0.000	-12.891
513.980	0.000	-12.451
513.990	0.000	-11.719
514.000	0.000	-11.279
514.010	0.000	-10.913
514.020	0.000	-10.181
514.030	0.000	-9.448
514.040	0.000	-8.789
514.050	0.000	-8.350
514.060	0.000	-7.397
514.070	0.000	-6.885
514.080	0.000	-6.445
514.090	0.000	-5.859
514.100	0.000	-5.640
514.110	0.000	-4.980
514.120	0.000	-4.541
514.130	0.000	-4.248
514.140	0.000	-3.882
514.150	0.000	-3.296
514.160	0.000	-2.856
514.170	0.000	-2.563
514.180	0.000	-2.124
514.190	0.000	-1.172
514.200	0.000	-1.172
514.210	0.000	-0.806
514.220	0.000	-0.220
514.230	0.000	-0.220
514.240	0.000	0.073
514.250	0.000	0.586
514.260	0.000	0.586
514.270	0.000	0.952
514.280	0.000	1.831
514.290	0.000	1.831
514.300	0.000	2.271
514.310	0.000	3.076
514.320	0.000	3.076
514.330	0.000	3.662
514.340	0.000	4.395
514.350	0.000	4.395
514.360	0.000	4.761
514.370	0.000	5.640
514.380	0.000	5.640
514.390	0.000	5.933
514.400	0.000	6.738
514.410	0.000	6.738
514.420	0.000	6.958
514.430	0.000	7.690
514.440	0.000	7.690
514.450	0.000	8.276
514.460	0.000	8.496
514.470	0.000	8.496
514.480	0.000	9.009
514.490	0.000	9.302
514.500	0.000	9.302
514.510	0.000	9.448
514.520	0.000	9.814
514.530	0.000	9.814
514.540	0.000	9.888
514.550	0.000	9.961
514.560	0.000	9.961
514.570	0.000	10.400
514.580	0.000	10.547
514.590	0.000	10.547
514.600	0.000	10.327
514.610	0.000	10.693
514.620	0.000	10.913
514.630	0.000	10.840
514.640	0.000	10.913
514.650	0.000	10.840
514.660	0.000	11.279
514.670	0.000	11.206
514.680	0.000	11.279
514.690	0.000	11.060
514.700	0.000	11.572
514.710	0.000	11.499
514.720	0.000	11.353
514.730	0.000	11.060
514.740	0.000	11.499
514.750	0.000	11.353
514.760	0.000	11.353
514.770	0.000	11.060
514.780	0.000	11.426
514.790	0.000	11.499
514.800	0.000	11.353
514.810	0.000	11.133
514.820	0.000	11.499
514.830	0.000	11.353
514.840	0.000	11.279
514.850	0.000	11.426
514.860	0.000	11.426
514.870	0.000	11.646
514.880	0.000	11.133
514.890	0.000	11.133
514.900	0.000	11.133
514.910	0.000	11.353
514.920	0.000	11.206
514.930	0.000	11.133
514.940	0.000	10.840
514.950	0.000	11.353
514.960	0.000	10.913
514.970	0.000	10.986
514.980	0.000	10.620
514.990	0.000	10.986
515.000	0.000	10.693
515.010	0.000	10.693
515.020	0.000	10.400
515.030	0.000	10.327
515.040	0.000	10.693
515.050	0.000	10.107
515.060	0.000	10.254
515.070	0.000	9.814
515.080	0.000	9.961
515.090	0.000	9.888
515.100	0.000	9.814
515.110	0.000	9.741
515.120	0.000	9.595
515.130	0.000	9.888
515.140	0.000	9.521
515.150	0.000	9.448
515.160	0.000	9.448
515.170	0.000	9.375
515.180	0.000	9.082
515.190	0.000	9.082
515.200	0.000	8.936
515.210	0.000	8.789
515.220	0.000	8.789
515.230	0.000	8.203
515.240	0.000	8.276
515.250	0.000	8.276
515.260	0.000	7.983
515.270	0.000	8.130
515.280	0.000	7.617
515.290	0.000	7.617
515.300	0.000	7.690
515.310	0.000	7.690
515.320	0.000	7.617
515.330	0.000	7.764
515.340	0.000	7.764
515.350	0.000	7.324
515.360	0.000	7.251
515.370	0.000	7.251
515.380	0.000	7.251
515.390	0.000	7.031
515.400	0.000	6.665
515.410	0.000	6.665
515.420	0.000	6.079
515.430	0.000	6.079
515.440	0.000	5.493
515.450	0.000	5.200
515.460	0.000	4.761
515.470	0.000	4.761
515.480	0.000	4.248
515.490	0.000	4.248
515.500	0.000	4.028
515.510	0.000	3.442
515.520	0.000	3.442
515.530	0.000	3.296
515.540	0.000	3.149
515.550	0.000	3.149
515.560	0.000	2.783
515.570	0.000	2.124
515.580	0.000	1.978
515.590	0.000	1.758
515.600	0.000	1.685
515.610	0.000	1.685
515.620	0.000	1.538
515.630	0.000	1.099
515.640	0.000	0.879
515.650	0.000	0.879
515.660	0.000	0.586
515.670	0.000	0.586
515.680	0.000	0.439
515.690	0.000	0.000
515.700	0.000	-0.366
515.710	0.000	-0.806
515.720	0.000	-1.245
515.730	0.000	-1.245
515.740	0.000	-1.685
515.750	0.000	-2.051
515.760	0.000	-2.563
515.770	0.000	-3.149
515.780	0.000	-3.809
515.790	0.000	-4.175
515.800	0.000	-4.614
515.810	0.000	-4.980
515.820	0.000	-5.493
515.830	0.000	-5.640
515.840	0.000	-6.152
515.850	0.000	-6.738
515.860	0.000	-6.885
515.870	0.000	-7.251
515.880	0.000	-7.544
515.890	0.000	-8.057
515.900	0.000	-8.716
515.910	0.000	-8.936
515.920	0.000	-9.229
515.930	0.000	-9.668
515.940	0.000	-10.181
515.950	0.000	-10.034
515.960	0.000	-10.474
515.970	0.000	-10.547
515.980	0.000	-10.767
515.990	0.000	-10.767
516.000	0.000	-10.620
516.010	0.000	-11.060
516.020	0.000	-11.206
516.030	0.000	-11.426
516.040	0.000	-11.060
516.050	0.000	-11.426
516.060	0.000	-11.646
516.070	0.000	-11.719
516.080	0.000	-11.572
516.090	0.000	-11.792
516.100	0.000	-12.158
516.110	0.000	-12.012
516.120	0.000	-11.865
516.130	0.000	-11.719
516.140	0.000	-12.085
516.150	0.000	-11.865
516.160	0.000	-11.646
516.170	0.000	-11.719
516.180	0.000	-11.938
516.190	0.000	-11.792
516.200	0.000	-11.426
516.210	0.000	-11.499
516.220	0.000	-11.426
516.230	0.000	-11.426
516.240	0.000	-10.840
516.250	0.000	-10.986
516.260	0.000	-10.693
516.270	0.000	-10.767
516.280	0.000	-10.400
516.290	0.000	-10.034
516.300	0.000	-10.107
516.310	0.000	-9.741
516.320	0.000	-9.741
516.330	0.000	-9.521
516.340	0.000	-9.375
516.350	0.000	-9.302
516.360	0.000	-9.375
516.370	0.000	-9.229
516.380	0.000	-9.229
516.390	0.000	-9.229
516.400	0.000	-9.229
516.410	0.000	-9.302
516.420	0.000	-9.302
516.430	0.000	-9.302
516.440	0.000	-9.375
516.450	0.000	-9.448
516.460	0.000	-9.375
516.470	0.000	-9.448
516.480	0.000	-9.375
516.490	0.000	-9.082
516.500	0.000	-9.082
516.510	0.000	-9.009
516.520	0.000	-8.716
516.530	0.000	-8.789
516.540	0.000	-8.716
516.550	0.000	-8.203
516.560	0.000	-8.203
516.570	0.000	-7.764
516.580	0.000	-7.544
516.590	0.000	-7.690
516.600	0.000	-7.544
516.610	0.000	-7.251
516.620	0.000	-6.885
516.630	0.000	-6.592
516.640	0.000	-6.519
516.650	0.000	-6.445
516.660	0.000	-6.152
516.670	0.000	-6.079
516.680	0.000	-6.006
516.690	0.000	-5.640
516.700	0.000	-5.273
516.710	0.000	-5.127
516.720	0.000	-5.200
516.730	0.000	-5.127
516.740	0.000	-4.980
516.750	0.000	-4.907
516.760	0.000	-4.834
516.770	0.000	-4.907
516.780	0.000	-4.907
516.790	0.000	-4.834
516.800	0.000	-4.834
516.810	0.000	-4.907
516.820	0.000	-4.907
516.830	0.000	-4.761
516.840	0.000	-4.614
516.850	0.000	-4.468
516.860	0.000	-4.395
516.870	0.000	-4.028
516.880	0.000	-3.955
516.890	0.000	-4.102
516.900	0.000	-4.102
516.910	0.000	-3.955
516.920	0.000	-3.662
516.930	0.000	-3.662
516.940	0.000	-3.735
516.950	0.000	-3.882
516.960	0.000	-3.882
516.970	0.000	-3.882
516.980	0.000	-3.442
516.990	0.000	-3.516
517.000	0.000	-3.516
517.010	0.000	-3.882
517.020	0.000	-3.882
517.030	0.000	-3.882
517.040	0.000	-3.589
517.050	0.000	-3.589
517.060	0.000	-3.662
517.070	0.000	-3.735
517.080	0.000	-3.735
517.090	0.000	-3.735
517.100	0.000	-3.076
517.110	0.000	-3.076
517.120	0.000	-2.783
517.130	0.000	-2.490
517.140	0.000	-2.490
517.150	0.000	-2.271
517.160	0.000	-1.685
517.170	0.000	-1.318
517.180	0.000	-1.318
517.190	0.000	-0.732
517.200	0.000	-0.732
517.210	0.000	-0.513
517.220	0.000	0.000
517.230	0.000	0.220
517.240	0.000	0.439
517.250	0.000	0.732
517.260	0.000	0.732
517.270	0.000	0.952
517.280	0.000	1.538
517.290	0.000	1.831
517.300	0.000	1.831
517.310	0.000	2.271
517.320	0.000	2.271
517.330	0.000	2.417
517.340	0.000	2.930
517.350	0.000	2.930
517.360	0.000	3.369
517.370	0.000	4.028
517.380	0.000	4.248
517.390	0.000	4.248
517.400	0.000	4.907
517.410	0.000	4.907
517.420	0.000	5.200
517.430	0.000	6.299
517.440	0.000	6.299
517.450	0.000	6.738
517.460	0.000	7.397
517.470	0.000	7.983
517.480	0.000	8.716
517.490	0.000	9.155
517.500	0.000	9.155
517.510	0.000	9.668
517.520	0.000	10.840
517.530	0.000	10.840
517.540	0.000	11.133
517.550	0.000	11.426
517.560	0.000	12.012
517.570	0.000	12.378
517.580	0.000	12.524
517.590	0.000	12.964
517.600	0.000	12.964
517.610	0.000	13.257
517.620	0.000	13.257
517.630	0.000	13.330
517.640	0.000	13.477
517.650	0.000	12.817
517.660	0.000	12.817
517.670	0.000	12.744
517.680	0.000	12.744
517.690	0.000	12.891
517.700	0.000	12.305
517.710	0.000	12.305
517.720	0.000	12.012
517.730	0.000	11.719
517.740	0.000	11.719
517.750	0.000	11.792
517.760	0.000	11.572
517.770	0.000	11.572
517.780	0.000	11.426
517.790	0.000	11.719
517.800	0.000	11.572
517.810	0.000	11.426
517.820	0.000	11.719
517.830	0.000	11.719
517.840	0.000	12.012
517.850	0.000	11.865
517.860	0.000	11.865
517.870	0.000	12.085
517.880	0.000	12.158
517.890	0.000	11.938
517.900	0.000	11.792
517.910	0.000	11.792
517.920	0.000	11.938
517.930	0.000	11.719
517.940	0.000	11.426
517.950	0.000	11.646
517.960	0.000	11.646
517.970	0.000	11.426
517.980	0.000	11.279
517.990	0.000	11.279
518.000	0.000	11.353
518.010	0.000	11.206
518.020	0.000	10.913
518.030	0.000	10.547
518.040	0.000	10.986
518.050	0.000	10.400
518.060	0.000	10.400
518.070	0.000	9.961
518.080	0.000	9.888
518.090	0.000	9.814
518.100	0.000	9.668
518.110	0.000	9.521
518.120	0.000	9.375
518.130	0.000	9.229
518.140	0.000	8.936
518.150	0.000	8.862
518.160	0.000	8.643
518.170	0.000	8.716
518.180	0.000	8.496
518.190	0.000	7.983
518.200	0.000	8.203
518.210	0.000	7.910
518.220	0.000	8.057
518.230	0.000	8.203
518.240	0.000	7.764
518.250	0.000	7.617
518.260	0.000	7.764
518.270	0.000	7.617
518.280	0.000	7.617
518.290	0.000	7.764
518.300	0.000	7.324
518.310	0.000	7.104
518.320	0.000	6.812
518.330	0.000	6.812
518.340	0.000	6.885
518.350	0.000	6.812
518.360	0.000	6.519
518.370	0.000	6.519
518.380	0.000	6.372
518.390	0.000	6.079
518.400	0.000	6.152
518.410	0.000	6.372
518.420	0.000	6.372
518.430	0.000	5.933
518.440	0.000	5.859
518.450	0.000	5.859
518.460	0.000	5.640
518.470	0.000	5.273
518.480	0.000	5.273
518.490	0.000	5.493
518.500	0.000	5.493
518.510	0.000	5.273
518.520	0.000	5.200
518.530	0.000	5.347
518.540	0.000	5.347
518.550	0.000	5.127
518.560	0.000	5.054
518.570	0.000	5.054
518.580	0.000	5.054
518.590	0.000	4.907
518.600	0.000	4.687
518.610	0.000	4.468
518.620	0.000	4.321
518.630	0.000	3.955
518.640	0.000	3.516
518.650	0.000	3.369
518.660	0.000	3.223
518.670	0.000	3.003
518.680	0.000	2.783
518.690	0.000	2.344
518.700	0.000	2.051
518.710	0.000	1.831
518.720	0.000	1.611
518.730	0.000	1.465
518.740	0.000	1.392
518.750	0.000	1.245
518.760	0.000	1.025
518.770	0.000	0.952
518.780	0.000	0.806
518.790	0.000	0.732
518.800	0.000	0.586
518.810	0.000	0.513
518.820	0.000	0.513
518.830	0.000	0.439
518.840	0.000	0.366
518.850	0.000	0.293
518.860	0.000	0.293
518.870	0.000	0.146
518.880	0.000	0.146
518.890	0.000	0.073
518.900	0.000	0.073
518.910	0.000	0.073
518.920	0.000	-0.073
518.930	0.000	-0.220
518.940	0.000	-0.220
518.950	0.000	-0.366
518.960	0.000	-0.659
518.970	0.000	-0.659
518.980	0.000	-0.879
518.990	0.000	-1.392
519.000	0.000	-1.392
519.010	0.000	-1.611
519.020	0.000	-2.051
519.030	0.000	-2.271
519.040	0.000	-2.271
519.050	0.000	-3.076
519.060	0.000	-3.076
519.070	0.000	-3.516
519.080	0.000	-3.809
519.090	0.000	-3.809
519.100	0.000	-4.102
519.110	0.000	-4.834
519.120	0.000	-5.127
519.130	0.000	-5.640
519.140	0.000	-5.933
519.150	0.000	-5.859
519.160	0.000	-5.859
519.170	0.000	-6.372
519.180	0.000	-6.665
519.190	0.000	-6.665
519.200	0.000	-7.104
519.210	0.000	-7.471
519.220	0.000	-7.690
519.230	0.000	-8.130
519.240	0.000	-8.276
519.250	0.000	-8.643
519.260	0.000	-9.082
519.270	0.000	-9.229
519.280	0.000	-9.448
519.290	0.000	-9.668
519.300	0.000	-10.107
519.310	0.000	-9.814
519.320	0.000	-10.181
519.330	0.000	-10.327
519.340	0.000	-10.767
519.350	0.000	-10.693
519.360	0.000	-11.060
519.370	0.000	-11.572
519.380	0.000	-12.012
519.390	0.000	-12.158
519.400	0.000	-12.158
519.410	0.000	-12.817
519.420	0.000	-12.964
519.430	0.000	-13.257
519.440	0.000	-13.330
519.450	0.000	-13.989
519.460	0.000	-14.282
519.470	0.000	-14.648
519.480	0.000	-14.722
519.490	0.000	-15.308
519.500	0.000	-15.820
519.510	0.000	-15.820
519.520	0.000	-16.333
519.530	0.000	-16.772
519.540	0.000	-16.919
519.550	0.000	-16.919
519.560	0.000	-17.065
519.570	0.000	-17.212
519.580	0.000	-17.358
519.590	0.000	-17.065
519.600	0.000	-16.846
519.610	0.000	-16.992
519.620	0.000	-16.626
519.630	0.000	-16.260
519.640	0.000	-15.967
519.650	0.000	-15.820
519.660	0.000	-15.308
519.670	0.000	-14.941
519.680	0.000	-14.502
519.690	0.000	-14.209
519.700	0.000	-14.209
519.710	0.000	-13.770
519.720	0.000	-13.770
519.730	0.000	-13.330
519.740	0.000	-13.037
519.750	0.000	-12.744
519.760	0.000	-12.744
519.770	0.000	-11.865
519.780	0.000	-11.865
519.790	0.000	-11.719
519.800	0.000	-11.499
519.810	0.000	-10.840
519.820	0.000	-10.620
519.830	0.000	-10.400
519.840	0.000	-10.034
519.850	0.000	-9.668
519.860	0.000	-9.302
519.870	0.000	-8.936
519.880	0.000	-8.569
519.890	0.000	-8.276
519.900	0.000	-7.764
519.910	0.000	-7.764
519.920	0.000	-7.544
519.930	0.000	-7.178
519.940	0.000	-6.812
519.950	0.000	-6.226
519.960	0.000	-6.299
519.970	0.000	-6.152
519.980	0.000	-5.786
519.990	0.000	-5.640
520.000	0.000	-5.566
520.010	0.000	-5.347
520.020	0.000	-5.054
520.030	0.000	-4.834
520.040	0.000	-4.761
520.050	0.000	-4.687
520.060	0.000	-4.395
520.070	0.000	-4.321
520.080	0.000	-4.175
520.090	0.000	-3.955
520.100	0.000	-3.589
520.110	0.000	-3.369
520.120	0.000	-3.223
520.130	0.000	-3.296
520.140	0.000	-3.296
520.150	0.000	-3.296
520.160	0.000	-3.076
520.170	0.000	-2.856
520.180	0.000	-2.710
520.190	0.000	-2.563
520.200	0.000	-2.490
520.210	0.000	-2.344
520.220	0.000	-2.271
520.230	0.000	-2.124
520.240	0.000	-1.978
520.250	0.000	-1.904
520.260	0.000	-1.978
520.270	0.000	-2.051
520.280	0.000	-2.051
520.290	0.000	-2.051
520.300	0.000	-2.051
520.310	0.000	-2.051
520.320	0.000	-1.978
520.330	0.000	-1.904
520.340	0.000	-1.831
520.350	0.000	-1.685
520.360	0.000	-1.538
520.370	0.000	-1.538
520.380	0.000	-1.538
520.390	0.000	-1.538
520.400	0.000	-1.538
520.410	0.000	-1.538
520.420	0.000	-1.465
520.430	0.000	-1.465
520.440	0.000	-1.392
520.450	0.000	-1.318
520.460	0.000	-1.318
520.470	0.000	-1.172
520.480	0.000	-1.099
520.490	0.000	-1.099
520.500	0.000	-1.025
520.510	0.000	-0.879
520.520	0.000	-0.879
520.530	0.000	-0.879
520.540	0.000	-0.806
520.550	0.000	-0.806
520.560	0.000	-0.732
520.570	0.000	-0.659
520.580	0.000	-0.586
520.590	0.000	-0.439
520.600	0.000	-0.366
520.610	0.000	-0.366
520.620	0.000	-0.293
520.630	0.000	-0.073
520.640	0.000	-0.073
520.650	0.000	0.073
520.660	0.000	0.220
520.670	0.000	0.366
520.680	0.000	0.439
520.690	0.000	0.513
520.700	0.000	0.586
520.710	0.000	0.659
520.720	0.000	0.732
520.730	0.000	0.806
520.740	0.000	0.879
520.750	0.000	0.952
520.760	0.000	1.025
520.770	0.000	1.099
520.780	0.000	1.245
520.790	0.000	1.392
520.800	0.000	1.538
520.810	0.000	1.611
520.820	0.000	1.758
520.830	0.000	1.758
520.840	0.000	1.831
520.850	0.000	1.904
520.860	0.000	2.051
520.870	0.000	2.124
520.880	0.000	2.490
520.890	0.000	2.783
520.900	0.000	3.003
520.910	0.000	3.369
520.920	0.000	4.102
520.930	0.000	4.761
520.940	0.000	6.152
520.950	0.000	6.152
520.960	0.000	6.665
520.970	0.000	7.471
520.980	0.000	8.057
520.990	0.000	8.569
521.000	0.000	9.155
521.010	0.000	9.595
521.020	0.000	9.961
521.030	0.000	10.181
521.040	0.000	10.693
521.050	0.000	10.547
521.060	0.000	11.133
521.070	0.000	11.133
521.080	0.000	11.133
521.090	0.000	10.913
521.100	0.000	11.206
521.110	0.000	11.279
521.120	0.000	11.060
521.130	0.000	10.986
521.140	0.000	10.693
521.150	0.000	11.133
521.160	0.000	10.693
521.170	0.000	10.693
521.180	0.000	10.327
521.190	0.000	10.840
521.200	0.000	10.474
521.210	0.000	10.620
521.220	0.000	10.474
521.230	0.000	10.620
521.240	0.000	10.840
521.250	0.000	10.547
521.260	0.000	10.620
521.270	0.000	10.327
521.280	0.000	10.913
521.290	0.000	10.474
521.300	0.000	10.620
521.310	0.000	10.254
521.320	0.000	10.254
521.330	0.000	10.327
521.340	0.000	9.961
521.350	0.000	9.595
521.360	0.000	9.595
521.370	0.000	9.302
521.380	0.000	9.302
521.390	0.000	9.155
521.400	0.000	9.009
521.410	0.000	9.009
521.420	0.000	8.789
521.430	0.000	8.643
521.440	0.000	8.716
521.450	0.000	8.569
521.460	0.000	8.862
521.470	0.000	8.716
521.480	0.000	8.350
521.490	0.000	8.716
521.500	0.000	8.496
521.510	0.000	8.569
521.520	0.000	8.716
521.530	0.000	8.276
521.540	0.000	8.423
521.550	0.000	8.423
521.560	0.000	8.130
521.570	0.000	8.423
521.580	0.000	8.350
521.590	0.000	7.837
521.600	0.000	8.057
521.610	0.000	7.983
521.620	0.000	7.764
521.630	0.000	8.057
521.640	0.000	7.837
521.650	0.000	7.544
521.660	0.000	7.837
521.670	0.000	7.764
521.680	0.000	7.837
521.690	0.000	8.203
521.700	0.000	7.910
521.710	0.000	7.690
521.720	0.000	7.983
521.730	0.000	7.910
521.740	0.000	7.764
521.750	0.000	8.057
521.760	0.000	7.764
521.770	0.000	7.397
521.780	0.000	7.324
521.790	0.000	7.324
521.800	0.000	7.251
521.810	0.000	7.324
521.820	0.000	6.812
521.830	0.000	6.592
521.840	0.000	6.592
521.850	0.000	6.226
521.860	0.000	6.372
521.870	0.000	6.372
521.880	0.000	6.152
521.890	0.000	5.640
521.900	0.000	5.493
521.910	0.000	5.493
521.920	0.000	5.054
521.930	0.000	4.980
521.940	0.000	4.834
521.950	0.000	4.614
521.960	0.000	4.321
521.970	0.000	4.175
521.980	0.000	4.175
521.990	0.000	4.028
522.000	0.000	3.735
522.010	0.000	3.369
522.020	0.000	3.296
522.030	0.000	3.149
522.040	0.000	3.149
522.050	0.000	3.223
522.060	0.000	3.003
522.070	0.000	2.783
522.080	0.000	2.490
522.090	0.000	2.344
522.100	0.000	2.271
522.110	0.000	2.124
522.120	0.000	1.978
522.130	0.000	1.831
522.140	0.000	1.685
522.150	0.000	1.465
522.160	0.000	1.318
522.170	0.000	1.245
522.180	0.000	1.245
522.190	0.000	1.172
522.200	0.000	1.172
522.210	0.000	1.318
522.220	0.000	1.245
522.230	0.000	1.318
522.240	0.000	1.245
522.250	0.000	1.245
522.260	0.000	1.245
522.270	0.000	1.245
522.280	0.000	1.172
522.290	0.000	1.245
522.300	0.000	1.172
522.310	0.000	1.025
522.320	0.000	1.099
522.330	0.000	1.025
522.340	0.000	0.952
522.350	0.000	0.952
522.360	0.000	0.879
522.370	0.000	0.806
522.380	0.000	0.732
522.390	0.000	0.732
522.400	0.000	0.659
522.410	0.000	0.513
522.420	0.000	0.513
522.430	0.000	0.513
522.440	0.000	0.439
522.450	0.000	0.439
522.460	0.000	0.439
522.470	0.000	0.293
522.480	0.000	0.293
522.490	0.000	0.220
522.500	0.000	0.000
522.510	0.000	0.000
522.520	0.000	-0.073
522.530	0.000	-0.366
522.540	0.000	-0.366
522.550	0.000	-0.513
522.560	0.000	-0.806
522.570	0.000	-0.806
522.580	0.000	-0.952
522.590	0.000	-1.465
522.600	0.000	-1.831
522.610	0.000	-1.831
522.620	0.000	-2.563
522.630	0.000	-2.563
522.640	0.000	-2.783
522.650	0.000	-3.589
522.660	0.000	-3.589
522.670	0.000	-4.175
522.680	0.000	-5.273
522.690	0.000	-5.933
522.700	0.000	-5.933
522.710	0.000	-6.738
522.720	0.000	-6.738
522.730	0.000	-7.324
522.740	0.000	-8.789
522.750	0.000	-8.789
522.760	0.000	-9.082
522.770	0.000	-9.668
522.780	0.000	-10.327
522.790	0.000	-10.620
522.800	0.000	-10.693
522.810	0.000	-11.206
522.820	0.000	-11.646
522.830	0.000	-11.792
522.840	0.000	-11.792
522.850	0.000	-12.012
522.860	0.000	-12.817
522.870	0.000	-12.671
522.880	0.000	-12.744
522.890	0.000	-13.037
522.900	0.000	-13.257
522.910	0.000	-13.403
522.920	0.000	-13.184
522.930	0.000	-13.696
522.940	0.000	-13.550
522.950	0.000	-13.770
522.960	0.000	-13.550
522.970	0.000	-13.550
522.980	0.000	-13.477
522.990	0.000	-13.257
523.000	0.000	-13.184
523.010	0.000	-13.330
523.020	0.000	-13.330
523.030	0.000	-12.964
523.040	0.000	-12.671
523.050	0.000	-12.671
523.060	0.000	-12.451
523.070	0.000	-12.524
523.080	0.000	-12.524
523.090	0.000	-12.305
523.100	0.000	-12.231
523.110	0.000	-12.231
523.120	0.000	-11.938
523.130	0.000	-11.499
523.140	0.000	-11.499
523.150	0.000	-11.426
523.160	0.000	-11.426
523.170	0.000	-10.913
523.180	0.000	-10.693
523.190	0.000	-10.620
523.200	0.000	-10.400
523.210	0.000	-10.181
523.220	0.000	-9.814
523.230	0.000	-9.814
523.240	0.000	-9.521
523.250	0.000	-9.302
523.260	0.000	-9.082
523.270	0.000	-8.936
523.280	0.000	-8.496
523.290	0.000	-8.350
523.300	0.000	-8.057
523.310	0.000	-7.617
523.320	0.000	-7.544
523.330	0.000	-7.397
523.340	0.000	-7.031
523.350	0.000	-6.665
523.360	0.000	-6.079
523.370	0.000	-5.933
523.380	0.000	-5.933
523.390	0.000	-5.493
523.400	0.000	-5.200
523.410	0.000	-4.980
523.420	0.000	-4.907
523.430	0.000	-4.614
523.440	0.000	-4.541
523.450	0.000	-4.468
523.460	0.000	-4.102
523.470	0.000	-4.102
523.480	0.000	-3.882
523.490	0.000	-3.955
523.500	0.000	-3.955
523.510	0.000	-3.955
523.520	0.000	-3.589
523.530	0.000	-3.662
523.540	0.000	-3.955
523.550	0.000	-4.028
523.560	0.000	-4.028
523.570	0.000	-3.882
523.580	0.000	-3.735
523.590	0.000	-3.516
523.600	0.000	-3.516
523.610	0.000	-3.516
523.620	0.000	-3.516
523.630	0.000	-3.442
523.640	0.000	-3.003
523.650	0.000	-3.003
523.660	0.000	-2.930
523.670	0.000	-2.930
523.680	0.000	-2.930
523.690	0.000	-3.076
523.700	0.000	-3.076
523.710	0.000	-3.003
523.720	0.000	-2.856
523.730	0.000	-2.783
523.740	0.000	-2.710
523.750	0.000	-2.563
523.760	0.000	-2.417
523.770	0.000	-2.417
523.780	0.000	-2.271
523.790	0.000	-1.978
523.800	0.000	-1.978
523.810	0.000	-1.904
523.820	0.000	-1.904
523.830	0.000	-1.904
523.840	0.000	-1.904
523.850	0.000	-1.904
523.860	0.000	-1.904
523.870	0.000	-1.831
523.880	0.000	-1.831
523.890	0.000	-1.831
523.900	0.000	-1.758
523.910	0.000	-1.538
523.920	0.000	-1.392
523.930	0.000	-1.392
523.940	0.000	-1.318
523.950	0.000	-1.245
523.960	0.000	-1.245
523.970	0.000	-1.245
523.980	0.000	-1.172
523.990	0.000	-1.099
524.000	0.000	-0.952
524.010	0.000	-0.952
524.020	0.000	-0.879
524.030	0.000	-0.659
524.040	0.000	-0.659
524.050	0.000	-0.586
524.060	0.000	-0.293
524.070	0.000	-0.293
524.080	0.000	-0.146
524.090	0.000	0.073
524.100	0.000	0.073
524.110	0.000	0.146
524.120	0.000	0.439
524.130	0.000	0.439
524.140	0.000	0.586
524.150	0.000	0.879
524.160	0.000	0.879
524.170	0.000	1.099
524.180	0.000	1.538
524.190	0.000	1.685
524.200	0.000	1.831
524.210	0.000	2.051
524.220	0.000	2.271
524.230	0.000	2.271
524.240	0.000	2.637
524.250	0.000	2.637
524.260	0.000	2.783
524.270	0.000	2.930
524.280	0.000	3.223
524.290	0.000	3.223
524.300	0.000	3.809
524.310	0.000	3.809
524.320	0.000	3.882
524.330	0.000	3.882
524.340	0.000	4.028
524.350	0.000	4.321
524.360	0.000	4.468
524.370	0.000	4.614
524.380	0.000	4.907
524.390	0.000	5.273
524.400	0.000	5.420
524.410	0.000	5.640
524.420	0.000	6.079
524.430	0.000	6.372
524.440	0.000	6.445
524.450	0.000	6.738
524.460	0.000	7.178
524.470	0.000	7.471
524.480	0.000	7.764
524.490	0.000	7.617
524.500	0.000	7.544
524.510	0.000	7.910
524.520	0.000	7.910
524.530	0.000	8.130
524.540	0.000	8.496
524.550	0.000	8.350
524.560	0.000	8.496
524.570	0.000	8.789
524.580	0.000	8.716
524.590	0.000	9.009
524.600	0.000	9.082
524.610	0.000	9.009
524.620	0.000	9.155
524.630	0.000	9.155
524.640	0.000	9.229
524.650	0.000	9.229
524.660	0.000	9.082
524.670	0.000	9.229
524.680	0.000	9.302
524.690	0.000	9.302
524.700	0.000	9.302
524.710	0.000	9.302
524.720	0.000	9.375
524.730	0.000	9.375
524.740	0.000	9.375
524.750	0.000	9.448
524.760	0.000	9.741
524.770	0.000	9.668
524.780	0.000	9.741
524.790	0.000	9.814
524.800	0.000	9.814
524.810	0.000	10.181
524.820	0.000	10.034
524.830	0.000	10.327
524.840	0.000	10.181
524.850	0.000	10.547
524.860	0.000	10.547
524.870	0.000	10.547
524.880	0.000	10.547
524.890	0.000	10.327
524.900	0.000	10.913
524.910	0.000	10.620
524.920	0.000	10.840
524.930	0.000	10.547
524.940	0.000	10.986
524.950	0.000	10.840
524.960	0.000	10.840
524.970	0.000	10.620
524.980	0.000	10.840
524.990	0.000	11.133
525.000	0.000	11.060
525.010	0.000	10.986
525.020	0.000	11.060
525.030	0.000	11.499
525.040	0.000	11.426
525.050	0.000	11.353
525.060	0.000	11.353
525.070	0.000	11.719
525.080	0.000	11.792
525.090	0.000	11.572
525.100	0.000	11.426
525.110	0.000	11.719
525.120	0.000	11.719
525.130	0.000	11.279
525.140	0.000	10.840
525.150	0.000	11.206
525.160	0.000	10.913
525.170	0.000	10.767
525.180	0.000	10.327
525.190	0.000	10.254
525.200	0.000	10.327
525.210	0.000	9.961
525.220	0.000	9.521
525.230	0.000	9.448
525.240	0.000	9.448
525.250	0.000	9.302
525.260	0.000	8.862
525.270	0.000	8.862
525.280	0.000	8.862
525.290	0.000	7.983
525.300	0.000	7.983
525.310	0.000	7.983
525.320	0.000	7.471
525.330	0.000	7.471
525.340	0.000	7.324
525.350	0.000	6.592
525.360	0.000	6.592
525.370	0.000	6.152
525.380	0.000	6.079
525.390	0.000	6.079
525.400	0.000	6.006
525.410	0.000	5.420
525.420	0.000	5.347
525.430	0.000	5.347
525.440	0.000	5.054
525.450	0.000	5.054
525.460	0.000	4.980
525.470	0.000	4.980
525.480	0.000	4.980
525.490	0.000	4.980
525.500	0.000	4.834
525.510	0.000	4.761
525.520	0.000	4.541
525.530	0.000	4.395
525.540	0.000	4.395
525.550	0.000	4.321
525.560	0.000	4.028
525.570	0.000	4.028
525.580	0.000	3.735
525.590	0.000	3.003
525.600	0.000	3.003
525.610	0.000	2.856
525.620	0.000	2.856
525.630	0.000	2.710
525.640	0.000	2.710
525.650	0.000	2.710
525.660	0.000	2.563
525.670	0.000	2.563
525.680	0.000	2.490
525.690	0.000	2.490
525.700	0.000	2.271
525.710	0.000	2.197
525.720	0.000	1.978
525.730	0.000	1.685
525.740	0.000	1.465
525.750	0.000	1.245
525.760	0.000	1.099
525.770	0.000	0.879
525.780	0.000	0.586
525.790	0.000	0.366
525.800	0.000	0.146
525.810	0.000	-0.146
525.820	0.000	-0.513
525.830	0.000	-0.732
525.840	0.000	-0.952
525.850	0.000	-1.245
525.860	0.000	-1.904
525.870	0.000	-1.904
525.880	0.000	-2.197
525.890	0.000	-2.637
525.900	0.000	-2.783
525.910	0.000	-2.856
525.920	0.000	-3.076
525.930	0.000	-3.076
525.940	0.000	-3.589
525.950	0.000	-4.175
525.960	0.000	-4.175
525.970	0.000	-4.468
525.980	0.000	-5.127
525.990	0.000	-5.420
526.000	0.000	-5.933
526.010	0.000	-6.445
526.020	0.000	-6.445
526.030	0.000	-6.738
526.040	0.000	-7.251
526.050	0.000	-7.251
526.060	0.000	-7.251
526.070	0.000	-7.324
526.080	0.000	-7.251
526.090	0.000	-7.324
526.100	0.000	-7.764
526.110	0.000	-7.837
526.120	0.000	-7.690
526.130	0.000	-7.910
526.140	0.000	-7.764
526.150	0.000	-7.983
526.160	0.000	-8.496
526.170	0.000	-8.423
526.180	0.000	-8.350
526.190	0.000	-8.643
526.200	0.000	-8.350
526.210	0.000	-8.569
526.220	0.000	-8.789
526.230	0.000	-8.569
526.240	0.000	-8.716
526.250	0.000	-8.789
526.260	0.000	-8.789
526.270	0.000	-9.082
526.280	0.000	-9.302
526.290	0.000	-9.595
526.300	0.000	-9.814
526.310	0.000	-9.741
526.320	0.000	-9.741
526.330	0.000	-10.181
526.340	0.000	-10.547
526.350	0.000	-10.400
526.360	0.000	-10.327
526.370	0.000	-10.840
526.380	0.000	-10.913
526.390	0.000	-10.913
526.400	0.000	-10.986
526.410	0.000	-10.986
526.420	0.000	-11.353
526.430	0.000	-11.572
526.440	0.000	-11.572
526.450	0.000	-11.279
526.460	0.000	-11.719
526.470	0.000	-11.719
526.480	0.000	-11.865
526.490	0.000	-11.572
526.500	0.000	-11.572
526.510	0.000	-11.719
526.520	0.000	-11.572
526.530	0.000	-11.572
526.540	0.000	-11.792
526.550	0.000	-12.231
526.560	0.000	-12.231
526.570	0.000	-12.451
526.580	0.000	-12.891
526.590	0.000	-12.891
526.600	0.000	-12.671
526.610	0.000	-12.964
526.620	0.000	-12.964
526.630	0.000	-13.184
526.640	0.000	-12.891
526.650	0.000	-12.891
526.660	0.000	-13.330
526.670	0.000	-13.403
526.680	0.000	-13.403
526.690	0.000	-13.623
526.700	0.000	-14.062
526.710	0.000	-14.062
526.720	0.000	-14.429
526.730	0.000	-14.722
526.740	0.000	-14.722
526.750	0.000	-15.088
526.760	0.000	-15.308
526.770	0.000	-15.308
526.780	0.000	-15.234
526.790	0.000	-15.234
526.800	0.000	-15.234
526.810	0.000	-15.088
526.820	0.000	-15.234
526.830	0.000	-15.234
526.840	0.000	-14.868
526.850	0.000	-14.355
526.860	0.000	-14.355
526.870	0.000	-14.062
526.880	0.000	-13.696
526.890	0.000	-13.696
526.900	0.000	-13.184
526.910	0.000	-12.598
526.920	0.000	-12.451
526.930	0.000	-12.451
526.940	0.000	-12.158
526.950	0.000	-12.158
526.960	0.000	-12.671
526.970	0.000	-12.451
526.980	0.000	-12.451
526.990	0.000	-12.085
527.000	0.000	-12.085
527.010	0.000	-12.085
527.020	0.000	-11.865
527.030	0.000	-11.938
527.040	0.000	-11.938
527.050	0.000	-11.792
527.060	0.000	-11.499
527.070	0.000	-11.499
527.080	0.000	-11.572
527.090	0.000	-11.206
527.100	0.000	-11.206
527.110	0.000	-11.279
527.120	0.000	-11.426
527.130	0.000	-11.426
527.140	0.000	-10.840
527.150	0.000	-10.767
527.160	0.000	-10.767
527.170	0.000	-10.913
527.180	0.000	-10.327
527.190	0.000	-10.547
527.200	0.000	-10.254
527.210	0.000	-10.547
527.220	0.000	-9.888
527.230	0.000	-9.888
527.240	0.000	-9.668
527.250	0.000	-9.302
527.260	0.000	-9.302
527.270	0.000	-8.716
527.280	0.000	-8.350
527.290	0.000	-7.617
527.300	0.000	-7.251
527.310	0.000	-6.592
527.320	0.000	-6.592
527.330	0.000	-5.933
527.340	0.000	-5.933
527.350	0.000	-5.347
527.360	0.000	-4.834
527.370	0.000	-4.834
527.380	0.000	-4.468
527.390	0.000	-4.175
527.400	0.000	-3.809
527.410	0.000	-3.369
527.420	0.000	-3.003
527.430	0.000	-2.783
527.440	0.000	-2.490
527.450	0.000	-2.197
527.460	0.000	-1.758
527.470	0.000	-1.758
527.480	0.000	-0.952
527.490	0.000	-0.952
527.500	0.000	-0.586
527.510	0.000	0.146
527.520	0.000	0.146
527.530	0.000	0.513
527.540	0.000	1.758
527.550	0.000	2.417
527.560	0.000	2.856
527.570	0.000	3.296
527.580	0.000	4.028
527.590	0.000	4.468
527.600	0.000	4.468
527.610	0.000	4.907
527.620	0.000	5.200
527.630	0.000	5.933
527.640	0.000	6.299
527.650	0.000	6.445
527.660	0.000	6.812
527.670	0.000	7.031
527.680	0.000	7.471
527.690	0.000	7.837
527.700	0.000	8.057
527.710	0.000	8.569
527.720	0.000	8.789
527.730	0.000	8.862
527.740	0.000	9.229
527.750	0.000	9.668
527.760	0.000	9.888
527.770	0.000	10.474
527.780	0.000	10.913
527.790	0.000	11.206
527.800	0.000	11.353
527.810	0.000	11.719
527.820	0.000	12.085
527.830	0.000	12.451
527.840	0.000	12.451
527.850	0.000	12.817
527.860	0.000	13.037
527.870	0.000	12.964
527.880	0.000	13.184
527.890	0.000	13.037
527.900	0.000	13.550
527.910	0.000	13.403
527.920	0.000	13.770
527.930	0.000	13.843
527.940	0.000	13.770
527.950	0.000	13.843
527.960	0.000	13.696
527.970	0.000	13.843
527.980	0.000	13.770
527.990	0.000	13.916
528.000	0.000	13.843
528.010	0.000	13.550
528.020	0.000	13.550
528.030	0.000	13.330
528.040	0.000	13.550
528.050	0.000	13.110
528.060	0.000	13.257
528.070	0.000	13.257
528.080	0.000	12.817
528.090	0.000	12.817
528.100	0.000	12.598
528.110	0.000	12.964
528.120	0.000	12.378
528.130	0.000	12.671
528.140	0.000	12.598
528.150	0.000	12.744
528.160	0.000	12.378
528.170	0.000	12.598
528.180	0.000	12.891
528.190	0.000	12.598
528.200	0.000	12.891
528.210	0.000	12.744
528.220	0.000	13.184
528.230	0.000	12.671
528.240	0.000	12.964
528.250	0.000	12.817
528.260	0.000	13.184
528.270	0.000	13.110
528.280	0.000	13.184
528.290	0.000	13.550
528.300	0.000	13.257
528.310	0.000	13.623
528.320	0.000	13.843
528.330	0.000	13.843
528.340	0.000	13.989
528.350	0.000	14.062
528.360	0.000	13.989
528.370	0.000	13.989
528.380	0.000	13.916
528.390	0.000	13.916
528.400	0.000	13.843
528.410	0.000	13.550
528.420	0.000	13.696
528.430	0.000	13.110
528.440	0.000	13.184
528.450	0.000	13.184
528.460	0.000	13.184
528.470	0.000	13.037
528.480	0.000	13.037
528.490	0.000	12.817
528.500	0.000	12.451
528.510	0.000	12.744
528.520	0.000	12.744
528.530	0.000	12.671
528.540	0.000	12.671
528.550	0.000	12.231
528.560	0.000	12.378
528.570	0.000	12.378
528.580	0.000	12.158
528.590	0.000	11.719
528.600	0.000	11.719
528.610	0.000	11.792
528.620	0.000	11.426
528.630	0.000	11.206
528.640	0.000	11.060
528.650	0.000	11.206
528.660	0.000	10.620
528.670	0.000	10.547
528.680	0.000	9.961
528.690	0.000	10.181
528.700	0.000	9.741
528.710	0.000	9.595
528.720	0.000	9.448
528.730	0.000	9.229
528.740	0.000	8.862
528.750	0.000	8.862
528.760	0.000	8.716
528.770	0.000	8.496
528.780	0.000	8.643
528.790	0.000	8.130
528.800	0.000	7.764
528.810	0.000	7.837
528.820	0.000	7.471
528.830	0.000	7.324
528.840	0.000	7.178
528.850	0.000	6.738
528.860	0.000	6.445
528.870	0.000	6.079
528.880	0.000	5.713
528.890	0.000	5.859
528.900	0.000	5.933
528.910	0.000	5.566
528.920	0.000	5.347
528.930	0.000	5.420
528.940	0.000	5.420
528.950	0.000	5.200
528.960	0.000	5.127
528.970	0.000	4.980
528.980	0.000	4.980
528.990	0.000	4.907
529.000	0.000	4.687
529.010	0.000	4.541
529.020	0.000	4.395
529.030	0.000	4.102
529.040	0.000	3.809
529.050	0.000	3.735
529.060	0.000	3.735
529.070	0.000	3.735
529.080	0.000	3.516
529.090	0.000	3.149
529.100	0.000	2.856
529.110	0.000	2.710
529.120	0.000	2.637
529.130	0.000	2.563
529.140	0.000	2.490
529.150	0.000	2.417
529.160	0.000	2.271
529.170	0.000	2.197
529.180	0.000	2.197
529.190	0.000	2.124
529.200	0.000	2.197
529.210	0.000	2.124
529.220	0.000	2.124
529.230	0.000	2.124
529.240	0.000	2.124
529.250	0.000	2.271
529.260	0.000	2.271
529.270	0.000	2.344
529.280	0.000	2.490
529.290	0.000	2.490
529.300	0.000	2.490
529.310	0.000	2.490
529.320	0.000	2.490
529.330	0.000	2.490
529.340	0.000	2.490
529.350	0.000	2.490
529.360	0.000	2.417
529.370	0.000	2.124
529.380	0.000	2.051
529.390	0.000	2.051
529.400	0.000	1.685
529.410	0.000	1.685
529.420	0.000	1.538
529.430	0.000	0.879
529.440	0.000	0.879
529.450	0.000	0.439
529.460	0.000	-0.586
529.470	0.000	-0.586
529.480	0.000	-1.025
529.490	0.000	-1.685
529.500	0.000	-2.051
529.510	0.000	-2.051
529.520	0.000	-2.344
529.530	0.000	-2.637
529.540	0.000	-3.076
529.550	0.000	-3.442
529.560	0.000	-3.662
529.570	0.000	-3.882
529.580	0.000	-4.395
529.590	0.000	-4.761
529.600	0.000	-5.054
529.610	0.000	-5.347
529.620	0.000	-5.933
529.630	0.000	-6.152
529.640	0.000	-6.226
529.650	0.000	-6.665
529.660	0.000	-6.812
529.670	0.000	-6.812
529.680	0.000	-6.738
529.690	0.000	-6.885
529.700	0.000	-7.031
529.710	0.000	-7.471
529.720	0.000	-7.397
529.730	0.000	-7.471
529.740	0.000	-7.764
529.750	0.000	-7.690
529.760	0.000	-7.837
529.770	0.000	-8.569
529.780	0.000	-8.496
529.790	0.000	-8.716
529.800	0.000	-9.082
529.810	0.000	-9.082
529.820	0.000	-9.375
529.830	0.000	-9.521
529.840	0.000	-9.668
529.850	0.000	-9.668
529.860	0.000	-10.107
529.870	0.000	-9.814
529.880	0.000	-10.034
529.890	0.000	-10.254
529.900	0.000	-10.181
529.910	0.000	-10.474
529.920	0.000	-10.181
529.930	0.000	-10.547
529.940	0.000	-10.474
529.950	0.000	-10.913
529.960	0.000	-10.547
529.970	0.000	-10.693
529.980	0.000	-10.986
529.990	0.000	-11.133
530.000	0.000	-11.133
530.010	0.000	-10.986
530.020	0.000	-11.353
530.030	0.000	-11.572
530.040	0.000	-11.572
530.050	0.000	-11.426
530.060	0.000	-11.719
530.070	0.000	-12.158
530.080	0.000	-11.938
530.090	0.000	-11.865
530.100	0.000	-12.012
530.110	0.000	-12.231
530.120	0.000	-12.012
530.130	0.000	-11.938
530.140	0.000	-12.012
530.150	0.000	-12.305
530.160	0.000	-12.158
530.170	0.000	-11.938
530.180	0.000	-12.085
530.190	0.000	-12.158
530.200	0.000	-11.938
530.210	0.000	-11.865
530.220	0.000	-12.085
530.230	0.000	-12.158
530.240	0.000	-12.012
530.250	0.000	-11.792
530.260	0.000	-11.938
530.270	0.000	-11.792
530.280	0.000	-11.792
530.290	0.000	-11.646
530.300	0.000	-12.012
530.310	0.000	-12.012
530.320	0.000	-11.792
530.330	0.000	-11.646
530.340	0.000	-11.865
530.350	0.000	-11.792
530.360	0.000	-11.426
530.370	0.000	-11.426
530.380	0.000	-11.499
530.390	0.000	-11.206
530.400	0.000	-11.206
530.410	0.000	-11.060
530.420	0.000	-11.133
530.430	0.000	-11.133
530.440	0.000	-10.767
530.450	0.000	-10.620
530.460	0.000	-10.620
530.470	0.000	-10.254
530.480	0.000	-9.888
530.490	0.000	-9.888
530.500	0.000	-9.814
530.510	0.000	-9.741
530.520	0.000	-9.668
530.530	0.000	-9.448
530.540	0.000	-9.448
530.550	0.000	-9.375
530.560	0.000	-9.302
530.570	0.000	-9.155
530.580	0.000	-9.155
530.590	0.000	-9.155
530.600	0.000	-9.082
530.610	0.000	-9.009
530.620	0.000	-8.936
530.630	0.000	-8.789
530.640	0.000	-9.009
530.650	0.000	-9.009
530.660	0.000	-9.009
530.670	0.000	-9.155
530.680	0.000	-9.155
530.690	0.000	-9.375
530.700	0.000	-9.448
530.710	0.000	-9.521
530.720	0.000	-9.595
530.730	0.000	-9.814
530.740	0.000	-9.668
530.750	0.000	-9.814
530.760	0.000	-9.888
530.770	0.000	-9.961
530.780	0.000	-10.107
530.790	0.000	-9.961
530.800	0.000	-10.254
530.810	0.000	-10.107
530.820	0.000	-10.400
530.830	0.000	-10.181
530.840	0.000	-10.181
530.850	0.000	-10.474
530.860	0.000	-10.474
530.870	0.000	-10.913
530.880	0.000	-10.620
530.890	0.000	-11.060
530.900	0.000	-11.279
530.910	0.000	-11.572
530.920	0.000	-11.572
530.930	0.000	-11.865
530.940	0.000	-12.524
530.950	0.000	-12.451
530.960	0.000	-12.744
530.970	0.000	-12.598
530.980	0.000	-13.037
530.990	0.000	-12.744
531.000	0.000	-12.891
531.010	0.000	-13.110
531.020	0.000	-13.037
531.030	0.000	-13.110
531.040	0.000	-12.598
531.050	0.000	-12.891
531.060	0.000	-12.451
531.070	0.000	-12.231
531.080	0.000	-11.792
531.090	0.000	-11.938
531.100	0.000	-10.986
531.110	0.000	-11.060
531.120	0.000	-11.060
531.130	0.000	-10.620
531.140	0.000	-10.840
531.150	0.000	-10.254
531.160	0.000	-9.961
531.170	0.000	-9.888
531.180	0.000	-9.595
531.190	0.000	-9.155
531.200	0.000	-8.862
531.210	0.000	-8.643
531.220	0.000	-7.983
531.230	0.000	-7.690
531.240	0.000	-7.178
531.250	0.000	-6.885
531.260	0.000	-6.665
531.270	0.000	-6.372
531.280	0.000	-6.299
531.290	0.000	-6.006
531.300	0.000	-5.493
531.310	0.000	-5.273
531.320	0.000	-5.200
531.330	0.000	-5.127
531.340	0.000	-4.834
531.350	0.000	-4.614
531.360	0.000	-4.541
531.370	0.000	-4.321
531.380	0.000	-4.248
531.390	0.000	-4.248
531.400	0.000	-4.248
531.410	0.000	-4.175
531.420	0.000	-4.028
531.430	0.000	-3.809
531.440	0.000	-3.735
531.450	0.000	-3.882
531.460	0.000	-3.809
531.470	0.000	-3.662
531.480	0.000	-3.296
531.490	0.000	-3.003
531.500	0.000	-2.783
531.510	0.000	-2.637
531.520	0.000	-2.417
531.530	0.000	-2.197
531.540	0.000	-1.904
531.550	0.000	-1.465
531.560	0.000	-1.172
531.570	0.000	-0.879
531.580	0.000	-0.659
531.590	0.000	-0.439
531.600	0.000	-0.220
531.610	0.000	0.000
531.620	0.000	0.146
531.630	0.000	0.366
531.640	0.000	0.513
531.650	0.000	0.806
531.660	0.000	0.806
531.670	0.000	0.952
531.680	0.000	1.245
531.690	0.000	1.465
531.700	0.000	1.758
531.710	0.000	2.051
531.720	0.000	2.344
531.730	0.000	2.490
531.740	0.000	2.783
531.750	0.000	3.223
531.760	0.000	3.809
531.770	0.000	4.175
531.780	0.000	4.395
531.790	0.000	4.761
531.800	0.000	5.127
531.810	0.000	5.273
531.820	0.000	5.493
531.830	0.000	6.152
531.840	0.000	6.519
531.850	0.000	6.665
531.860	0.000	6.885
531.870	0.000	7.178
531.880	0.000	7.471
531.890	0.000	8.130
531.900	0.000	8.130
531.910	0.000	8.716
531.920	0.000	9.082
531.930	0.000	9.448
531.940	0.000	9.448
531.950	0.000	9.961
531.960	0.000	9.961
531.970	0.000	10.254
531.980	0.000	10.840
531.990	0.000	11.060
532.000	0.000	11.060
532.010	0.000	11.719
532.020	0.000	11.719
532.030	0.000	12.085
532.040	0.000	12.671
532.050	0.000	12.671
532.060	0.000	13.037
532.070	0.000	13.623
532.080	0.000	13.623
532.090	0.000	13.843
532.100	0.000	14.282
532.110	0.000	14.795
532.120	0.000	15.161
532.130	0.000	15.894
532.140	0.000	15.894
532.150	0.000	16.113
532.160	0.000	16.187
532.170	0.000	16.772
532.180	0.000	16.699
532.190	0.000	16.992
532.200	0.000	16.992
532.210	0.000	16.772
532.220	0.000	16.846
532.230	0.000	16.992
532.240	0.000	16.479
532.250	0.000	16.333
532.260	0.000	16.333
532.270	0.000	15.894
532.280	0.000	16.040
532.290	0.000	15.820
532.300	0.000	15.747
532.310	0.000	15.747
532.320	0.000	15.527
532.330	0.000	15.381
532.340	0.000	15.601
532.350	0.000	15.381
532.360	0.000	15.234
532.370	0.000	14.868
532.380	0.000	14.648
532.390	0.000	14.429
532.400	0.000	14.062
532.410	0.000	13.916
532.420	0.000	13.550
532.430	0.000	13.477
532.440	0.000	12.817
532.450	0.000	12.671
532.460	0.000	12.305
532.470	0.000	12.451
532.480	0.000	11.865
532.490	0.000	11.792
532.500	0.000	11.792
532.510	0.000	11.499
532.520	0.000	11.279
532.530	0.000	11.060
532.540	0.000	11.426
532.550	0.000	11.279
532.560	0.000	11.279
532.570	0.000	11.279
532.580	0.000	11.719
532.590	0.000	11.646
532.600	0.000	11.646
532.610	0.000	12.012
532.620	0.000	12.012
532.630	0.000	12.231
532.640	0.000	12.305
532.650	0.000	12.451
532.660	0.000	12.524
532.670	0.000	12.158
532.680	0.000	12.158
532.690	0.000	12.451
532.700	0.000	12.744
532.710	0.000	12.671
532.720	0.000	12.891
532.730	0.000	12.891
532.740	0.000	13.330
532.750	0.000	12.817
532.760	0.000	13.184
532.770	0.000	13.110
532.780	0.000	13.330
532.790	0.000	12.964
532.800	0.000	13.037
532.810	0.000	13.110
532.820	0.000	12.744
532.830	0.000	12.744
532.840	0.000	12.524
532.850	0.000	12.817
532.860	0.000	12.231
532.870	0.000	12.598
532.880	0.000	12.524
532.890	0.000	12.671
532.900	0.000	12.305
532.910	0.000	12.451
532.920	0.000	12.598
532.930	0.000	12.451
532.940	0.000	12.231
532.950	0.000	12.231
532.960	0.000	12.305
532.970	0.000	11.865
532.980	0.000	11.499
532.990	0.000	11.426
533.000	0.000	11.353
533.010	0.000	11.060
533.020	0.000	10.693
533.030	0.000	10.474
533.040	0.000	10.693
533.050	0.000	10.254
533.060	0.000	10.254
533.070	0.000	9.814
533.080	0.000	9.888
533.090	0.000	9.741
533.100	0.000	9.521
533.110	0.000	9.302
533.120	0.000	9.229
533.130	0.000	8.936
533.140	0.000	8.789
533.150	0.000	8.643
533.160	0.000	8.350
533.170	0.000	8.496
533.180	0.000	8.276
533.190	0.000	7.690
533.200	0.000	7.764
533.210	0.000	7.617
533.220	0.000	7.471
533.230	0.000	7.397
533.240	0.000	7.104
533.250	0.000	6.885
533.260	0.000	6.592
533.270	0.000	6.299
533.280	0.000	6.519
533.290	0.000	6.519
533.300	0.000	6.226
533.310	0.000	6.006
533.320	0.000	6.079
533.330	0.000	5.859
533.340	0.000	5.493
533.350	0.000	5.347
533.360	0.000	5.493
533.370	0.000	5.566
533.380	0.000	5.127
533.390	0.000	4.980
533.400	0.000	4.907
533.410	0.000	4.761
533.420	0.000	4.614
533.430	0.000	4.614
533.440	0.000	4.468
533.450	0.000	4.321
533.460	0.000	4.028
533.470	0.000	3.662
533.480	0.000	3.516
533.490	0.000	3.369
533.500	0.000	3.369
533.510	0.000	2.856
533.520	0.000	2.637
533.530	0.000	2.637
533.540	0.000	2.344
533.550	0.000	2.197
533.560	0.000	2.197
533.570	0.000	1.758
533.580	0.000	1.758
533.590	0.000	1.538
533.600	0.000	1.245
533.610	0.000	1.099
533.620	0.000	1.099
533.630	0.000	1.172
533.640	0.000	1.172
533.650	0.000	1.172
533.660	0.000	1.099
533.670	0.000	1.172
533.680	0.000	1.099
533.690	0.000	0.952
533.700	0.000	0.952
533.710	0.000	0.952
533.720	0.000	0.806
533.730	0.000	0.806
533.740	0.000	0.659
533.750	0.000	0.513
533.760	0.000	0.439
533.770	0.000	0.366
533.780	0.000	0.293
533.790	0.000	0.293
533.800	0.000	0.293
533.810	0.000	0.220
533.820	0.000	0.220
533.830	0.000	0.146
533.840	0.000	0.000
533.850	0.000	0.000
533.860	0.000	-0.073
533.870	0.000	-0.366
533.880	0.000	-0.366
533.890	0.000	-0.513
533.900	0.000	-0.879
533.910	0.000	-0.879
533.920	0.000	-1.099
533.930	0.000	-1.465
533.940	0.000	-1.465
533.950	0.000	-1.611
533.960	0.000	-1.831
533.970	0.000	-1.831
533.980	0.000	-1.904
533.990	0.000	-1.978
534.000	0.000	-2.124
534.010	0.000	-2.344
534.020	0.000	-2.417
534.030	0.000	-2.563
534.040	0.000	-2.563
534.050	0.000	-2.563
534.060	0.000	-2.710
534.070	0.000	-2.710
534.080	0.000	-2.783
534.090	0.000	-3.003
534.100	0.000	-3.076
534.110	0.000	-3.003
534.120	0.000	-3.003
534.130	0.000	-3.076
534.140	0.000	-3.223
534.150	0.000	-3.589
534.160	0.000	-3.809
534.170	0.000	-3.955
534.180	0.000	-4.028
534.190	0.000	-4.028
534.200	0.000	-4.248
534.210	0.000	-4.541
534.220	0.000	-4.761
534.230	0.000	-5.054
534.240	0.000	-5.713
534.250	0.000	-5.786
534.260	0.000	-6.372
534.270	0.000	-6.372
534.280	0.000	-6.812
534.290	0.000	-7.324
534.300	0.000	-7.910
534.310	0.000	-7.983
534.320	0.000	-8.862
534.330	0.000	-9.302
534.340	0.000	-9.302
534.350	0.000	-10.254
534.360	0.000	-10.254
534.370	0.000	-10.400
534.380	0.000	-11.206
534.390	0.000	-11.206
534.400	0.000	-11.353
534.410	0.000	-12.305
534.420	0.000	-12.305
534.430	0.000	-12.598
534.440	0.000	-13.257
534.450	0.000	-13.110
534.460	0.000	-13.477
534.470	0.000	-13.403
534.480	0.000	-13.403
534.490	0.000	-13.770
534.500	0.000	-13.989
534.510	0.000	-13.989
534.520	0.000	-14.062
534.530	0.000	-14.209
534.540	0.000	-14.209
534.550	0.000	-14.429
534.560	0.000	-14.795
534.570	0.000	-14.795
534.580	0.000	-15.161
534.590	0.000	-15.381
534.600	0.000	-15.381
534.610	0.000	-15.967
534.620	0.000	-16.040
534.630	0.000	-16.626
534.640	0.000	-16.626
534.650	0.000	-16.626
534.660	0.000	-17.505
534.670	0.000	-17.651
534.680	0.000	-17.725
534.690	0.000	-18.018
534.700	0.000	-18.384
534.710	0.000	-18.677
534.720	0.000	-19.116
534.730	0.000	-19.409
534.740	0.000	-19.702
534.750	0.000	-20.068
534.760	0.000	-19.702
534.770	0.000	-19.995
534.780	0.000	-20.142
534.790	0.000	-20.361
534.800	0.000	-20.508
534.810	0.000	-20.068
534.820	0.000	-19.775
534.830	0.000	-19.482
534.840	0.000	-19.482
534.850	0.000	-19.336
534.860	0.000	-18.604
534.870	0.000	-18.604
534.880	0.000	-18.384
534.890	0.000	-17.285
534.900	0.000	-17.285
534.910	0.000	-17.358
534.920	0.000	-16.772
534.930	0.000	-16.626
534.940	0.000	-16.113
534.950	0.000	-16.113
534.960	0.000	-16.113
534.970	0.000	-16.113
534.980	0.000	-15.747
534.990	0.000	-15.747
535.000	0.000	-15.747
535.010	0.000	-14.722
535.020	0.000	-14.722
535.030	0.000	-14.575
535.040	0.000	-13.477
535.050	0.000	-13.477
535.060	0.000	-13.184
535.070	0.000	-12.231
535.080	0.000	-11.719
535.090	0.000	-11.719
535.100	0.000	-11.426
535.110	0.000	-11.426
535.120	0.000	-11.572
535.130	0.000	-11.353
535.140	0.000	-11.353
535.150	0.000	-11.426
535.160	0.000	-11.353
535.170	0.000	-11.353
535.180	0.000	-11.060
535.190	0.000	-10.840
535.200	0.000	-10.840
535.210	0.000	-10.840
535.220	0.000	-10.107
535.230	0.000	-10.107
535.240	0.000	-9.595
535.250	0.000	-9.082
535.260	0.000	-9.082
535.270	0.000	-8.862
535.280	0.000	-8.057
535.290	0.000	-8.057
535.300	0.000	-7.690
535.310	0.000	-7.104
535.320	0.000	-6.812
535.330	0.000	-6.372
535.340	0.000	-6.226
535.350	0.000	-5.859
535.360	0.000	-5.200
535.370	0.000	-4.907
535.380	0.000	-4.541
535.390	0.000	-4.175
535.400	0.000	-3.735
535.410	0.000	-3.296
535.420	0.000	-3.076
535.430	0.000	-2.637
535.440	0.000	-2.124
535.450	0.000	-1.758
535.460	0.000	-1.465
535.470	0.000	-1.172
535.480	0.000	-1.025
535.490	0.000	-0.806
535.500	0.000	-0.439
535.510	0.000	-0.293
535.520	0.000	0.000
535.530	0.000	0.073
535.540	0.000	0.293
535.550	0.000	0.439
535.560	0.000	0.439
535.570	0.000	0.513
535.580	0.000	0.513
535.590	0.000	0.586
535.600	0.000	0.513
535.610	0.000	0.513
535.620	0.000	0.513
535.630	0.000	0.586
535.640	0.000	0.659
535.650	0.000	0.659
535.660	0.000	0.732
535.670	0.000	0.806
535.680	0.000	0.952
535.690	0.000	1.025
535.700	0.000	1.172
535.710	0.000	1.392
535.720	0.000	1.758
