%Time [ms]	Commanded Torque [mNm]	Angular Velocity [RPM]	Actual Current [Amp]	%1/27/20231:18 PM
0.000	0.000	0.000	0.000
20.000	20.000	17.578	0.003
30.000	20.000	-5.859	-0.014
40.000	20.000	-5.859	-0.014
50.000	20.000	-5.859	-0.014
60.000	20.000	-29.297	-0.022
70.000	20.000	-29.297	-0.022
80.000	20.000	-29.297	-0.022
90.000	20.000	-31.250	-0.019
100.000	20.000	-31.250	-0.019
110.000	20.000	-31.250	-0.019
120.000	20.000	-25.391	-0.003
130.000	20.000	-25.391	-0.003
140.000	20.000	-25.391	-0.003
150.000	20.000	-5.859	-0.030
160.000	20.000	-5.859	-0.030
170.000	20.000	-5.859	-0.030
180.000	20.000	-13.672	-0.015
190.000	20.000	-13.672	-0.015
200.000	20.000	-13.672	-0.015
210.000	20.000	-1.953	0.000
220.000	20.000	-1.953	0.000
230.000	20.000	-1.953	0.000
240.000	20.000	0.000	-0.023
250.000	20.000	0.000	-0.023
260.000	20.000	0.000	-0.023
270.000	20.000	-3.906	-0.014
280.000	20.000	-3.906	-0.014
290.000	20.000	-3.906	-0.014
300.000	20.000	-23.437	-0.014
310.000	20.000	-23.437	-0.014
320.000	20.000	-23.437	-0.014
330.000	20.000	-21.484	-0.005
340.000	20.000	-21.484	-0.005
350.000	20.000	-21.484	-0.005
360.000	20.000	-13.672	-0.026
370.000	20.000	-13.672	-0.026
380.000	20.000	-13.672	-0.026
390.000	20.000	-29.297	-0.012
400.000	20.000	-29.297	-0.012
410.000	20.000	-29.297	-0.012
420.000	20.000	-33.203	-0.006
430.000	20.000	-33.203	-0.006
440.000	20.000	-33.203	-0.006
450.000	20.000	-11.719	-0.030
460.000	20.000	-11.719	-0.030
470.000	20.000	-11.719	-0.030
480.000	20.000	1.953	0.002
490.000	20.000	1.953	0.002
500.000	20.000	1.953	0.002
510.000	20.000	19.531	-0.006
520.000	20.000	19.531	-0.006
530.000	20.000	19.531	-0.006
540.000	20.000	7.812	-0.022
550.000	20.000	7.812	-0.022
560.000	20.000	7.812	-0.022
570.000	20.000	-29.297	-0.014
580.000	20.000	-29.297	-0.014
590.000	20.000	-29.297	-0.014
600.000	20.000	11.719	-0.008
610.000	20.000	11.719	-0.008
620.000	20.000	11.719	-0.008
630.000	20.000	-19.531	-0.008
640.000	20.000	-19.531	-0.008
650.000	20.000	-19.531	-0.008
660.000	20.000	-29.297	-0.009
670.000	20.000	-29.297	-0.009
680.000	20.000	-29.297	-0.009
690.000	20.000	-11.719	-0.040
700.000	20.000	-11.719	-0.040
710.000	20.000	-11.719	-0.040
720.000	20.000	-7.812	-0.037
730.000	20.000	-7.812	-0.037
740.000	20.000	-7.812	-0.037
750.000	20.000	15.625	0.005
760.000	20.000	15.625	0.005
770.000	20.000	15.625	0.005
780.000	20.000	-42.969	-0.012
790.000	20.000	-42.969	-0.012
800.000	20.000	-42.969	-0.012
810.000	20.000	-21.484	-0.027
820.000	20.000	-21.484	-0.027
830.000	20.000	-21.484	-0.027
840.000	20.000	0.000	-0.013
850.000	20.000	0.000	-0.013
860.000	20.000	0.000	-0.013
870.000	20.000	-23.437	0.000
880.000	20.000	-23.437	0.000
890.000	20.000	-23.437	0.000
900.000	20.000	-5.859	-0.018
910.000	20.000	-5.859	-0.018
920.000	20.000	-5.859	-0.018
930.000	20.000	1.953	-0.007
940.000	20.000	1.953	-0.007
950.000	20.000	1.953	-0.007
960.000	20.000	17.578	0.001
970.000	20.000	17.578	0.001
980.000	20.000	17.578	0.001
990.000	20.000	-21.484	-0.023
1000.000	20.000	-21.484	-0.023
1010.000	20.000	-21.484	-0.023
1020.000	20.000	1.953	0.000
1030.000	20.000	1.953	0.000
1040.000	20.000	1.953	0.000
1050.000	20.000	3.906	-0.023
1060.000	20.000	3.906	-0.023
1070.000	20.000	3.906	-0.023
1080.000	20.000	9.766	-0.010
1090.000	20.000	9.766	-0.010
1100.000	20.000	9.766	-0.010
1110.000	20.000	-25.391	0.305
1120.000	20.000	-25.391	0.305
1130.000	20.000	-25.391	0.305
1140.000	20.000	27.344	0.483
1150.000	20.000	27.344	0.483
1160.000	20.000	27.344	0.483
1170.000	20.000	70.312	0.556
1180.000	20.000	70.312	0.556
1190.000	20.000	70.312	0.556
1200.000	20.000	125.000	0.587
1210.000	20.000	125.000	0.587
1220.000	20.000	125.000	0.587
1230.000	20.000	175.781	0.615
1240.000	20.000	175.781	0.615
1250.000	20.000	175.781	0.615
1260.000	20.000	240.234	0.584
1270.000	20.000	240.234	0.584
1280.000	20.000	240.234	0.584
1290.000	20.000	275.391	0.573
1300.000	20.000	275.391	0.573
1310.000	20.000	275.391	0.573
1320.000	20.000	302.734	0.586
1330.000	20.000	302.734	0.586
1340.000	20.000	302.734	0.586
1350.000	20.000	365.234	0.606
1360.000	20.000	365.234	0.606
1370.000	20.000	365.234	0.606
1380.000	20.000	437.500	0.597
1390.000	20.000	437.500	0.597
1400.000	20.000	437.500	0.597
1410.000	20.000	484.375	0.594
1420.000	20.000	484.375	0.594
1430.000	20.000	484.375	0.594
1440.000	20.000	517.578	0.594
1450.000	20.000	517.578	0.594
1460.000	20.000	517.578	0.594
1470.000	20.000	574.219	0.582
1480.000	20.000	574.219	0.582
1490.000	20.000	574.219	0.582
1500.000	20.000	607.422	0.598
1510.000	20.000	607.422	0.598
1520.000	20.000	607.422	0.598
1530.000	20.000	662.109	0.581
1540.000	20.000	662.109	0.581
1550.000	20.000	662.109	0.581
1560.000	20.000	726.562	0.595
1570.000	20.000	726.562	0.595
1580.000	20.000	726.562	0.595
1590.000	20.000	781.250	0.589
1600.000	20.000	781.250	0.589
1610.000	20.000	781.250	0.589
1620.000	20.000	751.953	0.594
1630.000	20.000	751.953	0.594
1640.000	20.000	751.953	0.594
1650.000	20.000	830.078	0.582
1660.000	20.000	830.078	0.582
1670.000	20.000	830.078	0.582
1680.000	20.000	878.906	0.584
1690.000	20.000	878.906	0.584
1700.000	20.000	878.906	0.584
1710.000	20.000	921.875	0.592
1720.000	20.000	921.875	0.592
1730.000	20.000	921.875	0.592
1740.000	20.000	960.937	0.579
1750.000	20.000	960.937	0.579
1760.000	20.000	960.937	0.579
1770.000	20.000	1003.906	0.602
1780.000	20.000	1003.906	0.602
1790.000	20.000	1003.906	0.602
1800.000	20.000	1103.516	0.584
1810.000	20.000	1103.516	0.584
1820.000	20.000	1103.516	0.584
1830.000	20.000	1121.094	0.620
1840.000	20.000	1121.094	0.620
1850.000	20.000	1121.094	0.620
1860.000	20.000	1156.250	0.581
1870.000	20.000	1156.250	0.581
1880.000	20.000	1156.250	0.581
1890.000	20.000	1177.734	0.573
1900.000	20.000	1177.734	0.573
1910.000	20.000	1177.734	0.573
1920.000	20.000	1244.141	0.574
1930.000	20.000	1244.141	0.574
1940.000	20.000	1244.141	0.574
1950.000	20.000	1298.828	0.592
1960.000	20.000	1298.828	0.592
1970.000	20.000	1298.828	0.592
1980.000	20.000	1326.172	0.575
1990.000	20.000	1326.172	0.575
2000.000	20.000	1326.172	0.575
2010.000	20.000	1357.422	0.587
2020.000	20.000	1357.422	0.587
2030.000	20.000	1357.422	0.587
2040.000	20.000	1439.453	0.576
2050.000	20.000	1439.453	0.576
2060.000	20.000	1439.453	0.576
2070.000	20.000	1486.328	0.584
2080.000	20.000	1486.328	0.584
2090.000	20.000	1486.328	0.584
2100.000	20.000	1533.203	0.600
2110.000	20.000	1533.203	0.600
2120.000	20.000	1533.203	0.600
2130.000	20.000	1558.594	0.588
2140.000	20.000	1558.594	0.588
2150.000	20.000	1558.594	0.588
2160.000	20.000	1601.562	0.587
2170.000	20.000	1601.562	0.587
2180.000	20.000	1601.562	0.587
2190.000	20.000	1640.625	0.602
2200.000	20.000	1640.625	0.602
2210.000	20.000	1640.625	0.602
2220.000	20.000	1691.406	0.594
2230.000	20.000	1691.406	0.594
2240.000	20.000	1691.406	0.594
2250.000	20.000	1742.187	0.586
2260.000	20.000	1742.187	0.586
2270.000	20.000	1742.187	0.586
2280.000	20.000	1759.766	0.609
2290.000	20.000	1759.766	0.609
2300.000	20.000	1759.766	0.609
2310.000	20.000	1806.641	0.592
2320.000	20.000	1806.641	0.592
2330.000	20.000	1806.641	0.592
2340.000	20.000	1857.422	0.600
2350.000	20.000	1857.422	0.600
2360.000	20.000	1857.422	0.600
2370.000	20.000	1951.172	0.573
2380.000	20.000	1951.172	0.573
2390.000	20.000	1951.172	0.573
2400.000	20.000	1988.281	0.571
2410.000	20.000	1988.281	0.571
2420.000	20.000	1988.281	0.571
2430.000	20.000	2017.578	0.580
2440.000	20.000	2017.578	0.580
2450.000	20.000	2017.578	0.580
2460.000	20.000	2035.156	0.582
2470.000	20.000	2035.156	0.582
2480.000	20.000	2035.156	0.582
2490.000	20.000	2060.547	0.588
2500.000	20.000	2060.547	0.588
2510.000	20.000	2060.547	0.588
2520.000	20.000	2070.312	0.583
2530.000	20.000	2070.312	0.583
2540.000	20.000	2070.312	0.583
2550.000	20.000	2154.297	0.565
2560.000	20.000	2154.297	0.565
2570.000	20.000	2154.297	0.565
2580.000	20.000	2218.750	0.594
2590.000	20.000	2218.750	0.594
2600.000	20.000	2218.750	0.594
2610.000	20.000	2195.312	0.581
2620.000	20.000	2195.312	0.581
2630.000	20.000	2195.312	0.581
2640.000	20.000	2300.781	0.583
2650.000	20.000	2300.781	0.583
2660.000	20.000	2300.781	0.583
2670.000	20.000	2308.594	0.596
2680.000	20.000	2308.594	0.596
2690.000	20.000	2308.594	0.596
2700.000	20.000	2359.375	0.568
2710.000	20.000	2359.375	0.568
2720.000	20.000	2359.375	0.568
2730.000	20.000	2396.484	0.559
2740.000	20.000	2396.484	0.559
2750.000	20.000	2396.484	0.559
2760.000	20.000	2437.500	0.577
2770.000	20.000	2437.500	0.577
2780.000	20.000	2437.500	0.577
2790.000	20.000	2521.484	0.593
2800.000	20.000	2521.484	0.593
2810.000	20.000	2521.484	0.593
2820.000	20.000	2560.547	0.566
2830.000	20.000	2560.547	0.566
2840.000	20.000	2560.547	0.566
2850.000	20.000	2562.500	0.581
2860.000	20.000	2562.500	0.581
2870.000	20.000	2562.500	0.581
2880.000	20.000	2621.094	0.580
2890.000	20.000	2621.094	0.580
2900.000	20.000	2621.094	0.580
2910.000	20.000	2642.578	0.573
2920.000	20.000	2642.578	0.573
2930.000	20.000	2642.578	0.573
2940.000	20.000	2720.703	0.583
2950.000	20.000	2720.703	0.583
2960.000	20.000	2720.703	0.583
2970.000	20.000	2791.016	0.595
2980.000	20.000	2791.016	0.595
2990.000	20.000	2791.016	0.595
3000.000	20.000	2767.578	0.567
3010.000	20.000	2767.578	0.567
3020.000	20.000	2767.578	0.567
3030.000	20.000	2843.750	0.599
3040.000	20.000	2843.750	0.599
3050.000	20.000	2843.750	0.599
3060.000	20.000	2886.719	0.553
3070.000	20.000	2886.719	0.553
3080.000	20.000	2886.719	0.553
3090.000	20.000	2898.437	0.568
3100.000	20.000	2898.437	0.568
3110.000	20.000	2898.437	0.568
3120.000	20.000	2931.641	0.576
3130.000	20.000	2931.641	0.576
3140.000	20.000	2931.641	0.576
3150.000	20.000	2974.609	0.614
3160.000	20.000	2974.609	0.614
3170.000	20.000	2974.609	0.614
3180.000	20.000	2982.422	0.594
3190.000	20.000	2982.422	0.594
3200.000	20.000	2982.422	0.594
3210.000	20.000	3033.203	0.585
3220.000	20.000	3033.203	0.585
3230.000	20.000	3033.203	0.585
3240.000	20.000	3125.000	0.604
3250.000	20.000	3125.000	0.604
3260.000	20.000	3125.000	0.604
3270.000	20.000	3177.734	0.571
3280.000	20.000	3177.734	0.571
3290.000	20.000	3177.734	0.571
3300.000	20.000	3228.516	0.574
3310.000	20.000	3228.516	0.574
3320.000	20.000	3228.516	0.574
3330.000	20.000	3259.766	0.584
3340.000	20.000	3259.766	0.584
3350.000	20.000	3259.766	0.584
3360.000	20.000	3287.109	0.604
3370.000	20.000	3287.109	0.604
3380.000	20.000	3287.109	0.604
3390.000	20.000	3300.781	0.592
3400.000	20.000	3300.781	0.592
3410.000	20.000	3300.781	0.592
3420.000	20.000	3361.328	0.591
3430.000	20.000	3361.328	0.591
3440.000	20.000	3361.328	0.591
3450.000	20.000	3349.609	0.592
3460.000	20.000	3349.609	0.592
3470.000	20.000	3349.609	0.592
3480.000	20.000	3453.125	0.572
3490.000	20.000	3453.125	0.572
3500.000	20.000	3453.125	0.572
3510.000	20.000	3482.422	0.576
3520.000	20.000	3482.422	0.576
3530.000	20.000	3482.422	0.576
3540.000	20.000	3531.250	0.583
3550.000	20.000	3531.250	0.583
3560.000	20.000	3531.250	0.583
3570.000	20.000	3537.109	0.565
3580.000	20.000	3537.109	0.565
3590.000	20.000	3537.109	0.565
3600.000	20.000	3550.781	0.582
3610.000	20.000	3550.781	0.582
3620.000	20.000	3550.781	0.582
3630.000	20.000	3595.703	0.581
3640.000	20.000	3595.703	0.581
3650.000	20.000	3595.703	0.581
3660.000	20.000	3681.641	0.576
3670.000	20.000	3681.641	0.576
3680.000	20.000	3681.641	0.576
3690.000	20.000	3722.656	0.599
3700.000	20.000	3722.656	0.599
3710.000	20.000	3722.656	0.599
3720.000	20.000	3689.453	0.529
3730.000	20.000	3689.453	0.529
3740.000	20.000	3689.453	0.529
3750.000	20.000	3771.484	0.577
3760.000	20.000	3771.484	0.577
3770.000	20.000	3771.484	0.577
3780.000	20.000	3845.703	0.598
3790.000	20.000	3845.703	0.598
3800.000	20.000	3845.703	0.598
3810.000	20.000	3863.281	0.594
3820.000	20.000	3863.281	0.594
3830.000	20.000	3863.281	0.594
3840.000	20.000	3861.328	0.597
3850.000	20.000	3861.328	0.597
3860.000	20.000	3861.328	0.597
3870.000	20.000	3898.437	0.581
3880.000	20.000	3898.437	0.581
3890.000	20.000	3898.437	0.581
3900.000	20.000	3964.844	0.594
3910.000	20.000	3964.844	0.594
3920.000	20.000	3964.844	0.594
3930.000	20.000	3998.047	0.588
3940.000	20.000	3998.047	0.588
3950.000	20.000	3998.047	0.588
3960.000	20.000	3998.047	0.597
3970.000	20.000	3998.047	0.597
3980.000	20.000	3998.047	0.597
3990.000	20.000	3998.047	0.587
4000.000	20.000	3998.047	0.587
4010.000	20.000	3998.047	0.587
4020.000	20.000	3998.047	0.605
4030.000	20.000	3998.047	0.605
4040.000	20.000	3998.047	0.605
4050.000	20.000	3998.047	0.500
4060.000	20.000	3998.047	0.500
4070.000	20.000	3998.047	0.500
4080.000	20.000	3998.047	0.266
4090.000	20.000	3998.047	0.266
4100.000	20.000	3998.047	0.266
4110.000	20.000	3998.047	0.099
4120.000	20.000	3998.047	0.099
4130.000	20.000	3998.047	0.099
4140.000	20.000	3998.047	-0.091
4150.000	20.000	3998.047	-0.091
4160.000	20.000	3998.047	-0.091
4170.000	20.000	3998.047	-0.232
4180.000	20.000	3998.047	-0.232
4190.000	20.000	3998.047	-0.232
4200.000	20.000	3998.047	-0.324
4210.000	20.000	3998.047	-0.324
4220.000	20.000	3998.047	-0.324
4230.000	20.000	3998.047	-0.284
4240.000	20.000	3998.047	-0.284
4250.000	20.000	3998.047	-0.284
4260.000	20.000	3988.281	-0.199
4270.000	20.000	3988.281	-0.199
4280.000	20.000	3988.281	-0.199
4290.000	20.000	3976.562	-0.085
4300.000	20.000	3976.562	-0.085
4310.000	20.000	3976.562	-0.085
4320.000	20.000	3960.937	0.028
4330.000	20.000	3960.937	0.028
4340.000	20.000	3960.937	0.028
4350.000	20.000	3968.750	0.174
4360.000	20.000	3968.750	0.174
4370.000	20.000	3968.750	0.174
4380.000	20.000	3947.266	0.310
4390.000	20.000	3947.266	0.310
4400.000	20.000	3947.266	0.310
4410.000	20.000	3988.281	0.416
4420.000	20.000	3988.281	0.416
4430.000	20.000	3988.281	0.416
4440.000	20.000	3998.047	0.463
4450.000	20.000	3998.047	0.463
4460.000	20.000	3998.047	0.463
4470.000	20.000	3998.047	0.477
4480.000	20.000	3998.047	0.477
4490.000	20.000	3998.047	0.477
4500.000	20.000	3998.047	0.375
4510.000	20.000	3998.047	0.375
4520.000	20.000	3998.047	0.375
4530.000	20.000	3998.047	0.297
4540.000	20.000	3998.047	0.297
4550.000	20.000	3998.047	0.297
4560.000	20.000	3998.047	0.181
4570.000	20.000	3998.047	0.181
4580.000	20.000	3998.047	0.181
4590.000	20.000	3998.047	0.124
4600.000	20.000	3998.047	0.124
4610.000	20.000	3998.047	0.124
4620.000	20.000	3998.047	0.087
4630.000	20.000	3998.047	0.087
4640.000	20.000	3998.047	0.087
4650.000	20.000	3998.047	0.063
4660.000	20.000	3998.047	0.063
4670.000	20.000	3998.047	0.063
4680.000	20.000	3998.047	0.021
4690.000	20.000	3998.047	0.021
4700.000	20.000	3998.047	0.021
4710.000	20.000	3998.047	0.029
4720.000	20.000	3998.047	0.029
4730.000	20.000	3998.047	0.029
4740.000	20.000	3998.047	0.035
4750.000	20.000	3998.047	0.035
4760.000	20.000	3998.047	0.035
4770.000	20.000	3998.047	0.067
4780.000	20.000	3998.047	0.067
4790.000	20.000	3998.047	0.067
4800.000	20.000	3998.047	0.073
4810.000	20.000	3998.047	0.073
4820.000	20.000	3998.047	0.073
4830.000	20.000	3998.047	0.168
4840.000	20.000	3998.047	0.168
4850.000	20.000	3998.047	0.168
4860.000	20.000	3998.047	0.209
4870.000	20.000	3998.047	0.209
4880.000	20.000	3998.047	0.209
4890.000	20.000	3998.047	0.239
4900.000	20.000	3998.047	0.239
4910.000	20.000	3998.047	0.239
4920.000	20.000	3998.047	0.300
4930.000	20.000	3998.047	0.300
4940.000	20.000	3998.047	0.300
4950.000	20.000	3998.047	0.281
4960.000	20.000	3998.047	0.281
4970.000	20.000	3998.047	0.281
4980.000	20.000	3998.047	0.263
4990.000	20.000	3998.047	0.263
5000.000	20.000	3998.047	0.263
5010.000	20.000	3998.047	0.255
5020.000	20.000	3998.047	0.255
5030.000	20.000	3998.047	0.255
5040.000	20.000	3998.047	0.194
5050.000	20.000	3998.047	0.194
5060.000	20.000	3998.047	0.194
5070.000	20.000	3998.047	0.181
5080.000	20.000	3998.047	0.181
5090.000	20.000	3998.047	0.181
5100.000	20.000	3998.047	0.144
5110.000	20.000	3998.047	0.144
5120.000	20.000	3998.047	0.144
5130.000	20.000	3998.047	0.130
5140.000	20.000	3998.047	0.130
5150.000	20.000	3998.047	0.130
5160.000	20.000	3998.047	0.076
5170.000	20.000	3998.047	0.076
5180.000	20.000	3998.047	0.076
5190.000	20.000	3998.047	0.104
5200.000	20.000	3998.047	0.104
5210.000	20.000	3998.047	0.104
5220.000	20.000	3998.047	0.114
5230.000	20.000	3998.047	0.114
5240.000	20.000	3998.047	0.114
5250.000	20.000	3998.047	0.126
5260.000	20.000	3998.047	0.126
5270.000	20.000	3998.047	0.126
5280.000	20.000	3998.047	0.152
5290.000	20.000	3998.047	0.152
5300.000	20.000	3998.047	0.152
5310.000	20.000	3998.047	0.162
5320.000	20.000	3998.047	0.162
5330.000	20.000	3998.047	0.162
5340.000	20.000	3998.047	0.193
5350.000	20.000	3998.047	0.193
5360.000	20.000	3998.047	0.193
5370.000	20.000	3998.047	0.211
5380.000	20.000	3998.047	0.211
5390.000	20.000	3998.047	0.211
5400.000	20.000	3998.047	0.200
5410.000	20.000	3998.047	0.200
5420.000	20.000	3998.047	0.200
5430.000	20.000	3998.047	0.207
5440.000	20.000	3998.047	0.207
5450.000	20.000	3998.047	0.207
5460.000	20.000	3998.047	0.196
5470.000	20.000	3998.047	0.196
5480.000	20.000	3998.047	0.196
5490.000	20.000	3998.047	0.186
5500.000	20.000	3998.047	0.186
5510.000	20.000	3998.047	0.186
5520.000	20.000	3998.047	0.163
5530.000	20.000	3998.047	0.163
5540.000	20.000	3998.047	0.163
5550.000	20.000	3998.047	0.122
5560.000	20.000	3998.047	0.122
5570.000	20.000	3998.047	0.122
5580.000	20.000	3998.047	0.154
5590.000	20.000	3998.047	0.154
5600.000	20.000	3998.047	0.154
5610.000	20.000	3998.047	0.167
5620.000	20.000	3998.047	0.167
5630.000	20.000	3998.047	0.167
5640.000	20.000	3998.047	0.151
5650.000	20.000	3998.047	0.151
5660.000	20.000	3998.047	0.151
5670.000	20.000	3998.047	0.132
5680.000	20.000	3998.047	0.132
5690.000	20.000	3998.047	0.132
5700.000	20.000	3998.047	0.135
5710.000	20.000	3998.047	0.135
5720.000	20.000	3998.047	0.135
5730.000	20.000	3998.047	0.164
5740.000	20.000	3998.047	0.164
5750.000	20.000	3998.047	0.164
5760.000	20.000	3998.047	0.184
5770.000	20.000	3998.047	0.184
5780.000	20.000	3998.047	0.184
5790.000	20.000	3998.047	0.197
5800.000	20.000	3998.047	0.197
5810.000	20.000	3998.047	0.197
5820.000	20.000	3998.047	0.195
5830.000	20.000	3998.047	0.195
5840.000	20.000	3998.047	0.195
5850.000	20.000	3998.047	0.163
5860.000	20.000	3998.047	0.163
5870.000	20.000	3998.047	0.163
5880.000	20.000	3998.047	0.139
5890.000	20.000	3998.047	0.139
5900.000	20.000	3998.047	0.139
5910.000	20.000	3998.047	0.127
5920.000	20.000	3998.047	0.127
5930.000	20.000	3998.047	0.127
5940.000	20.000	3998.047	0.127
5950.000	20.000	3998.047	0.127
5960.000	20.000	3998.047	0.127
5970.000	20.000	3998.047	0.157
5980.000	20.000	3998.047	0.157
5990.000	20.000	3998.047	0.157
6000.000	20.000	3998.047	0.156
6010.000	20.000	3998.047	0.156
6020.000	20.000	3998.047	0.156
6030.000	20.000	3998.047	0.183
6040.000	20.000	3998.047	0.183
6050.000	20.000	3998.047	0.183
6060.000	20.000	3998.047	0.172
6070.000	20.000	3998.047	0.172
6080.000	20.000	3998.047	0.172
6090.000	20.000	3998.047	0.170
6100.000	20.000	3998.047	0.170
6110.000	20.000	3998.047	0.170
6120.000	20.000	3998.047	0.062
6130.000	20.000	3998.047	0.062
6140.000	20.000	3998.047	0.062
6150.000	20.000	3998.047	0.011
6160.000	20.000	3998.047	0.011
6170.000	20.000	3998.047	0.011
6180.000	20.000	3998.047	0.000
6190.000	20.000	3998.047	0.000
6200.000	20.000	3998.047	0.000
6210.000	20.000	3992.187	-0.001
6220.000	20.000	3992.187	-0.001
6230.000	20.000	3992.187	-0.001
6240.000	20.000	3968.750	-0.043
6250.000	20.000	3968.750	-0.043
6260.000	20.000	3968.750	-0.043
6270.000	20.000	3951.172	-0.017
6280.000	20.000	3951.172	-0.017
6290.000	20.000	3951.172	-0.017
6300.000	20.000	3941.406	-0.013
6310.000	20.000	3941.406	-0.013
6320.000	20.000	3941.406	-0.013
6330.000	20.000	3931.641	-0.012
6340.000	20.000	3931.641	-0.012
6350.000	20.000	3931.641	-0.012
6360.000	20.000	3896.484	-0.031
6370.000	20.000	3896.484	-0.031
6380.000	20.000	3896.484	-0.031
6390.000	20.000	3859.375	-0.023
6400.000	20.000	3859.375	-0.023
6410.000	20.000	3859.375	-0.023
6420.000	20.000	3839.844	-0.022
6430.000	20.000	3839.844	-0.022
6440.000	20.000	3839.844	-0.022
6450.000	20.000	3876.953	-0.027
6460.000	20.000	3876.953	-0.027
6470.000	20.000	3876.953	-0.027
6480.000	20.000	3837.891	-0.021
6490.000	20.000	3837.891	-0.021
6500.000	20.000	3837.891	-0.021
6510.000	20.000	3849.609	-0.008
6520.000	20.000	3849.609	-0.008
6530.000	20.000	3849.609	-0.008
6540.000	20.000	3791.016	-0.048
6550.000	20.000	3791.016	-0.048
6560.000	20.000	3791.016	-0.048
6570.000	20.000	3779.297	-0.025
6580.000	20.000	3779.297	-0.025
6590.000	20.000	3779.297	-0.025
6600.000	20.000	3761.719	-0.042
6610.000	20.000	3761.719	-0.042
6620.000	20.000	3761.719	-0.042
6630.000	20.000	3753.906	-0.013
6640.000	20.000	3753.906	-0.013
6650.000	20.000	3753.906	-0.013
6660.000	20.000	3730.469	-0.011
6670.000	20.000	3730.469	-0.011
6680.000	20.000	3730.469	-0.011
6690.000	20.000	3732.422	-0.005
6700.000	20.000	3732.422	-0.005
6710.000	20.000	3732.422	-0.005
6720.000	20.000	3720.703	-0.001
6730.000	20.000	3720.703	-0.001
6740.000	20.000	3720.703	-0.001
6750.000	20.000	3654.297	-0.024
6760.000	20.000	3654.297	-0.024
6770.000	20.000	3654.297	-0.024
6780.000	20.000	3705.078	-0.011
6790.000	20.000	3705.078	-0.011
6800.000	20.000	3705.078	-0.011
6810.000	20.000	3646.484	-0.036
6820.000	20.000	3646.484	-0.036
6830.000	20.000	3646.484	-0.036
6840.000	20.000	3666.016	-0.016
6850.000	20.000	3666.016	-0.016
6860.000	20.000	3666.016	-0.016
6870.000	20.000	3597.656	-0.029
6880.000	20.000	3597.656	-0.029
6890.000	20.000	3597.656	-0.029
6900.000	20.000	3621.094	-0.008
6910.000	20.000	3621.094	-0.008
6920.000	20.000	3621.094	-0.008
6930.000	20.000	3609.375	-0.028
6940.000	20.000	3609.375	-0.028
6950.000	20.000	3609.375	-0.028
6960.000	20.000	3601.562	-0.023
6970.000	20.000	3601.562	-0.023
6980.000	20.000	3601.562	-0.023
6990.000	20.000	3560.547	-0.022
7000.000	20.000	3560.547	-0.022
7010.000	20.000	3560.547	-0.022
7020.000	20.000	3580.078	0.000
