%Time [ms]	Commanded Torque [mNm]	Angular Velocity [RPM]	Actual Current [Amp]	%1/27/20231:17 PM
0.000	0.000	0.000	0.000
20.000	16.000	-44.922	-0.018
30.000	16.000	-23.437	-0.024
40.000	16.000	-23.437	-0.024
50.000	16.000	-23.437	-0.024
60.000	16.000	-27.344	-0.004
70.000	16.000	-27.344	-0.004
80.000	16.000	-27.344	-0.004
90.000	16.000	5.859	-0.007
100.000	16.000	5.859	-0.007
110.000	16.000	5.859	-0.007
120.000	16.000	1.953	-0.002
130.000	16.000	1.953	-0.002
140.000	16.000	1.953	-0.002
150.000	16.000	-25.391	-0.021
160.000	16.000	-25.391	-0.021
170.000	16.000	-25.391	-0.021
180.000	16.000	3.906	-0.022
190.000	16.000	3.906	-0.022
200.000	16.000	3.906	-0.022
210.000	16.000	-13.672	0.001
220.000	16.000	-13.672	0.001
230.000	16.000	-13.672	0.001
240.000	16.000	-37.109	-0.009
250.000	16.000	-37.109	-0.009
260.000	16.000	-37.109	-0.009
270.000	16.000	-11.719	-0.037
280.000	16.000	-11.719	-0.037
290.000	16.000	-11.719	-0.037
300.000	16.000	9.766	0.004
310.000	16.000	9.766	0.004
320.000	16.000	9.766	0.004
330.000	16.000	-31.250	-0.001
340.000	16.000	-31.250	-0.001
350.000	16.000	-31.250	-0.001
360.000	16.000	-17.578	-0.021
370.000	16.000	-17.578	-0.021
380.000	16.000	-17.578	-0.021
390.000	16.000	-9.766	-0.026
400.000	16.000	-9.766	-0.026
410.000	16.000	-9.766	-0.026
420.000	16.000	7.812	0.001
430.000	16.000	7.812	0.001
440.000	16.000	7.812	0.001
450.000	16.000	-27.344	-0.027
460.000	16.000	-27.344	-0.027
470.000	16.000	-27.344	-0.027
480.000	16.000	-19.531	0.005
490.000	16.000	-19.531	0.005
500.000	16.000	-19.531	0.005
510.000	16.000	9.766	-0.019
520.000	16.000	9.766	-0.019
530.000	16.000	9.766	-0.019
540.000	16.000	-17.578	-0.015
550.000	16.000	-17.578	-0.015
560.000	16.000	-17.578	-0.015
570.000	16.000	7.812	-0.004
580.000	16.000	7.812	-0.004
590.000	16.000	7.812	-0.004
600.000	16.000	5.859	0.003
610.000	16.000	5.859	0.003
620.000	16.000	5.859	0.003
630.000	16.000	5.859	-0.004
640.000	16.000	5.859	-0.004
650.000	16.000	5.859	-0.004
660.000	16.000	19.531	-0.010
670.000	16.000	19.531	-0.010
680.000	16.000	19.531	-0.010
690.000	16.000	-11.719	-0.018
700.000	16.000	-11.719	-0.018
710.000	16.000	-11.719	-0.018
720.000	16.000	-29.297	-0.002
730.000	16.000	-29.297	-0.002
740.000	16.000	-29.297	-0.002
750.000	16.000	5.859	-0.006
760.000	16.000	5.859	-0.006
770.000	16.000	5.859	-0.006
780.000	16.000	11.719	-0.017
790.000	16.000	11.719	-0.017
800.000	16.000	11.719	-0.017
810.000	16.000	15.625	-0.012
820.000	16.000	15.625	-0.012
830.000	16.000	15.625	-0.012
840.000	16.000	-13.672	-0.027
850.000	16.000	-13.672	-0.027
860.000	16.000	-13.672	-0.027
870.000	16.000	9.766	0.003
880.000	16.000	9.766	0.003
890.000	16.000	9.766	0.003
900.000	16.000	7.812	-0.008
910.000	16.000	7.812	-0.008
920.000	16.000	7.812	-0.008
930.000	16.000	-42.969	-0.022
940.000	16.000	-42.969	-0.022
950.000	16.000	-42.969	-0.022
960.000	16.000	-15.625	-0.027
970.000	16.000	-15.625	-0.027
980.000	16.000	-15.625	-0.027
990.000	16.000	7.812	-0.006
1000.000	16.000	7.812	-0.006
1010.000	16.000	7.812	-0.006
1020.000	16.000	-9.766	-0.011
1030.000	16.000	-9.766	-0.011
1040.000	16.000	-9.766	-0.011
1050.000	16.000	-15.625	-0.012
1060.000	16.000	-15.625	-0.012
1070.000	16.000	-15.625	-0.012
1080.000	16.000	-1.953	-0.035
1090.000	16.000	-1.953	-0.035
1100.000	16.000	-1.953	-0.035
1110.000	16.000	-27.344	0.246
1120.000	16.000	-27.344	0.246
1130.000	16.000	-27.344	0.246
1140.000	16.000	11.719	0.369
1150.000	16.000	11.719	0.369
1160.000	16.000	11.719	0.369
1170.000	16.000	48.828	0.436
1180.000	16.000	48.828	0.436
1190.000	16.000	48.828	0.436
1200.000	16.000	87.891	0.445
1210.000	16.000	87.891	0.445
1220.000	16.000	87.891	0.445
1230.000	16.000	107.422	0.439
1240.000	16.000	107.422	0.439
1250.000	16.000	107.422	0.439
1260.000	16.000	119.141	0.430
1270.000	16.000	119.141	0.430
1280.000	16.000	119.141	0.430
1290.000	16.000	199.219	0.462
1300.000	16.000	199.219	0.462
1310.000	16.000	199.219	0.462
1320.000	16.000	251.953	0.465
1330.000	16.000	251.953	0.465
1340.000	16.000	251.953	0.465
1350.000	16.000	265.625	0.449
1360.000	16.000	265.625	0.449
1370.000	16.000	265.625	0.449
1380.000	16.000	285.156	0.455
1390.000	16.000	285.156	0.455
1400.000	16.000	285.156	0.455
1410.000	16.000	300.781	0.433
1420.000	16.000	300.781	0.433
1430.000	16.000	300.781	0.433
1440.000	16.000	345.703	0.448
1450.000	16.000	345.703	0.448
1460.000	16.000	345.703	0.448
1470.000	16.000	416.016	0.464
1480.000	16.000	416.016	0.464
1490.000	16.000	416.016	0.464
1500.000	16.000	435.547	0.476
1510.000	16.000	435.547	0.476
1520.000	16.000	435.547	0.476
1530.000	16.000	476.562	0.447
1540.000	16.000	476.562	0.447
1550.000	16.000	476.562	0.447
1560.000	16.000	484.375	0.470
1570.000	16.000	484.375	0.470
1580.000	16.000	484.375	0.470
1590.000	16.000	503.906	0.465
1600.000	16.000	503.906	0.465
1610.000	16.000	503.906	0.465
1620.000	16.000	611.328	0.464
1630.000	16.000	611.328	0.464
1640.000	16.000	611.328	0.464
1650.000	16.000	613.281	0.459
1660.000	16.000	613.281	0.459
1670.000	16.000	613.281	0.459
1680.000	16.000	640.625	0.471
1690.000	16.000	640.625	0.471
1700.000	16.000	640.625	0.471
1710.000	16.000	695.312	0.446
1720.000	16.000	695.312	0.446
1730.000	16.000	695.312	0.446
1740.000	16.000	712.891	0.460
1750.000	16.000	712.891	0.460
1760.000	16.000	712.891	0.460
1770.000	16.000	777.344	0.468
1780.000	16.000	777.344	0.468
1790.000	16.000	777.344	0.468
1800.000	16.000	808.594	0.489
1810.000	16.000	808.594	0.489
1820.000	16.000	808.594	0.489
1830.000	16.000	822.266	0.467
1840.000	16.000	822.266	0.467
1850.000	16.000	822.266	0.467
1860.000	16.000	835.937	0.433
1870.000	16.000	835.937	0.433
1880.000	16.000	835.937	0.433
1890.000	16.000	896.484	0.454
1900.000	16.000	896.484	0.454
1910.000	16.000	896.484	0.454
1920.000	16.000	921.875	0.468
1930.000	16.000	921.875	0.468
1940.000	16.000	921.875	0.468
1950.000	16.000	988.281	0.478
1960.000	16.000	988.281	0.478
1970.000	16.000	988.281	0.478
1980.000	16.000	980.469	0.445
1990.000	16.000	980.469	0.445
2000.000	16.000	980.469	0.445
2010.000	16.000	1048.828	0.476
2020.000	16.000	1048.828	0.476
2030.000	16.000	1048.828	0.476
2040.000	16.000	1060.547	0.445
2050.000	16.000	1060.547	0.445
2060.000	16.000	1060.547	0.445
2070.000	16.000	1109.375	0.454
2080.000	16.000	1109.375	0.454
2090.000	16.000	1109.375	0.454
2100.000	16.000	1156.250	0.475
2110.000	16.000	1156.250	0.475
2120.000	16.000	1156.250	0.475
2130.000	16.000	1179.687	0.445
2140.000	16.000	1179.687	0.445
2150.000	16.000	1179.687	0.445
2160.000	16.000	1208.984	0.428
2170.000	16.000	1208.984	0.428
2180.000	16.000	1208.984	0.428
2190.000	16.000	1214.844	0.469
2200.000	16.000	1214.844	0.469
2210.000	16.000	1214.844	0.469
2220.000	16.000	1236.328	0.448
2230.000	16.000	1236.328	0.448
2240.000	16.000	1236.328	0.448
2250.000	16.000	1292.969	0.446
2260.000	16.000	1292.969	0.446
2270.000	16.000	1292.969	0.446
2280.000	16.000	1294.922	0.438
2290.000	16.000	1294.922	0.438
2300.000	16.000	1294.922	0.438
2310.000	16.000	1369.141	0.465
2320.000	16.000	1369.141	0.465
2330.000	16.000	1369.141	0.465
2340.000	16.000	1373.047	0.438
2350.000	16.000	1373.047	0.438
2360.000	16.000	1373.047	0.438
2370.000	16.000	1437.500	0.456
2380.000	16.000	1437.500	0.456
2390.000	16.000	1437.500	0.456
2400.000	16.000	1462.891	0.448
2410.000	16.000	1462.891	0.448
2420.000	16.000	1462.891	0.448
2430.000	16.000	1513.672	0.476
2440.000	16.000	1513.672	0.476
2450.000	16.000	1513.672	0.476
2460.000	16.000	1501.953	0.459
2470.000	16.000	1501.953	0.459
2480.000	16.000	1501.953	0.459
2490.000	16.000	1535.156	0.449
2500.000	16.000	1535.156	0.449
2510.000	16.000	1535.156	0.449
2520.000	16.000	1548.828	0.454
2530.000	16.000	1548.828	0.454
2540.000	16.000	1548.828	0.454
2550.000	16.000	1607.422	0.434
2560.000	16.000	1607.422	0.434
2570.000	16.000	1607.422	0.434
2580.000	16.000	1652.344	0.465
2590.000	16.000	1652.344	0.465
2600.000	16.000	1652.344	0.465
2610.000	16.000	1689.453	0.456
2620.000	16.000	1689.453	0.456
2630.000	16.000	1689.453	0.456
2640.000	16.000	1722.656	0.458
2650.000	16.000	1722.656	0.458
2660.000	16.000	1722.656	0.458
2670.000	16.000	1708.984	0.463
2680.000	16.000	1708.984	0.463
2690.000	16.000	1708.984	0.463
2700.000	16.000	1775.391	0.453
2710.000	16.000	1775.391	0.453
2720.000	16.000	1775.391	0.453
2730.000	16.000	1781.250	0.449
2740.000	16.000	1781.250	0.449
2750.000	16.000	1781.250	0.449
2760.000	16.000	1810.547	0.456
2770.000	16.000	1810.547	0.456
2780.000	16.000	1810.547	0.456
2790.000	16.000	1833.984	0.462
2800.000	16.000	1833.984	0.462
2810.000	16.000	1833.984	0.462
2820.000	16.000	1869.141	0.472
2830.000	16.000	1869.141	0.472
2840.000	16.000	1869.141	0.472
2850.000	16.000	1933.594	0.457
2860.000	16.000	1933.594	0.457
2870.000	16.000	1933.594	0.457
2880.000	16.000	1937.500	0.446
2890.000	16.000	1937.500	0.446
2900.000	16.000	1937.500	0.446
2910.000	16.000	1992.187	0.460
2920.000	16.000	1992.187	0.460
2930.000	16.000	1992.187	0.460
2940.000	16.000	2025.391	0.451
2950.000	16.000	2025.391	0.451
2960.000	16.000	2025.391	0.451
2970.000	16.000	2015.625	0.471
2980.000	16.000	2015.625	0.471
2990.000	16.000	2015.625	0.471
3000.000	16.000	2072.266	0.441
3010.000	16.000	2072.266	0.441
3020.000	16.000	2072.266	0.441
3030.000	16.000	2091.797	0.455
3040.000	16.000	2091.797	0.455
3050.000	16.000	2091.797	0.455
3060.000	16.000	2148.437	0.467
3070.000	16.000	2148.437	0.467
3080.000	16.000	2148.437	0.467
3090.000	16.000	2154.297	0.438
3100.000	16.000	2154.297	0.438
3110.000	16.000	2154.297	0.438
3120.000	16.000	2218.750	0.475
3130.000	16.000	2218.750	0.475
3140.000	16.000	2218.750	0.475
3150.000	16.000	2228.516	0.441
3160.000	16.000	2228.516	0.441
3170.000	16.000	2228.516	0.441
3180.000	16.000	2246.094	0.452
3190.000	16.000	2246.094	0.452
3200.000	16.000	2246.094	0.452
3210.000	16.000	2246.094	0.428
3220.000	16.000	2246.094	0.428
3230.000	16.000	2246.094	0.428
3240.000	16.000	2337.891	0.435
3250.000	16.000	2337.891	0.435
3260.000	16.000	2337.891	0.435
3270.000	16.000	2376.953	0.463
3280.000	16.000	2376.953	0.463
3290.000	16.000	2376.953	0.463
3300.000	16.000	2380.859	0.455
3310.000	16.000	2380.859	0.455
3320.000	16.000	2380.859	0.455
3330.000	16.000	2369.141	0.432
3340.000	16.000	2369.141	0.432
3350.000	16.000	2369.141	0.432
3360.000	16.000	2402.344	0.472
3370.000	16.000	2402.344	0.472
3380.000	16.000	2402.344	0.472
3390.000	16.000	2476.562	0.471
3400.000	16.000	2476.562	0.471
3410.000	16.000	2476.562	0.471
3420.000	16.000	2511.719	0.456
3430.000	16.000	2511.719	0.456
3440.000	16.000	2511.719	0.456
3450.000	16.000	2474.609	0.468
3460.000	16.000	2474.609	0.468
3470.000	16.000	2474.609	0.468
3480.000	16.000	2550.781	0.462
3490.000	16.000	2550.781	0.462
3500.000	16.000	2550.781	0.462
3510.000	16.000	2566.406	0.438
3520.000	16.000	2566.406	0.438
3530.000	16.000	2566.406	0.438
3540.000	16.000	2611.328	0.466
3550.000	16.000	2611.328	0.466
3560.000	16.000	2611.328	0.466
3570.000	16.000	2595.703	0.453
3580.000	16.000	2595.703	0.453
3590.000	16.000	2595.703	0.453
3600.000	16.000	2654.297	0.437
3610.000	16.000	2654.297	0.437
3620.000	16.000	2654.297	0.437
3630.000	16.000	2708.984	0.459
3640.000	16.000	2708.984	0.459
3650.000	16.000	2708.984	0.459
3660.000	16.000	2734.375	0.453
3670.000	16.000	2734.375	0.453
3680.000	16.000	2734.375	0.453
3690.000	16.000	2722.656	0.469
3700.000	16.000	2722.656	0.469
3710.000	16.000	2722.656	0.469
3720.000	16.000	2757.812	0.460
3730.000	16.000	2757.812	0.460
3740.000	16.000	2757.812	0.460
3750.000	16.000	2830.078	0.422
3760.000	16.000	2830.078	0.422
3770.000	16.000	2830.078	0.422
3780.000	16.000	2849.609	0.445
3790.000	16.000	2849.609	0.445
3800.000	16.000	2849.609	0.445
3810.000	16.000	2863.281	0.439
3820.000	16.000	2863.281	0.439
3830.000	16.000	2863.281	0.439
3840.000	16.000	2914.062	0.470
3850.000	16.000	2914.062	0.470
3860.000	16.000	2914.062	0.470
3870.000	16.000	2882.812	0.436
3880.000	16.000	2882.812	0.436
3890.000	16.000	2882.812	0.436
3900.000	16.000	2935.547	0.468
3910.000	16.000	2935.547	0.468
3920.000	16.000	2935.547	0.468
3930.000	16.000	2964.844	0.440
3940.000	16.000	2964.844	0.440
3950.000	16.000	2964.844	0.440
3960.000	16.000	2962.891	0.431
3970.000	16.000	2962.891	0.431
3980.000	16.000	2962.891	0.431
3990.000	16.000	3009.766	0.474
4000.000	16.000	3009.766	0.474
4010.000	16.000	3009.766	0.474
4020.000	16.000	3068.359	0.454
4030.000	16.000	3068.359	0.454
4040.000	16.000	3068.359	0.454
4050.000	16.000	3097.656	0.461
4060.000	16.000	3097.656	0.461
4070.000	16.000	3097.656	0.461
4080.000	16.000	3095.703	0.450
4090.000	16.000	3095.703	0.450
4100.000	16.000	3095.703	0.450
4110.000	16.000	3150.391	0.447
4120.000	16.000	3150.391	0.447
4130.000	16.000	3150.391	0.447
4140.000	16.000	3208.984	0.443
4150.000	16.000	3208.984	0.443
4160.000	16.000	3208.984	0.443
4170.000	16.000	3166.016	0.457
4180.000	16.000	3166.016	0.457
4190.000	16.000	3166.016	0.457
4200.000	16.000	3181.641	0.437
4210.000	16.000	3181.641	0.437
4220.000	16.000	3181.641	0.437
4230.000	16.000	3250.000	0.460
4240.000	16.000	3250.000	0.460
4250.000	16.000	3250.000	0.460
4260.000	16.000	3277.344	0.424
4270.000	16.000	3277.344	0.424
4280.000	16.000	3277.344	0.424
4290.000	16.000	3302.734	0.454
4300.000	16.000	3302.734	0.454
4310.000	16.000	3302.734	0.454
4320.000	16.000	3310.547	0.451
4330.000	16.000	3310.547	0.451
4340.000	16.000	3310.547	0.451
4350.000	16.000	3341.797	0.456
4360.000	16.000	3341.797	0.456
4370.000	16.000	3341.797	0.456
4380.000	16.000	3382.812	0.466
4390.000	16.000	3382.812	0.466
4400.000	16.000	3382.812	0.466
4410.000	16.000	3458.984	0.433
4420.000	16.000	3458.984	0.433
4430.000	16.000	3458.984	0.433
4440.000	16.000	3433.594	0.470
4450.000	16.000	3433.594	0.470
4460.000	16.000	3433.594	0.470
4470.000	16.000	3449.219	0.465
4480.000	16.000	3449.219	0.465
4490.000	16.000	3449.219	0.465
4500.000	16.000	3521.484	0.455
4510.000	16.000	3521.484	0.455
4520.000	16.000	3521.484	0.455
4530.000	16.000	3513.672	0.464
4540.000	16.000	3513.672	0.464
4550.000	16.000	3513.672	0.464
4560.000	16.000	3568.359	0.466
4570.000	16.000	3568.359	0.466
4580.000	16.000	3568.359	0.466
4590.000	16.000	3587.891	0.448
4600.000	16.000	3587.891	0.448
4610.000	16.000	3587.891	0.448
4620.000	16.000	3558.594	0.453
4630.000	16.000	3558.594	0.453
4640.000	16.000	3558.594	0.453
4650.000	16.000	3607.422	0.432
4660.000	16.000	3607.422	0.432
4670.000	16.000	3607.422	0.432
4680.000	16.000	3654.297	0.454
4690.000	16.000	3654.297	0.454
4700.000	16.000	3654.297	0.454
4710.000	16.000	3693.359	0.465
4720.000	16.000	3693.359	0.465
4730.000	16.000	3693.359	0.465
4740.000	16.000	3689.453	0.455
4750.000	16.000	3689.453	0.455
4760.000	16.000	3689.453	0.455
4770.000	16.000	3742.187	0.427
4780.000	16.000	3742.187	0.427
4790.000	16.000	3742.187	0.427
4800.000	16.000	3757.812	0.446
4810.000	16.000	3757.812	0.446
4820.000	16.000	3757.812	0.446
4830.000	16.000	3755.859	0.459
4840.000	16.000	3755.859	0.459
4850.000	16.000	3755.859	0.459
4860.000	16.000	3837.891	0.446
4870.000	16.000	3837.891	0.446
4880.000	16.000	3837.891	0.446
4890.000	16.000	3818.359	0.436
4900.000	16.000	3818.359	0.436
4910.000	16.000	3818.359	0.436
4920.000	16.000	3853.516	0.423
4930.000	16.000	3853.516	0.423
4940.000	16.000	3853.516	0.423
4950.000	16.000	3896.484	0.444
4960.000	16.000	3896.484	0.444
4970.000	16.000	3896.484	0.444
4980.000	16.000	3873.047	0.437
4990.000	16.000	3873.047	0.437
5000.000	16.000	3873.047	0.437
5010.000	16.000	3949.219	0.448
5020.000	16.000	3949.219	0.448
5030.000	16.000	3949.219	0.448
5040.000	16.000	3978.516	0.465
5050.000	16.000	3978.516	0.465
5060.000	16.000	3978.516	0.465
5070.000	16.000	3998.047	0.449
5080.000	16.000	3998.047	0.449
5090.000	16.000	3998.047	0.449
5100.000	16.000	3998.047	0.430
5110.000	16.000	3998.047	0.430
5120.000	16.000	3998.047	0.430
5130.000	16.000	3998.047	0.458
5140.000	16.000	3998.047	0.458
5150.000	16.000	3998.047	0.458
5160.000	16.000	3998.047	0.443
5170.000	16.000	3998.047	0.443
5180.000	16.000	3998.047	0.443
5190.000	16.000	3998.047	0.446
5200.000	16.000	3998.047	0.446
5210.000	16.000	3998.047	0.446
5220.000	16.000	3998.047	0.466
5230.000	16.000	3998.047	0.466
5240.000	16.000	3998.047	0.466
5250.000	16.000	3998.047	0.366
5260.000	16.000	3998.047	0.366
5270.000	16.000	3998.047	0.366
5280.000	16.000	3998.047	0.228
5290.000	16.000	3998.047	0.228
5300.000	16.000	3998.047	0.228
5310.000	16.000	3998.047	0.051
5320.000	16.000	3998.047	0.051
5330.000	16.000	3998.047	0.051
5340.000	16.000	3998.047	-0.053
5350.000	16.000	3998.047	-0.053
5360.000	16.000	3998.047	-0.053
5370.000	16.000	3998.047	-0.140
5380.000	16.000	3998.047	-0.140
5390.000	16.000	3998.047	-0.140
5400.000	16.000	3998.047	-0.214
5410.000	16.000	3998.047	-0.214
5420.000	16.000	3998.047	-0.214
5430.000	16.000	3998.047	-0.182
5440.000	16.000	3998.047	-0.182
5450.000	16.000	3998.047	-0.182
5460.000	16.000	3998.047	-0.113
5470.000	16.000	3998.047	-0.113
5480.000	16.000	3998.047	-0.113
5490.000	16.000	3998.047	-0.055
5500.000	16.000	3998.047	-0.055
5510.000	16.000	3998.047	-0.055
5520.000	16.000	3970.703	0.016
5530.000	16.000	3970.703	0.016
5540.000	16.000	3970.703	0.016
5550.000	16.000	3978.516	0.138
5560.000	16.000	3978.516	0.138
5570.000	16.000	3978.516	0.138
5580.000	16.000	3998.047	0.278
5590.000	16.000	3998.047	0.278
5600.000	16.000	3998.047	0.278
5610.000	16.000	3998.047	0.366
5620.000	16.000	3998.047	0.366
5630.000	16.000	3998.047	0.366
5640.000	16.000	3998.047	0.399
5650.000	16.000	3998.047	0.399
5660.000	16.000	3998.047	0.399
5670.000	16.000	3998.047	0.404
5680.000	16.000	3998.047	0.404
5690.000	16.000	3998.047	0.404
5700.000	16.000	3998.047	0.397
5710.000	16.000	3998.047	0.397
5720.000	16.000	3998.047	0.397
5730.000	16.000	3998.047	0.331
5740.000	16.000	3998.047	0.331
5750.000	16.000	3998.047	0.331
5760.000	16.000	3998.047	0.220
5770.000	16.000	3998.047	0.220
5780.000	16.000	3998.047	0.220
5790.000	16.000	3998.047	0.139
5800.000	16.000	3998.047	0.139
5810.000	16.000	3998.047	0.139
5820.000	16.000	3998.047	0.099
5830.000	16.000	3998.047	0.099
5840.000	16.000	3998.047	0.099
5850.000	16.000	3998.047	0.045
5860.000	16.000	3998.047	0.045
5870.000	16.000	3998.047	0.045
5880.000	16.000	3998.047	0.041
5890.000	16.000	3998.047	0.041
5900.000	16.000	3998.047	0.041
5910.000	16.000	3998.047	0.027
5920.000	16.000	3998.047	0.027
5930.000	16.000	3998.047	0.027
5940.000	16.000	3998.047	0.032
5950.000	16.000	3998.047	0.032
5960.000	16.000	3998.047	0.032
5970.000	16.000	3998.047	0.062
5980.000	16.000	3998.047	0.062
5990.000	16.000	3998.047	0.062
6000.000	16.000	3998.047	0.086
6010.000	16.000	3998.047	0.086
6020.000	16.000	3998.047	0.086
6030.000	16.000	3988.281	0.124
6040.000	16.000	3988.281	0.124
6050.000	16.000	3988.281	0.124
6060.000	16.000	3998.047	0.194
6070.000	16.000	3998.047	0.194
6080.000	16.000	3998.047	0.194
6090.000	16.000	3986.328	0.256
6100.000	16.000	3986.328	0.256
6110.000	16.000	3986.328	0.256
6120.000	16.000	3998.047	0.107
6130.000	16.000	3998.047	0.107
6140.000	16.000	3998.047	0.107
6150.000	16.000	3992.187	0.035
6160.000	16.000	3992.187	0.035
6170.000	16.000	3992.187	0.035
6180.000	16.000	3998.047	0.005
6190.000	16.000	3998.047	0.005
6200.000	16.000	3998.047	0.005
6210.000	16.000	3955.078	-0.034
6220.000	16.000	3955.078	-0.034
6230.000	16.000	3955.078	-0.034
6240.000	16.000	3923.828	-0.019
6250.000	16.000	3923.828	-0.019
6260.000	16.000	3923.828	-0.019
6270.000	16.000	3955.078	-0.016
6280.000	16.000	3955.078	-0.016
6290.000	16.000	3955.078	-0.016
6300.000	16.000	3892.578	-0.018
6310.000	16.000	3892.578	-0.018
6320.000	16.000	3892.578	-0.018
6330.000	16.000	3892.578	-0.016
6340.000	16.000	3892.578	-0.016
6350.000	16.000	3892.578	-0.016
6360.000	16.000	3886.719	-0.020
6370.000	16.000	3886.719	-0.020
6380.000	16.000	3886.719	-0.020
6390.000	16.000	3876.953	-0.029
6400.000	16.000	3876.953	-0.029
6410.000	16.000	3876.953	-0.029
6420.000	16.000	3867.187	-0.009
6430.000	16.000	3867.187	-0.009
6440.000	16.000	3867.187	-0.009
6450.000	16.000	3871.094	-0.015
6460.000	16.000	3871.094	-0.015
6470.000	16.000	3871.094	-0.015
6480.000	16.000	3857.422	-0.030
6490.000	16.000	3857.422	-0.030
6500.000	16.000	3857.422	-0.030
6510.000	16.000	3777.344	-0.028
6520.000	16.000	3777.344	-0.028
6530.000	16.000	3777.344	-0.028
6540.000	16.000	3779.297	-0.034
6550.000	16.000	3779.297	-0.034
6560.000	16.000	3779.297	-0.034
6570.000	16.000	3746.094	-0.032
6580.000	16.000	3746.094	-0.032
6590.000	16.000	3746.094	-0.032
6600.000	16.000	3777.344	-0.014
6610.000	16.000	3777.344	-0.014
6620.000	16.000	3777.344	-0.014
6630.000	16.000	3759.766	-0.015
6640.000	16.000	3759.766	-0.015
6650.000	16.000	3759.766	-0.015
6660.000	16.000	3712.891	-0.038
6670.000	16.000	3712.891	-0.038
6680.000	16.000	3712.891	-0.038
6690.000	16.000	3716.797	-0.026
6700.000	16.000	3716.797	-0.026
6710.000	16.000	3716.797	-0.026
6720.000	16.000	3687.500	-0.050
6730.000	16.000	3687.500	-0.050
6740.000	16.000	3687.500	-0.050
6750.000	16.000	3697.266	-0.019
6760.000	16.000	3697.266	-0.019
6770.000	16.000	3697.266	-0.019
6780.000	16.000	3648.437	-0.043
6790.000	16.000	3648.437	-0.043
6800.000	16.000	3648.437	-0.043
6810.000	16.000	3640.625	-0.028
6820.000	16.000	3640.625	-0.028
6830.000	16.000	3640.625	-0.028
6840.000	16.000	3652.344	-0.021
6850.000	16.000	3652.344	-0.021
6860.000	16.000	3652.344	-0.021
6870.000	16.000	3609.375	-0.028
6880.000	16.000	3609.375	-0.028
6890.000	16.000	3609.375	-0.028
6900.000	16.000	3623.047	-0.020
6910.000	16.000	3623.047	-0.020
6920.000	16.000	3623.047	-0.020
6930.000	16.000	3568.359	-0.014
6940.000	16.000	3568.359	-0.014
6950.000	16.000	3568.359	-0.014
6960.000	16.000	3548.828	-0.030
6970.000	16.000	3548.828	-0.030
6980.000	16.000	3548.828	-0.030
6990.000	16.000	3564.453	-0.008
7000.000	16.000	3564.453	-0.008
7010.000	16.000	3564.453	-0.008
7020.000	16.000	3535.156	-0.045
