%Time [ms]	Commanded Torque [mNm]	Angular Velocity [RPM]	Actual Current [Amp]	%1/27/20231:16 PM
0.000	0.000	0.000	0.000
20.000	8.000	-15.625	-0.034
30.000	8.000	-15.625	-0.034
40.000	8.000	-15.625	-0.034
50.000	8.000	-27.344	-0.009
60.000	8.000	-27.344	-0.009
70.000	8.000	-27.344	-0.009
80.000	8.000	-37.109	-0.005
90.000	8.000	-37.109	-0.005
100.000	8.000	-37.109	-0.005
110.000	8.000	15.625	0.005
120.000	8.000	15.625	0.005
130.000	8.000	15.625	0.005
140.000	8.000	13.672	-0.002
150.000	8.000	13.672	-0.002
160.000	8.000	13.672	-0.002
170.000	8.000	-52.734	-0.016
180.000	8.000	-52.734	-0.016
190.000	8.000	-52.734	-0.016
200.000	8.000	-27.344	0.005
210.000	8.000	-27.344	0.005
220.000	8.000	-27.344	0.005
230.000	8.000	0.000	-0.017
240.000	8.000	0.000	-0.017
250.000	8.000	0.000	-0.017
260.000	8.000	-15.625	-0.037
270.000	8.000	-15.625	-0.037
280.000	8.000	-15.625	-0.037
290.000	8.000	-17.578	-0.013
300.000	8.000	-17.578	-0.013
310.000	8.000	-17.578	-0.013
320.000	8.000	-9.766	-0.010
330.000	8.000	-9.766	-0.010
340.000	8.000	-9.766	-0.010
350.000	8.000	17.578	-0.007
360.000	8.000	17.578	-0.007
370.000	8.000	17.578	-0.007
380.000	8.000	-17.578	-0.029
390.000	8.000	-17.578	-0.029
400.000	8.000	-17.578	-0.029
410.000	8.000	1.953	-0.018
420.000	8.000	1.953	-0.018
430.000	8.000	1.953	-0.018
440.000	8.000	-1.953	-0.016
450.000	8.000	-1.953	-0.016
460.000	8.000	-1.953	-0.016
470.000	8.000	-23.437	-0.014
480.000	8.000	-23.437	-0.014
490.000	8.000	-23.437	-0.014
500.000	8.000	13.672	-0.006
510.000	8.000	13.672	-0.006
520.000	8.000	13.672	-0.006
530.000	8.000	-21.484	-0.009
540.000	8.000	-21.484	-0.009
550.000	8.000	-21.484	-0.009
560.000	8.000	5.859	-0.001
570.000	8.000	5.859	-0.001
580.000	8.000	5.859	-0.001
590.000	8.000	-7.812	-0.022
600.000	8.000	-7.812	-0.022
610.000	8.000	-7.812	-0.022
620.000	8.000	-29.297	-0.032
630.000	8.000	-29.297	-0.032
640.000	8.000	-29.297	-0.032
650.000	8.000	11.719	0.005
660.000	8.000	11.719	0.005
670.000	8.000	11.719	0.005
680.000	8.000	-19.531	-0.011
690.000	8.000	-19.531	-0.011
700.000	8.000	-19.531	-0.011
710.000	8.000	-35.156	-0.001
720.000	8.000	-35.156	-0.001
730.000	8.000	-35.156	-0.001
740.000	8.000	-33.203	-0.023
750.000	8.000	-33.203	-0.023
760.000	8.000	-33.203	-0.023
770.000	8.000	-37.109	-0.006
780.000	8.000	-37.109	-0.006
790.000	8.000	-37.109	-0.006
800.000	8.000	-27.344	-0.026
810.000	8.000	-27.344	-0.026
820.000	8.000	-27.344	-0.026
830.000	8.000	15.625	-0.007
840.000	8.000	15.625	-0.007
850.000	8.000	15.625	-0.007
860.000	8.000	-41.016	-0.008
870.000	8.000	-41.016	-0.008
880.000	8.000	-41.016	-0.008
890.000	8.000	0.000	0.008
900.000	8.000	0.000	0.008
910.000	8.000	0.000	0.008
920.000	8.000	-19.531	-0.031
930.000	8.000	-19.531	-0.031
940.000	8.000	-19.531	-0.031
950.000	8.000	11.719	-0.020
960.000	8.000	11.719	-0.020
970.000	8.000	11.719	-0.020
980.000	8.000	0.000	-0.001
990.000	8.000	0.000	-0.001
1000.000	8.000	0.000	-0.001
1010.000	8.000	5.859	-0.011
1020.000	8.000	5.859	-0.011
1030.000	8.000	5.859	-0.011
1040.000	8.000	-29.297	-0.003
1050.000	8.000	-29.297	-0.003
1060.000	8.000	-29.297	-0.003
1070.000	8.000	-23.437	-0.019
1080.000	8.000	-23.437	-0.019
1090.000	8.000	-23.437	-0.019
1100.000	8.000	-9.766	0.099
1110.000	8.000	-9.766	0.099
1120.000	8.000	-9.766	0.099
1130.000	8.000	-1.953	0.175
1140.000	8.000	-1.953	0.175
1150.000	8.000	-1.953	0.175
1160.000	8.000	15.625	0.223
1170.000	8.000	15.625	0.223
1180.000	8.000	15.625	0.223
1190.000	8.000	19.531	0.228
1200.000	8.000	19.531	0.228
1210.000	8.000	19.531	0.228
1220.000	8.000	13.672	0.204
1230.000	8.000	13.672	0.204
1240.000	8.000	13.672	0.204
1250.000	8.000	62.500	0.229
1260.000	8.000	62.500	0.229
1270.000	8.000	62.500	0.229
1280.000	8.000	111.328	0.224
1290.000	8.000	111.328	0.224
1300.000	8.000	111.328	0.224
1310.000	8.000	95.703	0.231
1320.000	8.000	95.703	0.231
1330.000	8.000	95.703	0.231
1340.000	8.000	76.172	0.204
1350.000	8.000	76.172	0.204
1360.000	8.000	76.172	0.204
1370.000	8.000	144.531	0.227
1380.000	8.000	144.531	0.227
1390.000	8.000	144.531	0.227
1400.000	8.000	146.484	0.216
1410.000	8.000	146.484	0.216
1420.000	8.000	146.484	0.216
1430.000	8.000	136.719	0.216
1440.000	8.000	136.719	0.216
1450.000	8.000	136.719	0.216
1460.000	8.000	169.922	0.228
1470.000	8.000	169.922	0.228
1480.000	8.000	169.922	0.228
1490.000	8.000	158.203	0.213
1500.000	8.000	158.203	0.213
1510.000	8.000	158.203	0.213
1520.000	8.000	179.687	0.235
1530.000	8.000	179.687	0.235
1540.000	8.000	179.687	0.235
1550.000	8.000	210.937	0.233
1560.000	8.000	210.937	0.233
1570.000	8.000	210.937	0.233
1580.000	8.000	207.031	0.229
1590.000	8.000	207.031	0.229
1600.000	8.000	207.031	0.229
1610.000	8.000	220.703	0.214
1620.000	8.000	220.703	0.214
1630.000	8.000	220.703	0.214
1640.000	8.000	283.203	0.236
1650.000	8.000	283.203	0.236
1660.000	8.000	283.203	0.236
1670.000	8.000	285.156	0.228
1680.000	8.000	285.156	0.228
1690.000	8.000	285.156	0.228
1700.000	8.000	250.000	0.209
1710.000	8.000	250.000	0.209
1720.000	8.000	250.000	0.209
1730.000	8.000	275.391	0.211
1740.000	8.000	275.391	0.211
1750.000	8.000	275.391	0.211
1760.000	8.000	287.109	0.212
1770.000	8.000	287.109	0.212
1780.000	8.000	287.109	0.212
1790.000	8.000	318.359	0.209
1800.000	8.000	318.359	0.209
1810.000	8.000	318.359	0.209
1820.000	8.000	320.312	0.208
1830.000	8.000	320.312	0.208
1840.000	8.000	320.312	0.208
1850.000	8.000	310.547	0.213
1860.000	8.000	310.547	0.213
1870.000	8.000	310.547	0.213
1880.000	8.000	349.609	0.228
1890.000	8.000	349.609	0.228
1900.000	8.000	349.609	0.228
1910.000	8.000	335.937	0.195
1920.000	8.000	335.937	0.195
1930.000	8.000	335.937	0.195
1940.000	8.000	388.672	0.213
1950.000	8.000	388.672	0.213
1960.000	8.000	388.672	0.213
1970.000	8.000	386.719	0.232
1980.000	8.000	386.719	0.232
1990.000	8.000	386.719	0.232
2000.000	8.000	431.641	0.214
2010.000	8.000	431.641	0.214
2020.000	8.000	431.641	0.214
2030.000	8.000	429.687	0.215
2040.000	8.000	429.687	0.215
2050.000	8.000	429.687	0.215
2060.000	8.000	425.781	0.226
2070.000	8.000	425.781	0.226
2080.000	8.000	425.781	0.226
2090.000	8.000	427.734	0.199
2100.000	8.000	427.734	0.199
2110.000	8.000	427.734	0.199
2120.000	8.000	488.281	0.227
2130.000	8.000	488.281	0.227
2140.000	8.000	488.281	0.227
2150.000	8.000	474.609	0.208
2160.000	8.000	474.609	0.208
2170.000	8.000	474.609	0.208
2180.000	8.000	482.422	0.208
2190.000	8.000	482.422	0.208
2200.000	8.000	482.422	0.208
2210.000	8.000	531.250	0.246
2220.000	8.000	531.250	0.246
2230.000	8.000	531.250	0.246
2240.000	8.000	507.812	0.223
2250.000	8.000	507.812	0.223
2260.000	8.000	507.812	0.223
2270.000	8.000	503.906	0.204
2280.000	8.000	503.906	0.204
2290.000	8.000	503.906	0.204
2300.000	8.000	525.391	0.215
2310.000	8.000	525.391	0.215
2320.000	8.000	525.391	0.215
2330.000	8.000	539.062	0.216
2340.000	8.000	539.062	0.216
2350.000	8.000	539.062	0.216
2360.000	8.000	578.125	0.200
2370.000	8.000	578.125	0.200
2380.000	8.000	578.125	0.200
2390.000	8.000	583.984	0.211
2400.000	8.000	583.984	0.211
2410.000	8.000	583.984	0.211
2420.000	8.000	617.187	0.229
2430.000	8.000	617.187	0.229
2440.000	8.000	617.187	0.229
2450.000	8.000	585.937	0.212
2460.000	8.000	585.937	0.212
2470.000	8.000	585.937	0.212
2480.000	8.000	609.375	0.224
2490.000	8.000	609.375	0.224
2500.000	8.000	609.375	0.224
2510.000	8.000	642.578	0.230
2520.000	8.000	642.578	0.230
2530.000	8.000	642.578	0.230
2540.000	8.000	666.016	0.223
2550.000	8.000	666.016	0.223
2560.000	8.000	666.016	0.223
2570.000	8.000	638.672	0.228
2580.000	8.000	638.672	0.228
2590.000	8.000	638.672	0.228
2600.000	8.000	679.687	0.227
2610.000	8.000	679.687	0.227
2620.000	8.000	679.687	0.227
2630.000	8.000	710.937	0.216
2640.000	8.000	710.937	0.216
2650.000	8.000	710.937	0.216
2660.000	8.000	697.266	0.218
2670.000	8.000	697.266	0.218
2680.000	8.000	697.266	0.218
2690.000	8.000	710.937	0.216
2700.000	8.000	710.937	0.216
2710.000	8.000	710.937	0.216
2720.000	8.000	714.844	0.240
2730.000	8.000	714.844	0.240
2740.000	8.000	714.844	0.240
2750.000	8.000	736.328	0.228
2760.000	8.000	736.328	0.228
2770.000	8.000	736.328	0.228
2780.000	8.000	759.766	0.211
2790.000	8.000	759.766	0.211
2800.000	8.000	759.766	0.211
2810.000	8.000	783.203	0.241
2820.000	8.000	783.203	0.241
2830.000	8.000	783.203	0.241
2840.000	8.000	792.969	0.200
2850.000	8.000	792.969	0.200
2860.000	8.000	792.969	0.200
2870.000	8.000	796.875	0.208
2880.000	8.000	796.875	0.208
2890.000	8.000	796.875	0.208
2900.000	8.000	781.250	0.213
2910.000	8.000	781.250	0.213
2920.000	8.000	781.250	0.213
2930.000	8.000	791.016	0.222
2940.000	8.000	791.016	0.222
2950.000	8.000	791.016	0.222
2960.000	8.000	851.562	0.234
2970.000	8.000	851.562	0.234
2980.000	8.000	851.562	0.234
2990.000	8.000	859.375	0.230
3000.000	8.000	859.375	0.230
3010.000	8.000	859.375	0.230
3020.000	8.000	867.187	0.211
3030.000	8.000	867.187	0.211
3040.000	8.000	867.187	0.211
3050.000	8.000	890.625	0.233
3060.000	8.000	890.625	0.233
3070.000	8.000	890.625	0.233
3080.000	8.000	841.797	0.237
3090.000	8.000	841.797	0.237
3100.000	8.000	841.797	0.237
3110.000	8.000	871.094	0.216
3120.000	8.000	871.094	0.216
3130.000	8.000	871.094	0.216
3140.000	8.000	927.734	0.235
3150.000	8.000	927.734	0.235
3160.000	8.000	927.734	0.235
3170.000	8.000	890.625	0.210
3180.000	8.000	890.625	0.210
3190.000	8.000	890.625	0.210
3200.000	8.000	951.172	0.226
3210.000	8.000	951.172	0.226
3220.000	8.000	951.172	0.226
3230.000	8.000	904.297	0.225
3240.000	8.000	904.297	0.225
3250.000	8.000	904.297	0.225
3260.000	8.000	949.219	0.226
3270.000	8.000	949.219	0.226
3280.000	8.000	949.219	0.226
3290.000	8.000	986.328	0.197
3300.000	8.000	986.328	0.197
3310.000	8.000	986.328	0.197
3320.000	8.000	945.312	0.229
3330.000	8.000	945.312	0.229
3340.000	8.000	945.312	0.229
3350.000	8.000	976.562	0.224
3360.000	8.000	976.562	0.224
3370.000	8.000	976.562	0.224
3380.000	8.000	998.047	0.233
3390.000	8.000	998.047	0.233
3400.000	8.000	998.047	0.233
3410.000	8.000	1005.859	0.224
3420.000	8.000	1005.859	0.224
3430.000	8.000	1005.859	0.224
3440.000	8.000	1033.203	0.232
3450.000	8.000	1033.203	0.232
3460.000	8.000	1033.203	0.232
3470.000	8.000	1031.250	0.213
3480.000	8.000	1031.250	0.213
3490.000	8.000	1031.250	0.213
3500.000	8.000	1060.547	0.208
3510.000	8.000	1060.547	0.208
3520.000	8.000	1060.547	0.208
3530.000	8.000	1082.031	0.221
3540.000	8.000	1082.031	0.221
3550.000	8.000	1082.031	0.221
3560.000	8.000	1064.453	0.212
3570.000	8.000	1064.453	0.212
3580.000	8.000	1064.453	0.212
3590.000	8.000	1058.594	0.222
3600.000	8.000	1058.594	0.222
3610.000	8.000	1058.594	0.222
3620.000	8.000	1089.844	0.225
3630.000	8.000	1089.844	0.225
3640.000	8.000	1089.844	0.225
3650.000	8.000	1091.797	0.215
3660.000	8.000	1091.797	0.215
3670.000	8.000	1091.797	0.215
3680.000	8.000	1105.469	0.220
3690.000	8.000	1105.469	0.220
3700.000	8.000	1105.469	0.220
3710.000	8.000	1119.141	0.229
3720.000	8.000	1119.141	0.229
3730.000	8.000	1119.141	0.229
3740.000	8.000	1146.484	0.228
3750.000	8.000	1146.484	0.228
3760.000	8.000	1146.484	0.228
3770.000	8.000	1171.875	0.218
3780.000	8.000	1171.875	0.218
3790.000	8.000	1171.875	0.218
3800.000	8.000	1158.203	0.207
3810.000	8.000	1158.203	0.207
3820.000	8.000	1158.203	0.207
3830.000	8.000	1144.531	0.198
3840.000	8.000	1144.531	0.198
3850.000	8.000	1144.531	0.198
3860.000	8.000	1173.828	0.210
3870.000	8.000	1173.828	0.210
3880.000	8.000	1173.828	0.210
3890.000	8.000	1179.687	0.206
3900.000	8.000	1179.687	0.206
3910.000	8.000	1179.687	0.206
3920.000	8.000	1207.031	0.213
3930.000	8.000	1207.031	0.213
3940.000	8.000	1207.031	0.213
3950.000	8.000	1238.281	0.214
3960.000	8.000	1238.281	0.214
3970.000	8.000	1238.281	0.214
3980.000	8.000	1222.656	0.231
3990.000	8.000	1222.656	0.231
4000.000	8.000	1222.656	0.231
4010.000	8.000	1205.078	0.199
4020.000	8.000	1205.078	0.199
4030.000	8.000	1205.078	0.199
4040.000	8.000	1257.812	0.233
4050.000	8.000	1257.812	0.233
4060.000	8.000	1257.812	0.233
4070.000	8.000	1283.203	0.229
4080.000	8.000	1283.203	0.229
4090.000	8.000	1283.203	0.229
4100.000	8.000	1234.375	0.229
4110.000	8.000	1234.375	0.229
4120.000	8.000	1234.375	0.229
4130.000	8.000	1300.781	0.245
4140.000	8.000	1300.781	0.245
4150.000	8.000	1300.781	0.245
4160.000	8.000	1308.594	0.229
4170.000	8.000	1308.594	0.229
4180.000	8.000	1308.594	0.229
4190.000	8.000	1326.172	0.241
4200.000	8.000	1326.172	0.241
4210.000	8.000	1326.172	0.241
4220.000	8.000	1283.203	0.237
4230.000	8.000	1283.203	0.237
4240.000	8.000	1283.203	0.237
4250.000	8.000	1324.219	0.225
4260.000	8.000	1324.219	0.225
4270.000	8.000	1324.219	0.225
4280.000	8.000	1337.891	0.231
4290.000	8.000	1337.891	0.231
4300.000	8.000	1337.891	0.231
4310.000	8.000	1365.234	0.206
4320.000	8.000	1365.234	0.206
4330.000	8.000	1365.234	0.206
4340.000	8.000	1357.422	0.228
4350.000	8.000	1357.422	0.228
4360.000	8.000	1357.422	0.228
4370.000	8.000	1371.094	0.229
4380.000	8.000	1371.094	0.229
4390.000	8.000	1371.094	0.229
4400.000	8.000	1380.859	0.228
4410.000	8.000	1380.859	0.228
4420.000	8.000	1380.859	0.228
4430.000	8.000	1400.391	0.227
4440.000	8.000	1400.391	0.227
4450.000	8.000	1400.391	0.227
4460.000	8.000	1400.391	0.199
4470.000	8.000	1400.391	0.199
4480.000	8.000	1400.391	0.199
4490.000	8.000	1406.250	0.219
4500.000	8.000	1406.250	0.219
4510.000	8.000	1406.250	0.219
4520.000	8.000	1421.875	0.206
4530.000	8.000	1421.875	0.206
4540.000	8.000	1421.875	0.206
4550.000	8.000	1441.406	0.213
4560.000	8.000	1441.406	0.213
4570.000	8.000	1441.406	0.213
4580.000	8.000	1462.891	0.223
4590.000	8.000	1462.891	0.223
4600.000	8.000	1462.891	0.223
4610.000	8.000	1490.234	0.207
4620.000	8.000	1490.234	0.207
4630.000	8.000	1490.234	0.207
4640.000	8.000	1437.500	0.220
4650.000	8.000	1437.500	0.220
4660.000	8.000	1437.500	0.220
4670.000	8.000	1472.656	0.210
4680.000	8.000	1472.656	0.210
4690.000	8.000	1472.656	0.210
4700.000	8.000	1474.609	0.231
4710.000	8.000	1474.609	0.231
4720.000	8.000	1474.609	0.231
4730.000	8.000	1503.906	0.194
4740.000	8.000	1503.906	0.194
4750.000	8.000	1503.906	0.194
4760.000	8.000	1484.375	0.229
4770.000	8.000	1484.375	0.229
4780.000	8.000	1484.375	0.229
4790.000	8.000	1515.625	0.212
4800.000	8.000	1515.625	0.212
4810.000	8.000	1515.625	0.212
4820.000	8.000	1488.281	0.195
4830.000	8.000	1488.281	0.195
4840.000	8.000	1488.281	0.195
4850.000	8.000	1513.672	0.229
4860.000	8.000	1513.672	0.229
4870.000	8.000	1513.672	0.229
4880.000	8.000	1554.687	0.230
4890.000	8.000	1554.687	0.230
4900.000	8.000	1554.687	0.230
4910.000	8.000	1566.406	0.206
4920.000	8.000	1566.406	0.206
4930.000	8.000	1566.406	0.206
4940.000	8.000	1591.797	0.229
4950.000	8.000	1591.797	0.229
4960.000	8.000	1591.797	0.229
4970.000	8.000	1585.937	0.211
4980.000	8.000	1585.937	0.211
4990.000	8.000	1585.937	0.211
5000.000	8.000	1609.375	0.219
5010.000	8.000	1609.375	0.219
5020.000	8.000	1609.375	0.219
5030.000	8.000	1623.047	0.199
5040.000	8.000	1623.047	0.199
5050.000	8.000	1623.047	0.199
5060.000	8.000	1648.437	0.205
5070.000	8.000	1648.437	0.205
5080.000	8.000	1648.437	0.205
5090.000	8.000	1615.234	0.215
5100.000	8.000	1615.234	0.215
5110.000	8.000	1615.234	0.215
5120.000	8.000	1632.812	0.207
5130.000	8.000	1632.812	0.207
5140.000	8.000	1632.812	0.207
5150.000	8.000	1632.812	0.216
5160.000	8.000	1632.812	0.216
5170.000	8.000	1632.812	0.216
5180.000	8.000	1621.094	0.233
5190.000	8.000	1621.094	0.233
5200.000	8.000	1621.094	0.233
5210.000	8.000	1662.109	0.221
5220.000	8.000	1662.109	0.221
5230.000	8.000	1662.109	0.221
5240.000	8.000	1664.062	0.204
5250.000	8.000	1664.062	0.204
5260.000	8.000	1664.062	0.204
5270.000	8.000	1722.656	0.209
5280.000	8.000	1722.656	0.209
5290.000	8.000	1722.656	0.209
5300.000	8.000	1677.734	0.243
5310.000	8.000	1677.734	0.243
5320.000	8.000	1677.734	0.243
5330.000	8.000	1693.359	0.232
5340.000	8.000	1693.359	0.232
5350.000	8.000	1693.359	0.232
5360.000	8.000	1710.937	0.239
5370.000	8.000	1710.937	0.239
5380.000	8.000	1710.937	0.239
5390.000	8.000	1707.031	0.225
5400.000	8.000	1707.031	0.225
5410.000	8.000	1707.031	0.225
5420.000	8.000	1726.562	0.224
5430.000	8.000	1726.562	0.224
5440.000	8.000	1726.562	0.224
5450.000	8.000	1773.437	0.198
5460.000	8.000	1773.437	0.198
5470.000	8.000	1773.437	0.198
5480.000	8.000	1720.703	0.228
5490.000	8.000	1720.703	0.228
5500.000	8.000	1720.703	0.228
5510.000	8.000	1755.859	0.203
5520.000	8.000	1755.859	0.203
5530.000	8.000	1755.859	0.203
5540.000	8.000	1757.812	0.215
5550.000	8.000	1757.812	0.215
5560.000	8.000	1757.812	0.215
5570.000	8.000	1781.250	0.211
5580.000	8.000	1781.250	0.211
5590.000	8.000	1781.250	0.211
5600.000	8.000	1808.594	0.219
5610.000	8.000	1808.594	0.219
5620.000	8.000	1808.594	0.219
5630.000	8.000	1791.016	0.229
5640.000	8.000	1791.016	0.229
5650.000	8.000	1791.016	0.229
5660.000	8.000	1800.781	0.212
5670.000	8.000	1800.781	0.212
5680.000	8.000	1800.781	0.212
5690.000	8.000	1800.781	0.236
5700.000	8.000	1800.781	0.236
5710.000	8.000	1800.781	0.236
5720.000	8.000	1841.797	0.197
5730.000	8.000	1841.797	0.197
5740.000	8.000	1841.797	0.197
5750.000	8.000	1822.266	0.225
5760.000	8.000	1822.266	0.225
5770.000	8.000	1822.266	0.225
5780.000	8.000	1841.797	0.226
5790.000	8.000	1841.797	0.226
5800.000	8.000	1841.797	0.226
5810.000	8.000	1888.672	0.212
5820.000	8.000	1888.672	0.212
5830.000	8.000	1888.672	0.212
5840.000	8.000	1835.937	0.226
5850.000	8.000	1835.937	0.226
5860.000	8.000	1835.937	0.226
5870.000	8.000	1869.141	0.241
5880.000	8.000	1869.141	0.241
5890.000	8.000	1869.141	0.241
5900.000	8.000	1867.187	0.229
5910.000	8.000	1867.187	0.229
5920.000	8.000	1867.187	0.229
5930.000	8.000	1896.484	0.193
5940.000	8.000	1896.484	0.193
5950.000	8.000	1896.484	0.193
5960.000	8.000	1933.594	0.200
5970.000	8.000	1933.594	0.200
5980.000	8.000	1933.594	0.200
5990.000	8.000	1873.047	0.218
6000.000	8.000	1873.047	0.218
6010.000	8.000	1873.047	0.218
6020.000	8.000	1916.016	0.214
6030.000	8.000	1916.016	0.214
6040.000	8.000	1916.016	0.214
6050.000	8.000	1919.922	0.230
6060.000	8.000	1919.922	0.230
6070.000	8.000	1919.922	0.230
6080.000	8.000	1957.031	0.235
6090.000	8.000	1957.031	0.235
6100.000	8.000	1957.031	0.235
6110.000	8.000	1939.453	0.105
6120.000	8.000	1939.453	0.105
6130.000	8.000	1939.453	0.105
6140.000	8.000	1953.125	0.031
6150.000	8.000	1953.125	0.031
6160.000	8.000	1953.125	0.031
6170.000	8.000	1929.687	-0.019
6180.000	8.000	1929.687	-0.019
6190.000	8.000	1929.687	-0.019
6200.000	8.000	1933.594	-0.037
6210.000	8.000	1933.594	-0.037
6220.000	8.000	1933.594	-0.037
6230.000	8.000	1933.594	-0.038
6240.000	8.000	1933.594	-0.038
6250.000	8.000	1933.594	-0.038
6260.000	8.000	1904.297	-0.016
6270.000	8.000	1904.297	-0.016
6280.000	8.000	1904.297	-0.016
6290.000	8.000	1873.047	-0.035
6300.000	8.000	1873.047	-0.035
6310.000	8.000	1873.047	-0.035
6320.000	8.000	1849.609	-0.010
6330.000	8.000	1849.609	-0.010
6340.000	8.000	1849.609	-0.010
6350.000	8.000	1845.703	-0.028
6360.000	8.000	1845.703	-0.028
6370.000	8.000	1845.703	-0.028
6380.000	8.000	1843.750	-0.024
6390.000	8.000	1843.750	-0.024
6400.000	8.000	1843.750	-0.024
6410.000	8.000	1867.187	-0.011
6420.000	8.000	1867.187	-0.011
6430.000	8.000	1867.187	-0.011
6440.000	8.000	1789.062	-0.006
6450.000	8.000	1789.062	-0.006
6460.000	8.000	1789.062	-0.006
6470.000	8.000	1787.109	-0.014
6480.000	8.000	1787.109	-0.014
6490.000	8.000	1787.109	-0.014
6500.000	8.000	1791.016	-0.017
6510.000	8.000	1791.016	-0.017
6520.000	8.000	1791.016	-0.017
6530.000	8.000	1804.687	0.002
6540.000	8.000	1804.687	0.002
6550.000	8.000	1804.687	0.002
6560.000	8.000	1761.719	-0.010
6570.000	8.000	1761.719	-0.010
6580.000	8.000	1761.719	-0.010
6590.000	8.000	1751.953	-0.021
6600.000	8.000	1751.953	-0.021
6610.000	8.000	1751.953	-0.021
6620.000	8.000	1767.578	-0.012
6630.000	8.000	1767.578	-0.012
6640.000	8.000	1767.578	-0.012
6650.000	8.000	1722.656	-0.009
6660.000	8.000	1722.656	-0.009
6670.000	8.000	1722.656	-0.009
6680.000	8.000	1744.141	-0.003
6690.000	8.000	1744.141	-0.003
6700.000	8.000	1744.141	-0.003
6710.000	8.000	1714.844	-0.002
6720.000	8.000	1714.844	-0.002
6730.000	8.000	1714.844	-0.002
6740.000	8.000	1707.031	-0.015
6750.000	8.000	1707.031	-0.015
6760.000	8.000	1707.031	-0.015
6770.000	8.000	1699.219	-0.008
6780.000	8.000	1699.219	-0.008
6790.000	8.000	1699.219	-0.008
6800.000	8.000	1669.922	-0.028
6810.000	8.000	1669.922	-0.028
6820.000	8.000	1669.922	-0.028
6830.000	8.000	1681.641	-0.004
6840.000	8.000	1681.641	-0.004
6850.000	8.000	1681.641	-0.004
6860.000	8.000	1642.578	-0.022
6870.000	8.000	1642.578	-0.022
6880.000	8.000	1642.578	-0.022
6890.000	8.000	1642.578	-0.020
6900.000	8.000	1642.578	-0.020
6910.000	8.000	1642.578	-0.020
6920.000	8.000	1652.344	-0.023
6930.000	8.000	1652.344	-0.023
6940.000	8.000	1652.344	-0.023
6950.000	8.000	1617.187	-0.023
6960.000	8.000	1617.187	-0.023
6970.000	8.000	1617.187	-0.023
6980.000	8.000	1638.672	-0.008
6990.000	8.000	1638.672	-0.008
7000.000	8.000	1638.672	-0.008
7010.000	8.000	1607.422	0.001
7020.000	8.000	1607.422	0.001
