%Time [ms]	Commanded Torque [mNm]	Angular Velocity [RPM]	Actual Current [Amp]	%1/27/20231:17 PM
0.000	0.000	0.000	0.000
20.000	12.000	-37.109	-0.003
30.000	12.000	-37.109	-0.003
40.000	12.000	-37.109	-0.003
50.000	12.000	-21.484	-0.002
60.000	12.000	-21.484	-0.002
70.000	12.000	-21.484	-0.002
80.000	12.000	-31.250	-0.021
90.000	12.000	-31.250	-0.021
100.000	12.000	-31.250	-0.021
110.000	12.000	-42.969	-0.012
120.000	12.000	-42.969	-0.012
130.000	12.000	-42.969	-0.012
140.000	12.000	-19.531	-0.002
150.000	12.000	-19.531	-0.002
160.000	12.000	-19.531	-0.002
170.000	12.000	-3.906	-0.023
180.000	12.000	-3.906	-0.023
190.000	12.000	-3.906	-0.023
200.000	12.000	7.812	-0.009
210.000	12.000	7.812	-0.009
220.000	12.000	7.812	-0.009
230.000	12.000	-17.578	0.000
240.000	12.000	-17.578	0.000
250.000	12.000	-17.578	0.000
260.000	12.000	-23.437	0.000
270.000	12.000	-23.437	0.000
280.000	12.000	-23.437	0.000
290.000	12.000	-11.719	-0.010
300.000	12.000	-11.719	-0.010
310.000	12.000	-11.719	-0.010
320.000	12.000	-44.922	-0.022
330.000	12.000	-44.922	-0.022
340.000	12.000	-44.922	-0.022
350.000	12.000	-27.344	-0.004
360.000	12.000	-27.344	-0.004
370.000	12.000	-27.344	-0.004
380.000	12.000	-7.812	-0.028
390.000	12.000	-7.812	-0.028
400.000	12.000	-7.812	-0.028
410.000	12.000	0.000	-0.008
420.000	12.000	0.000	-0.008
430.000	12.000	0.000	-0.008
440.000	12.000	21.484	-0.005
450.000	12.000	21.484	-0.005
460.000	12.000	21.484	-0.005
470.000	12.000	-29.297	-0.009
480.000	12.000	-29.297	-0.009
490.000	12.000	-29.297	-0.009
500.000	12.000	-7.812	0.001
510.000	12.000	-7.812	0.001
520.000	12.000	-7.812	0.001
530.000	12.000	0.000	0.000
540.000	12.000	0.000	0.000
550.000	12.000	0.000	0.000
560.000	12.000	-27.344	-0.005
570.000	12.000	-27.344	-0.005
580.000	12.000	-27.344	-0.005
590.000	12.000	-44.922	-0.026
600.000	12.000	-44.922	-0.026
610.000	12.000	-44.922	-0.026
620.000	12.000	-3.906	0.003
630.000	12.000	-3.906	0.003
640.000	12.000	-3.906	0.003
650.000	12.000	17.578	-0.014
660.000	12.000	17.578	-0.014
670.000	12.000	17.578	-0.014
680.000	12.000	-25.391	-0.003
690.000	12.000	-25.391	-0.003
700.000	12.000	-25.391	-0.003
710.000	12.000	5.859	-0.022
720.000	12.000	5.859	-0.022
730.000	12.000	5.859	-0.022
740.000	12.000	-19.531	-0.034
750.000	12.000	-19.531	-0.034
760.000	12.000	-19.531	-0.034
770.000	12.000	17.578	-0.005
780.000	12.000	17.578	-0.005
790.000	12.000	17.578	-0.005
800.000	12.000	-7.812	-0.005
810.000	12.000	-7.812	-0.005
820.000	12.000	-7.812	-0.005
830.000	12.000	-19.531	-0.010
840.000	12.000	-19.531	-0.010
850.000	12.000	-19.531	-0.010
860.000	12.000	-7.812	-0.005
870.000	12.000	-7.812	-0.005
880.000	12.000	-7.812	-0.005
890.000	12.000	-25.391	-0.015
900.000	12.000	-25.391	-0.015
910.000	12.000	-25.391	-0.015
920.000	12.000	-3.906	-0.025
930.000	12.000	-3.906	-0.025
940.000	12.000	-3.906	-0.025
950.000	12.000	-11.719	-0.009
960.000	12.000	-11.719	-0.009
970.000	12.000	-11.719	-0.009
980.000	12.000	-31.250	-0.018
990.000	12.000	-31.250	-0.018
1000.000	12.000	-31.250	-0.018
1010.000	12.000	-41.016	-0.013
1020.000	12.000	-41.016	-0.013
1030.000	12.000	-41.016	-0.013
1040.000	12.000	15.625	-0.015
1050.000	12.000	15.625	-0.015
1060.000	12.000	15.625	-0.015
1070.000	12.000	1.953	-0.017
1080.000	12.000	1.953	-0.017
1090.000	12.000	1.953	-0.017
1100.000	12.000	-15.625	0.160
1110.000	12.000	-15.625	0.160
1120.000	12.000	-15.625	0.160
1130.000	12.000	-39.062	0.278
1140.000	12.000	-39.062	0.278
1150.000	12.000	-39.062	0.278
1160.000	12.000	9.766	0.321
1170.000	12.000	9.766	0.321
1180.000	12.000	9.766	0.321
1190.000	12.000	37.109	0.339
1200.000	12.000	37.109	0.339
1210.000	12.000	37.109	0.339
1220.000	12.000	58.594	0.338
1230.000	12.000	58.594	0.338
1240.000	12.000	58.594	0.338
1250.000	12.000	130.859	0.348
1260.000	12.000	130.859	0.348
1270.000	12.000	130.859	0.348
1280.000	12.000	126.953	0.341
1290.000	12.000	126.953	0.341
1300.000	12.000	126.953	0.341
1310.000	12.000	144.531	0.335
1320.000	12.000	144.531	0.335
1330.000	12.000	144.531	0.335
1340.000	12.000	177.734	0.327
1350.000	12.000	177.734	0.327
1360.000	12.000	177.734	0.327
1370.000	12.000	236.328	0.346
1380.000	12.000	236.328	0.346
1390.000	12.000	236.328	0.346
1400.000	12.000	234.375	0.336
1410.000	12.000	234.375	0.336
1420.000	12.000	234.375	0.336
1430.000	12.000	261.719	0.326
1440.000	12.000	261.719	0.326
1450.000	12.000	261.719	0.326
1460.000	12.000	285.156	0.342
1470.000	12.000	285.156	0.342
1480.000	12.000	285.156	0.342
1490.000	12.000	294.922	0.347
1500.000	12.000	294.922	0.347
1510.000	12.000	294.922	0.347
1520.000	12.000	337.891	0.346
1530.000	12.000	337.891	0.346
1540.000	12.000	337.891	0.346
1550.000	12.000	337.891	0.332
1560.000	12.000	337.891	0.332
1570.000	12.000	337.891	0.332
1580.000	12.000	408.203	0.336
1590.000	12.000	408.203	0.336
1600.000	12.000	408.203	0.336
1610.000	12.000	406.250	0.351
1620.000	12.000	406.250	0.351
1630.000	12.000	406.250	0.351
1640.000	12.000	443.359	0.349
1650.000	12.000	443.359	0.349
1660.000	12.000	443.359	0.349
1670.000	12.000	458.984	0.341
1680.000	12.000	458.984	0.341
1690.000	12.000	458.984	0.341
1700.000	12.000	486.328	0.343
1710.000	12.000	486.328	0.343
1720.000	12.000	486.328	0.343
1730.000	12.000	517.578	0.342
1740.000	12.000	517.578	0.342
1750.000	12.000	517.578	0.342
1760.000	12.000	511.719	0.324
1770.000	12.000	511.719	0.324
1780.000	12.000	511.719	0.324
1790.000	12.000	548.828	0.326
1800.000	12.000	548.828	0.326
1810.000	12.000	548.828	0.326
1820.000	12.000	599.609	0.350
1830.000	12.000	599.609	0.350
1840.000	12.000	599.609	0.350
1850.000	12.000	611.328	0.351
1860.000	12.000	611.328	0.351
1870.000	12.000	611.328	0.351
1880.000	12.000	621.094	0.336
1890.000	12.000	621.094	0.336
1900.000	12.000	621.094	0.336
1910.000	12.000	628.906	0.358
1920.000	12.000	628.906	0.358
1930.000	12.000	628.906	0.358
1940.000	12.000	640.625	0.338
1950.000	12.000	640.625	0.338
1960.000	12.000	640.625	0.338
1970.000	12.000	677.734	0.331
1980.000	12.000	677.734	0.331
1990.000	12.000	677.734	0.331
2000.000	12.000	714.844	0.335
2010.000	12.000	714.844	0.335
2020.000	12.000	714.844	0.335
2030.000	12.000	732.422	0.329
2040.000	12.000	732.422	0.329
2050.000	12.000	732.422	0.329
2060.000	12.000	734.375	0.315
2070.000	12.000	734.375	0.315
2080.000	12.000	734.375	0.315
2090.000	12.000	808.594	0.351
2100.000	12.000	808.594	0.351
2110.000	12.000	808.594	0.351
2120.000	12.000	798.828	0.344
2130.000	12.000	798.828	0.344
2140.000	12.000	798.828	0.344
2150.000	12.000	816.406	0.341
2160.000	12.000	816.406	0.341
2170.000	12.000	816.406	0.341
2180.000	12.000	847.656	0.330
2190.000	12.000	847.656	0.330
2200.000	12.000	847.656	0.330
2210.000	12.000	859.375	0.320
2220.000	12.000	859.375	0.320
2230.000	12.000	859.375	0.320
2240.000	12.000	886.719	0.329
2250.000	12.000	886.719	0.329
2260.000	12.000	886.719	0.329
2270.000	12.000	935.547	0.324
2280.000	12.000	935.547	0.324
2290.000	12.000	935.547	0.324
2300.000	12.000	914.062	0.339
2310.000	12.000	914.062	0.339
2320.000	12.000	914.062	0.339
2330.000	12.000	972.656	0.345
2340.000	12.000	972.656	0.345
2350.000	12.000	972.656	0.345
2360.000	12.000	1019.531	0.356
2370.000	12.000	1019.531	0.356
2380.000	12.000	1019.531	0.356
2390.000	12.000	1029.297	0.350
2400.000	12.000	1029.297	0.350
2410.000	12.000	1029.297	0.350
2420.000	12.000	1048.828	0.326
2430.000	12.000	1048.828	0.326
2440.000	12.000	1048.828	0.326
2450.000	12.000	1074.219	0.344
2460.000	12.000	1074.219	0.344
2470.000	12.000	1074.219	0.344
2480.000	12.000	1101.562	0.343
2490.000	12.000	1101.562	0.343
2500.000	12.000	1101.562	0.343
2510.000	12.000	1082.031	0.349
2520.000	12.000	1082.031	0.349
2530.000	12.000	1082.031	0.349
2540.000	12.000	1123.047	0.347
2550.000	12.000	1123.047	0.347
2560.000	12.000	1123.047	0.347
2570.000	12.000	1171.875	0.352
2580.000	12.000	1171.875	0.352
2590.000	12.000	1171.875	0.352
2600.000	12.000	1160.156	0.343
2610.000	12.000	1160.156	0.343
2620.000	12.000	1160.156	0.343
2630.000	12.000	1156.250	0.312
2640.000	12.000	1156.250	0.312
2650.000	12.000	1156.250	0.312
2660.000	12.000	1214.844	0.325
2670.000	12.000	1214.844	0.325
2680.000	12.000	1214.844	0.325
2690.000	12.000	1218.750	0.331
2700.000	12.000	1218.750	0.331
2710.000	12.000	1218.750	0.331
2720.000	12.000	1259.766	0.351
2730.000	12.000	1259.766	0.351
2740.000	12.000	1259.766	0.351
2750.000	12.000	1294.922	0.337
2760.000	12.000	1294.922	0.337
2770.000	12.000	1294.922	0.337
2780.000	12.000	1296.875	0.325
2790.000	12.000	1296.875	0.325
2800.000	12.000	1296.875	0.325
2810.000	12.000	1304.687	0.334
2820.000	12.000	1304.687	0.334
2830.000	12.000	1304.687	0.334
2840.000	12.000	1337.891	0.323
2850.000	12.000	1337.891	0.323
2860.000	12.000	1337.891	0.323
2870.000	12.000	1349.609	0.337
2880.000	12.000	1349.609	0.337
2890.000	12.000	1349.609	0.337
2900.000	12.000	1367.187	0.355
2910.000	12.000	1367.187	0.355
2920.000	12.000	1367.187	0.355
2930.000	12.000	1390.625	0.339
2940.000	12.000	1390.625	0.339
2950.000	12.000	1390.625	0.339
2960.000	12.000	1398.437	0.329
2970.000	12.000	1398.437	0.329
2980.000	12.000	1398.437	0.329
2990.000	12.000	1460.937	0.326
3000.000	12.000	1460.937	0.326
3010.000	12.000	1460.937	0.326
3020.000	12.000	1474.609	0.348
3030.000	12.000	1474.609	0.348
3040.000	12.000	1474.609	0.348
3050.000	12.000	1474.609	0.334
3060.000	12.000	1474.609	0.334
3070.000	12.000	1474.609	0.334
3080.000	12.000	1517.578	0.330
3090.000	12.000	1517.578	0.330
3100.000	12.000	1517.578	0.330
3110.000	12.000	1556.641	0.313
3120.000	12.000	1556.641	0.313
3130.000	12.000	1556.641	0.313
3140.000	12.000	1542.969	0.332
3150.000	12.000	1542.969	0.332
3160.000	12.000	1542.969	0.332
3170.000	12.000	1593.750	0.331
3180.000	12.000	1593.750	0.331
3190.000	12.000	1593.750	0.331
3200.000	12.000	1609.375	0.340
3210.000	12.000	1609.375	0.340
3220.000	12.000	1609.375	0.340
3230.000	12.000	1613.281	0.336
3240.000	12.000	1613.281	0.336
3250.000	12.000	1613.281	0.336
3260.000	12.000	1613.281	0.318
3270.000	12.000	1613.281	0.318
3280.000	12.000	1613.281	0.318
3290.000	12.000	1683.594	0.314
3300.000	12.000	1683.594	0.314
3310.000	12.000	1683.594	0.314
3320.000	12.000	1687.500	0.347
3330.000	12.000	1687.500	0.347
3340.000	12.000	1687.500	0.347
3350.000	12.000	1673.828	0.361
3360.000	12.000	1673.828	0.361
3370.000	12.000	1673.828	0.361
3380.000	12.000	1720.703	0.339
3390.000	12.000	1720.703	0.339
3400.000	12.000	1720.703	0.339
3410.000	12.000	1730.469	0.331
3420.000	12.000	1730.469	0.331
3430.000	12.000	1730.469	0.331
3440.000	12.000	1755.859	0.327
3450.000	12.000	1755.859	0.327
3460.000	12.000	1755.859	0.327
3470.000	12.000	1816.406	0.312
3480.000	12.000	1816.406	0.312
3490.000	12.000	1816.406	0.312
3500.000	12.000	1826.172	0.342
3510.000	12.000	1826.172	0.342
3520.000	12.000	1826.172	0.342
3530.000	12.000	1833.984	0.347
3540.000	12.000	1833.984	0.347
3550.000	12.000	1833.984	0.347
3560.000	12.000	1818.359	0.342
3570.000	12.000	1818.359	0.342
3580.000	12.000	1818.359	0.342
3590.000	12.000	1871.094	0.304
3600.000	12.000	1871.094	0.304
3610.000	12.000	1871.094	0.304
3620.000	12.000	1880.859	0.311
3630.000	12.000	1880.859	0.311
3640.000	12.000	1880.859	0.311
3650.000	12.000	1916.016	0.336
3660.000	12.000	1916.016	0.336
3670.000	12.000	1916.016	0.336
3680.000	12.000	1910.156	0.338
3690.000	12.000	1910.156	0.338
3700.000	12.000	1910.156	0.338
3710.000	12.000	1914.062	0.344
3720.000	12.000	1914.062	0.344
3730.000	12.000	1914.062	0.344
3740.000	12.000	1935.547	0.329
3750.000	12.000	1935.547	0.329
3760.000	12.000	1935.547	0.329
3770.000	12.000	1986.328	0.297
3780.000	12.000	1986.328	0.297
3790.000	12.000	1986.328	0.297
3800.000	12.000	1984.375	0.304
3810.000	12.000	1984.375	0.304
3820.000	12.000	1984.375	0.304
3830.000	12.000	2050.781	0.328
3840.000	12.000	2050.781	0.328
3850.000	12.000	2050.781	0.328
3860.000	12.000	2021.484	0.321
3870.000	12.000	2021.484	0.321
3880.000	12.000	2021.484	0.321
3890.000	12.000	2046.875	0.341
3900.000	12.000	2046.875	0.341
3910.000	12.000	2046.875	0.341
3920.000	12.000	2083.984	0.350
3930.000	12.000	2083.984	0.350
3940.000	12.000	2083.984	0.350
3950.000	12.000	2089.844	0.340
3960.000	12.000	2089.844	0.340
3970.000	12.000	2089.844	0.340
3980.000	12.000	2111.328	0.319
3990.000	12.000	2111.328	0.319
4000.000	12.000	2111.328	0.319
4010.000	12.000	2101.562	0.345
4020.000	12.000	2101.562	0.345
4030.000	12.000	2101.562	0.345
4040.000	12.000	2162.109	0.324
4050.000	12.000	2162.109	0.324
4060.000	12.000	2162.109	0.324
4070.000	12.000	2158.203	0.336
4080.000	12.000	2158.203	0.336
4090.000	12.000	2158.203	0.336
4100.000	12.000	2187.500	0.349
4110.000	12.000	2187.500	0.349
4120.000	12.000	2187.500	0.349
4130.000	12.000	2177.734	0.322
4140.000	12.000	2177.734	0.322
4150.000	12.000	2177.734	0.322
4160.000	12.000	2236.328	0.340
4170.000	12.000	2236.328	0.340
4180.000	12.000	2236.328	0.340
4190.000	12.000	2281.250	0.327
4200.000	12.000	2281.250	0.327
4210.000	12.000	2281.250	0.327
4220.000	12.000	2279.297	0.336
4230.000	12.000	2279.297	0.336
4240.000	12.000	2279.297	0.336
4250.000	12.000	2294.922	0.324
4260.000	12.000	2294.922	0.324
4270.000	12.000	2294.922	0.324
4280.000	12.000	2275.391	0.337
4290.000	12.000	2275.391	0.337
4300.000	12.000	2275.391	0.337
4310.000	12.000	2333.984	0.345
4320.000	12.000	2333.984	0.345
4330.000	12.000	2333.984	0.345
4340.000	12.000	2312.500	0.348
4350.000	12.000	2312.500	0.348
4360.000	12.000	2312.500	0.348
4370.000	12.000	2349.609	0.318
4380.000	12.000	2349.609	0.318
4390.000	12.000	2349.609	0.318
4400.000	12.000	2345.703	0.354
4410.000	12.000	2345.703	0.354
4420.000	12.000	2345.703	0.354
4430.000	12.000	2404.297	0.335
4440.000	12.000	2404.297	0.335
4450.000	12.000	2404.297	0.335
4460.000	12.000	2441.406	0.346
4470.000	12.000	2441.406	0.346
4480.000	12.000	2441.406	0.346
4490.000	12.000	2421.875	0.313
4500.000	12.000	2421.875	0.313
4510.000	12.000	2421.875	0.313
4520.000	12.000	2466.797	0.340
4530.000	12.000	2466.797	0.340
4540.000	12.000	2466.797	0.340
4550.000	12.000	2468.750	0.356
4560.000	12.000	2468.750	0.356
4570.000	12.000	2468.750	0.356
4580.000	12.000	2503.906	0.329
4590.000	12.000	2503.906	0.329
4600.000	12.000	2503.906	0.329
4610.000	12.000	2501.953	0.321
4620.000	12.000	2501.953	0.321
4630.000	12.000	2501.953	0.321
4640.000	12.000	2523.437	0.343
4650.000	12.000	2523.437	0.343
4660.000	12.000	2523.437	0.343
4670.000	12.000	2546.875	0.321
4680.000	12.000	2546.875	0.321
4690.000	12.000	2546.875	0.321
4700.000	12.000	2562.500	0.346
4710.000	12.000	2562.500	0.346
4720.000	12.000	2562.500	0.346
4730.000	12.000	2572.266	0.354
4740.000	12.000	2572.266	0.354
4750.000	12.000	2572.266	0.354
4760.000	12.000	2576.172	0.344
4770.000	12.000	2576.172	0.344
4780.000	12.000	2576.172	0.344
4790.000	12.000	2605.469	0.326
4800.000	12.000	2605.469	0.326
4810.000	12.000	2605.469	0.326
4820.000	12.000	2621.094	0.329
4830.000	12.000	2621.094	0.329
4840.000	12.000	2621.094	0.329
4850.000	12.000	2626.953	0.350
4860.000	12.000	2626.953	0.350
4870.000	12.000	2626.953	0.350
4880.000	12.000	2681.641	0.316
4890.000	12.000	2681.641	0.316
4900.000	12.000	2681.641	0.316
4910.000	12.000	2679.687	0.341
4920.000	12.000	2679.687	0.341
4930.000	12.000	2679.687	0.341
4940.000	12.000	2693.359	0.343
4950.000	12.000	2693.359	0.343
4960.000	12.000	2693.359	0.343
4970.000	12.000	2734.375	0.342
4980.000	12.000	2734.375	0.342
4990.000	12.000	2734.375	0.342
5000.000	12.000	2740.234	0.354
5010.000	12.000	2740.234	0.354
5020.000	12.000	2740.234	0.354
5030.000	12.000	2728.516	0.325
5040.000	12.000	2728.516	0.325
5050.000	12.000	2728.516	0.325
5060.000	12.000	2767.578	0.318
5070.000	12.000	2767.578	0.318
5080.000	12.000	2767.578	0.318
5090.000	12.000	2775.391	0.328
5100.000	12.000	2775.391	0.328
5110.000	12.000	2775.391	0.328
5120.000	12.000	2830.078	0.340
5130.000	12.000	2830.078	0.340
5140.000	12.000	2830.078	0.340
5150.000	12.000	2822.266	0.335
5160.000	12.000	2822.266	0.335
5170.000	12.000	2822.266	0.335
5180.000	12.000	2873.047	0.334
5190.000	12.000	2873.047	0.334
5200.000	12.000	2873.047	0.334
5210.000	12.000	2902.344	0.331
5220.000	12.000	2902.344	0.331
5230.000	12.000	2902.344	0.331
5240.000	12.000	2896.484	0.347
5250.000	12.000	2896.484	0.347
5260.000	12.000	2896.484	0.347
5270.000	12.000	2892.578	0.344
5280.000	12.000	2892.578	0.344
5290.000	12.000	2892.578	0.344
5300.000	12.000	2943.359	0.344
5310.000	12.000	2943.359	0.344
5320.000	12.000	2943.359	0.344
5330.000	12.000	2933.594	0.339
5340.000	12.000	2933.594	0.339
5350.000	12.000	2933.594	0.339
5360.000	12.000	2955.078	0.324
5370.000	12.000	2955.078	0.324
5380.000	12.000	2955.078	0.324
5390.000	12.000	2972.656	0.327
5400.000	12.000	2972.656	0.327
5410.000	12.000	2972.656	0.327
5420.000	12.000	3001.953	0.304
5430.000	12.000	3001.953	0.304
5440.000	12.000	3001.953	0.304
5450.000	12.000	3023.437	0.314
5460.000	12.000	3023.437	0.314
5470.000	12.000	3023.437	0.314
5480.000	12.000	3033.203	0.331
5490.000	12.000	3033.203	0.331
5500.000	12.000	3033.203	0.331
5510.000	12.000	3050.781	0.337
5520.000	12.000	3050.781	0.337
5530.000	12.000	3050.781	0.337
5540.000	12.000	3052.734	0.318
5550.000	12.000	3052.734	0.318
5560.000	12.000	3052.734	0.318
5570.000	12.000	3064.453	0.331
5580.000	12.000	3064.453	0.331
5590.000	12.000	3064.453	0.331
5600.000	12.000	3068.359	0.351
5610.000	12.000	3068.359	0.351
5620.000	12.000	3068.359	0.351
5630.000	12.000	3109.375	0.323
5640.000	12.000	3109.375	0.323
5650.000	12.000	3109.375	0.323
5660.000	12.000	3095.703	0.319
5670.000	12.000	3095.703	0.319
5680.000	12.000	3095.703	0.319
5690.000	12.000	3156.250	0.312
5700.000	12.000	3156.250	0.312
5710.000	12.000	3156.250	0.312
5720.000	12.000	3166.016	0.333
5730.000	12.000	3166.016	0.333
5740.000	12.000	3166.016	0.333
5750.000	12.000	3179.687	0.309
5760.000	12.000	3179.687	0.309
5770.000	12.000	3179.687	0.309
5780.000	12.000	3177.734	0.321
5790.000	12.000	3177.734	0.321
5800.000	12.000	3177.734	0.321
5810.000	12.000	3205.078	0.303
5820.000	12.000	3205.078	0.303
5830.000	12.000	3205.078	0.303
5840.000	12.000	3248.047	0.312
5850.000	12.000	3248.047	0.312
5860.000	12.000	3248.047	0.312
5870.000	12.000	3212.891	0.350
5880.000	12.000	3212.891	0.350
5890.000	12.000	3212.891	0.350
5900.000	12.000	3259.766	0.319
5910.000	12.000	3259.766	0.319
5920.000	12.000	3259.766	0.319
5930.000	12.000	3296.875	0.340
5940.000	12.000	3296.875	0.340
5950.000	12.000	3296.875	0.340
5960.000	12.000	3291.016	0.314
5970.000	12.000	3291.016	0.314
5980.000	12.000	3291.016	0.314
5990.000	12.000	3302.734	0.334
6000.000	12.000	3302.734	0.334
6010.000	12.000	3302.734	0.334
6020.000	12.000	3343.750	0.334
6030.000	12.000	3343.750	0.334
6040.000	12.000	3343.750	0.334
6050.000	12.000	3355.469	0.308
6060.000	12.000	3355.469	0.308
6070.000	12.000	3355.469	0.308
6080.000	12.000	3357.422	0.328
6090.000	12.000	3357.422	0.328
6100.000	12.000	3357.422	0.328
6110.000	12.000	3339.844	0.126
6120.000	12.000	3339.844	0.126
6130.000	12.000	3339.844	0.126
6140.000	12.000	3357.422	0.021
6150.000	12.000	3357.422	0.021
6160.000	12.000	3357.422	0.021
6170.000	12.000	3375.000	-0.004
6180.000	12.000	3375.000	-0.004
6190.000	12.000	3375.000	-0.004
6200.000	12.000	3349.609	-0.009
6210.000	12.000	3349.609	-0.009
6220.000	12.000	3349.609	-0.009
6230.000	12.000	3273.437	-0.014
6240.000	12.000	3273.437	-0.014
6250.000	12.000	3273.437	-0.014
6260.000	12.000	3294.922	-0.008
6270.000	12.000	3294.922	-0.008
6280.000	12.000	3294.922	-0.008
6290.000	12.000	3308.594	-0.012
6300.000	12.000	3308.594	-0.012
6310.000	12.000	3308.594	-0.012
6320.000	12.000	3251.953	-0.018
6330.000	12.000	3251.953	-0.018
6340.000	12.000	3251.953	-0.018
6350.000	12.000	3257.812	-0.036
6360.000	12.000	3257.812	-0.036
6370.000	12.000	3257.812	-0.036
6380.000	12.000	3246.094	-0.031
6390.000	12.000	3246.094	-0.031
6400.000	12.000	3246.094	-0.031
6410.000	12.000	3201.172	-0.008
6420.000	12.000	3201.172	-0.008
6430.000	12.000	3201.172	-0.008
6440.000	12.000	3222.656	-0.014
6450.000	12.000	3222.656	-0.014
6460.000	12.000	3222.656	-0.014
6470.000	12.000	3193.359	-0.006
6480.000	12.000	3193.359	-0.006
6490.000	12.000	3193.359	-0.006
6500.000	12.000	3183.594	-0.034
6510.000	12.000	3183.594	-0.034
6520.000	12.000	3183.594	-0.034
6530.000	12.000	3167.969	-0.005
6540.000	12.000	3167.969	-0.005
6550.000	12.000	3167.969	-0.005
6560.000	12.000	3152.344	-0.030
6570.000	12.000	3152.344	-0.030
6580.000	12.000	3152.344	-0.030
6590.000	12.000	3125.000	-0.026
6600.000	12.000	3125.000	-0.026
6610.000	12.000	3125.000	-0.026
6620.000	12.000	3138.672	-0.013
6630.000	12.000	3138.672	-0.013
6640.000	12.000	3138.672	-0.013
6650.000	12.000	3128.906	-0.030
6660.000	12.000	3128.906	-0.030
6670.000	12.000	3128.906	-0.030
6680.000	12.000	3109.375	-0.007
6690.000	12.000	3109.375	-0.007
6700.000	12.000	3109.375	-0.007
6710.000	12.000	3042.969	-0.017
6720.000	12.000	3042.969	-0.017
6730.000	12.000	3042.969	-0.017
6740.000	12.000	3064.453	-0.029
6750.000	12.000	3064.453	-0.029
6760.000	12.000	3064.453	-0.029
6770.000	12.000	3044.922	-0.030
6780.000	12.000	3044.922	-0.030
6790.000	12.000	3044.922	-0.030
6800.000	12.000	3027.344	-0.004
6810.000	12.000	3027.344	-0.004
6820.000	12.000	3027.344	-0.004
6830.000	12.000	3023.437	-0.045
6840.000	12.000	3023.437	-0.045
6850.000	12.000	3023.437	-0.045
6860.000	12.000	2986.328	-0.025
6870.000	12.000	2986.328	-0.025
6880.000	12.000	2986.328	-0.025
6890.000	12.000	2982.422	-0.018
6900.000	12.000	2982.422	-0.018
6910.000	12.000	2982.422	-0.018
6920.000	12.000	2933.594	-0.011
6930.000	12.000	2933.594	-0.011
6940.000	12.000	2933.594	-0.011
6950.000	12.000	2955.078	-0.013
6960.000	12.000	2955.078	-0.013
6970.000	12.000	2955.078	-0.013
6980.000	12.000	2966.797	-0.025
6990.000	12.000	2966.797	-0.025
7000.000	12.000	2966.797	-0.025
7010.000	12.000	2919.922	-0.010
7020.000	12.000	2919.922	-0.010
