%ArduinoTime [ms]	Reference Position [rad]	Measured Position [rad]	Actual Current [A]	Proportional Gain [Kp]	Derivative Gain [Kd]	Integral Gain [Ki]	%3/10/20232:08 PM
0.000	0.000	0.000	0.000	0.000	0.000	0.000
1857715.000	0.000	-0.880	0.000	109.000	38.000	0.000
1857745.000	0.000	-0.880	0.000	109.000	38.000	0.000
1857745.000	0.000	-0.880	0.000	109.000	38.000	0.000
1857745.000	0.000	-0.880	0.000	109.000	38.000	0.000
1857775.000	0.000	-0.880	0.000	109.000	38.000	0.000
1857775.000	0.000	-0.880	0.000	109.000	38.000	0.000
1857775.000	0.000	-0.880	0.000	109.000	38.000	0.000
1857805.000	0.000	-0.880	0.000	109.000	38.000	0.000
1857805.000	0.000	-0.880	0.000	109.000	38.000	0.000
1857805.000	0.000	-0.880	0.000	109.000	38.000	0.000
1857835.000	0.000	-0.880	0.000	109.000	38.000	0.000
1857835.000	0.000	-0.880	0.000	109.000	38.000	0.000
1857835.000	0.000	-0.880	0.000	109.000	38.000	0.000
1857865.000	0.000	-0.870	0.000	109.000	38.000	0.000
1857865.000	0.000	-0.870	0.000	109.000	38.000	0.000
1857865.000	0.000	-0.870	0.000	109.000	38.000	0.000
1857895.000	0.000	-0.870	0.000	109.000	38.000	0.000
1857895.000	0.000	-0.870	0.000	109.000	38.000	0.000
1857895.000	0.000	-0.870	0.000	109.000	38.000	0.000
1857925.000	0.000	-0.870	0.000	109.000	38.000	0.000
1857925.000	0.000	-0.870	0.000	109.000	38.000	0.000
1857925.000	0.000	-0.870	0.000	109.000	38.000	0.000
1857955.000	0.000	-0.870	0.000	109.000	38.000	0.000
1857955.000	0.000	-0.870	0.000	109.000	38.000	0.000
1857955.000	0.000	-0.870	0.000	109.000	38.000	0.000
1857985.000	0.000	-0.870	0.000	109.000	38.000	0.000
1857985.000	0.000	-0.870	0.000	109.000	38.000	0.000
1857985.000	0.000	-0.870	0.000	109.000	38.000	0.000
1858015.000	0.000	-0.870	0.000	109.000	38.000	0.000
1858015.000	0.000	-0.870	0.000	109.000	38.000	0.000
1858015.000	0.000	-0.870	0.000	109.000	38.000	0.000
1858045.000	0.000	-0.870	0.000	109.000	38.000	0.000
1858045.000	0.000	-0.870	0.000	109.000	38.000	0.000
1858045.000	0.000	-0.870	0.000	109.000	38.000	0.000
1858075.000	0.000	-0.870	0.000	109.000	38.000	0.000
1858075.000	0.000	-0.870	0.000	109.000	38.000	0.000
1858075.000	0.000	-0.870	0.000	109.000	38.000	0.000
1858110.000	0.000	-0.870	0.000	109.000	38.000	0.000
1858110.000	0.000	-0.870	0.000	109.000	38.000	0.000
1858110.000	0.000	-0.870	0.000	109.000	38.000	0.000
1858135.000	0.000	-0.870	0.000	109.000	38.000	0.000
1858135.000	0.000	-0.870	0.000	109.000	38.000	0.000
1858135.000	0.000	-0.870	0.000	109.000	38.000	0.000
1858165.000	0.000	-0.870	0.000	109.000	38.000	0.000
1858165.000	0.000	-0.870	0.000	109.000	38.000	0.000
1858165.000	0.000	-0.870	0.000	109.000	38.000	0.000
1858195.000	0.000	-0.870	0.000	109.000	38.000	0.000
1858195.000	0.000	-0.870	0.000	109.000	38.000	0.000
1858195.000	0.000	-0.870	0.000	109.000	38.000	0.000
1858225.000	0.000	-0.870	0.000	109.000	38.000	0.000
1858225.000	0.000	-0.870	0.000	109.000	38.000	0.000
1858225.000	0.000	-0.870	0.000	109.000	38.000	0.000
1858255.000	0.000	-0.870	0.000	109.000	38.000	0.000
1858255.000	0.000	-0.870	0.000	109.000	38.000	0.000
1858255.000	0.000	-0.870	0.000	109.000	38.000	0.000
1858285.000	0.000	-0.870	0.000	109.000	38.000	0.000
1858285.000	0.000	-0.870	0.000	109.000	38.000	0.000
1858285.000	0.000	-0.870	0.000	109.000	38.000	0.000
1858315.000	0.000	-0.870	0.000	109.000	38.000	0.000
1858315.000	0.000	-0.870	0.000	109.000	38.000	0.000
1858315.000	0.000	-0.870	0.000	109.000	38.000	0.000
1858345.000	0.000	-0.870	0.000	109.000	38.000	0.000
1858345.000	0.000	-0.870	0.000	109.000	38.000	0.000
1858345.000	0.000	-0.870	0.000	109.000	38.000	0.000
1858375.000	0.000	-0.880	0.000	109.000	38.000	0.000
1858375.000	0.000	-0.880	0.000	109.000	38.000	0.000
1858375.000	0.000	-0.880	0.000	109.000	38.000	0.000
1858410.000	0.000	-0.880	0.000	109.000	38.000	0.000
1858410.000	0.000	-0.880	0.000	109.000	38.000	0.000
1858410.000	0.000	-0.880	0.000	109.000	38.000	0.000
1858435.000	0.000	-0.880	0.000	109.000	38.000	0.000
1858435.000	0.000	-0.880	0.000	109.000	38.000	0.000
1858435.000	0.000	-0.880	0.000	109.000	38.000	0.000
1858465.000	0.000	-0.880	0.000	109.000	38.000	0.000
1858465.000	0.000	-0.880	0.000	109.000	38.000	0.000
1858465.000	0.000	-0.880	0.000	109.000	38.000	0.000
1858495.000	0.000	-0.880	0.000	109.000	38.000	0.000
1858495.000	0.000	-0.880	0.000	109.000	38.000	0.000
1858495.000	0.000	-0.880	0.000	109.000	38.000	0.000
1858525.000	0.000	-0.880	0.000	109.000	38.000	0.000
1858525.000	0.000	-0.880	0.000	109.000	38.000	0.000
1858525.000	0.000	-0.880	0.000	109.000	38.000	0.000
1858555.000	0.000	-0.880	0.000	109.000	38.000	0.000
1858555.000	0.000	-0.880	0.000	109.000	38.000	0.000
1858555.000	0.000	-0.880	0.000	109.000	38.000	0.000
1858585.000	0.000	-0.880	0.000	109.000	38.000	0.000
1858585.000	0.000	-0.880	0.000	109.000	38.000	0.000
1858585.000	0.000	-0.880	0.000	109.000	38.000	0.000
1858615.000	0.000	-0.880	0.000	109.000	38.000	0.000
1858615.000	0.000	-0.880	0.000	109.000	38.000	0.000
1858615.000	0.000	-0.880	0.000	109.000	38.000	0.000
1858645.000	0.000	-0.880	0.000	109.000	38.000	0.000
1858645.000	0.000	-0.880	0.000	109.000	38.000	0.000
1858645.000	0.000	-0.880	0.000	109.000	38.000	0.000
1858675.000	0.000	-0.880	0.000	109.000	38.000	0.000
1858675.000	0.000	-0.880	0.000	109.000	38.000	0.000
1858675.000	0.000	-0.880	0.000	109.000	38.000	0.000
1858705.000	0.000	-0.880	0.000	109.000	38.000	0.000
1858705.000	0.000	-0.880	0.000	109.000	38.000	0.000
1858705.000	0.000	-0.880	0.000	109.000	38.000	0.000
1858735.000	0.000	-0.880	0.000	109.000	38.000	0.000
1858735.000	0.000	-0.880	0.000	109.000	38.000	0.000
1858735.000	0.000	-0.880	0.000	109.000	38.000	0.000
1858765.000	0.000	-0.880	0.000	109.000	38.000	0.000
1858765.000	0.000	-0.880	0.000	109.000	38.000	0.000
1858765.000	0.000	-0.880	0.000	109.000	38.000	0.000
1858795.000	0.000	-0.880	0.000	109.000	38.000	0.000
1858795.000	0.000	-0.880	0.000	109.000	38.000	0.000
1858795.000	0.000	-0.880	0.000	109.000	38.000	0.000
1858825.000	0.000	-0.880	0.000	109.000	38.000	0.000
1858825.000	0.000	-0.880	0.000	109.000	38.000	0.000
1858825.000	0.000	-0.880	0.000	109.000	38.000	0.000
1858855.000	0.000	-0.880	0.000	109.000	38.000	0.000
1858855.000	0.000	-0.880	0.000	109.000	38.000	0.000
1858855.000	0.000	-0.880	0.000	109.000	38.000	0.000
1858885.000	0.000	-0.880	0.000	109.000	38.000	0.000
1858885.000	0.000	-0.880	0.000	109.000	38.000	0.000
1858885.000	0.000	-0.880	0.000	109.000	38.000	0.000
1858915.000	0.500	-0.870	1.594	109.000	38.000	0.000
1858915.000	0.500	-0.870	1.594	109.000	38.000	0.000
1858915.000	0.500	-0.870	1.594	109.000	38.000	0.000
1858945.000	0.500	-0.860	1.594	109.000	38.000	0.000
1858945.000	0.500	-0.860	1.594	109.000	38.000	0.000
1858945.000	0.500	-0.860	1.594	109.000	38.000	0.000
1858975.000	0.500	-0.850	1.594	109.000	38.000	0.000
1858975.000	0.500	-0.850	1.594	109.000	38.000	0.000
1858975.000	0.500	-0.850	1.594	109.000	38.000	0.000
1859005.000	0.500	-0.820	1.594	109.000	38.000	0.000
1859005.000	0.500	-0.820	1.594	109.000	38.000	0.000
1859005.000	0.500	-0.820	1.594	109.000	38.000	0.000
1859035.000	0.500	-0.780	1.594	109.000	38.000	0.000
1859035.000	0.500	-0.780	1.594	109.000	38.000	0.000
1859035.000	0.500	-0.780	1.594	109.000	38.000	0.000
1859065.000	0.500	-0.730	1.594	109.000	38.000	0.000
1859065.000	0.500	-0.730	1.594	109.000	38.000	0.000
1859065.000	0.500	-0.730	1.594	109.000	38.000	0.000
1859095.000	0.500	-0.670	1.203	109.000	38.000	0.000
1859095.000	0.500	-0.670	1.203	109.000	38.000	0.000
1859095.000	0.500	-0.670	1.203	109.000	38.000	0.000
1859125.000	0.500	-0.610	0.828	109.000	38.000	0.000
1859125.000	0.500	-0.610	0.828	109.000	38.000	0.000
1859125.000	0.500	-0.610	0.828	109.000	38.000	0.000
1859155.000	0.500	-0.540	0.484	109.000	38.000	0.000
1859155.000	0.500	-0.540	0.484	109.000	38.000	0.000
1859155.000	0.500	-0.540	0.484	109.000	38.000	0.000
1859185.000	0.500	-0.460	0.219	109.000	38.000	0.000
1859185.000	0.500	-0.460	0.219	109.000	38.000	0.000
1859185.000	0.500	-0.460	0.219	109.000	38.000	0.000
1859215.000	0.500	-0.390	0.000	109.000	38.000	0.000
1859215.000	0.500	-0.390	0.000	109.000	38.000	0.000
1859215.000	0.500	-0.390	0.000	109.000	38.000	0.000
1859245.000	0.500	-0.310	-0.172	109.000	38.000	0.000
1859245.000	0.500	-0.310	-0.172	109.000	38.000	0.000
1859245.000	0.500	-0.310	-0.172	109.000	38.000	0.000
1859275.000	0.500	-0.240	-0.312	109.000	38.000	0.000
1859275.000	0.500	-0.240	-0.312	109.000	38.000	0.000
1859275.000	0.500	-0.240	-0.312	109.000	38.000	0.000
1859305.000	0.500	-0.170	-0.406	109.000	38.000	0.000
1859305.000	0.500	-0.170	-0.406	109.000	38.000	0.000
1859305.000	0.500	-0.170	-0.406	109.000	38.000	0.000
1859335.000	0.500	-0.100	-0.484	109.000	38.000	0.000
1859335.000	0.500	-0.100	-0.484	109.000	38.000	0.000
1859335.000	0.500	-0.100	-0.484	109.000	38.000	0.000
1859365.000	0.500	-0.030	-0.531	109.000	38.000	0.000
1859365.000	0.500	-0.030	-0.531	109.000	38.000	0.000
1859365.000	0.500	-0.030	-0.531	109.000	38.000	0.000
1859395.000	0.500	0.030	-0.578	109.000	38.000	0.000
1859395.000	0.500	0.030	-0.578	109.000	38.000	0.000
1859395.000	0.500	0.030	-0.578	109.000	38.000	0.000
1859425.000	0.500	0.080	-0.578	109.000	38.000	0.000
1859425.000	0.500	0.080	-0.578	109.000	38.000	0.000
1859425.000	0.500	0.080	-0.578	109.000	38.000	0.000
1859455.000	0.500	0.140	-0.578	109.000	38.000	0.000
1859455.000	0.500	0.140	-0.578	109.000	38.000	0.000
1859455.000	0.500	0.140	-0.578	109.000	38.000	0.000
1859485.000	0.500	0.180	-0.547	109.000	38.000	0.000
1859485.000	0.500	0.180	-0.547	109.000	38.000	0.000
1859485.000	0.500	0.180	-0.547	109.000	38.000	0.000
1859515.000	0.500	0.220	-0.516	109.000	38.000	0.000
1859515.000	0.500	0.220	-0.516	109.000	38.000	0.000
1859515.000	0.500	0.220	-0.516	109.000	38.000	0.000
1859545.000	0.500	0.260	-0.484	109.000	38.000	0.000
1859545.000	0.500	0.260	-0.484	109.000	38.000	0.000
1859545.000	0.500	0.260	-0.484	109.000	38.000	0.000
1859575.000	0.500	0.300	-0.453	109.000	38.000	0.000
1859575.000	0.500	0.300	-0.453	109.000	38.000	0.000
1859575.000	0.500	0.300	-0.453	109.000	38.000	0.000
1859605.000	0.500	0.330	-0.406	109.000	38.000	0.000
1859605.000	0.500	0.330	-0.406	109.000	38.000	0.000
1859605.000	0.500	0.330	-0.406	109.000	38.000	0.000
1859635.000	0.500	0.350	-0.375	109.000	38.000	0.000
1859635.000	0.500	0.350	-0.375	109.000	38.000	0.000
1859635.000	0.500	0.350	-0.375	109.000	38.000	0.000
1859665.000	0.500	0.370	-0.344	109.000	38.000	0.000
1859665.000	0.500	0.370	-0.344	109.000	38.000	0.000
1859665.000	0.500	0.370	-0.344	109.000	38.000	0.000
1859695.000	0.500	0.390	-0.297	109.000	38.000	0.000
1859695.000	0.500	0.390	-0.297	109.000	38.000	0.000
1859695.000	0.500	0.390	-0.297	109.000	38.000	0.000
1859725.000	0.500	0.410	-0.266	109.000	38.000	0.000
1859725.000	0.500	0.410	-0.266	109.000	38.000	0.000
1859725.000	0.500	0.410	-0.266	109.000	38.000	0.000
1859755.000	0.500	0.420	-0.219	109.000	38.000	0.000
1859755.000	0.500	0.420	-0.219	109.000	38.000	0.000
1859755.000	0.500	0.420	-0.219	109.000	38.000	0.000
1859785.000	0.500	0.440	-0.187	109.000	38.000	0.000
1859785.000	0.500	0.440	-0.187	109.000	38.000	0.000
1859785.000	0.500	0.440	-0.187	109.000	38.000	0.000
1859815.000	0.500	0.450	-0.156	109.000	38.000	0.000
1859815.000	0.500	0.450	-0.156	109.000	38.000	0.000
1859815.000	0.500	0.450	-0.156	109.000	38.000	0.000
1859845.000	0.500	0.450	-0.109	109.000	38.000	0.000
1859845.000	0.500	0.450	-0.109	109.000	38.000	0.000
1859845.000	0.500	0.450	-0.109	109.000	38.000	0.000
1859875.000	0.500	0.460	-0.078	109.000	38.000	0.000
1859875.000	0.500	0.460	-0.078	109.000	38.000	0.000
1859875.000	0.500	0.460	-0.078	109.000	38.000	0.000
1859905.000	0.500	0.470	-0.047	109.000	38.000	0.000
1859905.000	0.500	0.470	-0.047	109.000	38.000	0.000
1859905.000	0.500	0.470	-0.047	109.000	38.000	0.000
1859935.000	0.500	0.470	-0.016	109.000	38.000	0.000
1859935.000	0.500	0.470	-0.016	109.000	38.000	0.000
1859935.000	0.500	0.470	-0.016	109.000	38.000	0.000
1859965.000	0.500	0.470	0.016	109.000	38.000	0.000
1859965.000	0.500	0.470	0.016	109.000	38.000	0.000
1859965.000	0.500	0.470	0.016	109.000	38.000	0.000
1859995.000	0.500	0.470	0.031	109.000	38.000	0.000
1859995.000	0.500	0.470	0.031	109.000	38.000	0.000
1859995.000	0.500	0.470	0.031	109.000	38.000	0.000
1860025.000	0.500	0.470	0.047	109.000	38.000	0.000
1860025.000	0.500	0.470	0.047	109.000	38.000	0.000
1860025.000	0.500	0.470	0.047	109.000	38.000	0.000
1860055.000	0.500	0.470	0.078	109.000	38.000	0.000
1860055.000	0.500	0.470	0.078	109.000	38.000	0.000
1860055.000	0.500	0.470	0.078	109.000	38.000	0.000
1860085.000	0.500	0.470	0.078	109.000	38.000	0.000
1860085.000	0.500	0.470	0.078	109.000	38.000	0.000
1860085.000	0.500	0.470	0.078	109.000	38.000	0.000
1860115.000	0.500	0.470	0.094	109.000	38.000	0.000
1860115.000	0.500	0.470	0.094	109.000	38.000	0.000
1860115.000	0.500	0.470	0.094	109.000	38.000	0.000
1860145.000	0.500	0.470	0.094	109.000	38.000	0.000
1860145.000	0.500	0.470	0.094	109.000	38.000	0.000
1860145.000	0.500	0.470	0.094	109.000	38.000	0.000
1860175.000	0.500	0.470	0.094	109.000	38.000	0.000
1860175.000	0.500	0.470	0.094	109.000	38.000	0.000
1860175.000	0.500	0.470	0.094	109.000	38.000	0.000
1860205.000	0.500	0.470	0.109	109.000	38.000	0.000
1860205.000	0.500	0.470	0.109	109.000	38.000	0.000
1860205.000	0.500	0.470	0.109	109.000	38.000	0.000
1860235.000	0.500	0.460	0.109	109.000	38.000	0.000
1860235.000	0.500	0.460	0.109	109.000	38.000	0.000
1860235.000	0.500	0.460	0.109	109.000	38.000	0.000
1860265.000	0.500	0.460	0.109	109.000	38.000	0.000
1860265.000	0.500	0.460	0.109	109.000	38.000	0.000
1860265.000	0.500	0.460	0.109	109.000	38.000	0.000
1860295.000	0.500	0.460	0.094	109.000	38.000	0.000
1860295.000	0.500	0.460	0.094	109.000	38.000	0.000
1860295.000	0.500	0.460	0.094	109.000	38.000	0.000
1860325.000	0.500	0.460	0.094	109.000	38.000	0.000
1860325.000	0.500	0.460	0.094	109.000	38.000	0.000
1860325.000	0.500	0.460	0.094	109.000	38.000	0.000
1860355.000	0.500	0.460	0.094	109.000	38.000	0.000
1860355.000	0.500	0.460	0.094	109.000	38.000	0.000
1860355.000	0.500	0.460	0.094	109.000	38.000	0.000
1860385.000	0.500	0.460	0.094	109.000	38.000	0.000
1860385.000	0.500	0.460	0.094	109.000	38.000	0.000
1860385.000	0.500	0.460	0.094	109.000	38.000	0.000
1860415.000	0.500	0.460	0.094	109.000	38.000	0.000
1860415.000	0.500	0.460	0.094	109.000	38.000	0.000
1860415.000	0.500	0.460	0.094	109.000	38.000	0.000
1860445.000	0.500	0.460	0.094	109.000	38.000	0.000
1860445.000	0.500	0.460	0.094	109.000	38.000	0.000
1860445.000	0.500	0.460	0.094	109.000	38.000	0.000
1860475.000	0.500	0.460	0.094	109.000	38.000	0.000
1860475.000	0.500	0.460	0.094	109.000	38.000	0.000
1860475.000	0.500	0.460	0.094	109.000	38.000	0.000
1860505.000	0.500	0.460	0.094	109.000	38.000	0.000
1860505.000	0.500	0.460	0.094	109.000	38.000	0.000
1860505.000	0.500	0.460	0.094	109.000	38.000	0.000
1860535.000	0.500	0.460	0.078	109.000	38.000	0.000
1860535.000	0.500	0.460	0.078	109.000	38.000	0.000
1860535.000	0.500	0.460	0.078	109.000	38.000	0.000
1860565.000	0.500	0.460	0.078	109.000	38.000	0.000
1860565.000	0.500	0.460	0.078	109.000	38.000	0.000
1860565.000	0.500	0.460	0.078	109.000	38.000	0.000
1860595.000	0.500	0.460	0.078	109.000	38.000	0.000
1860595.000	0.500	0.460	0.078	109.000	38.000	0.000
1860595.000	0.500	0.460	0.078	109.000	38.000	0.000
1860625.000	0.500	0.460	0.078	109.000	38.000	0.000
1860625.000	0.500	0.460	0.078	109.000	38.000	0.000
1860625.000	0.500	0.460	0.078	109.000	38.000	0.000
1860655.000	0.500	0.460	0.094	109.000	38.000	0.000
1860655.000	0.500	0.460	0.094	109.000	38.000	0.000
1860655.000	0.500	0.460	0.094	109.000	38.000	0.000
1860685.000	0.500	0.460	0.078	109.000	38.000	0.000
1860685.000	0.500	0.460	0.078	109.000	38.000	0.000
1860685.000	0.500	0.460	0.078	109.000	38.000	0.000
1860715.000	0.500	0.460	0.078	109.000	38.000	0.000
1860715.000	0.500	0.460	0.078	109.000	38.000	0.000
1860715.000	0.500	0.460	0.078	109.000	38.000	0.000
1860745.000	0.500	0.460	0.078	109.000	38.000	0.000
1860745.000	0.500	0.460	0.078	109.000	38.000	0.000
1860745.000	0.500	0.460	0.078	109.000	38.000	0.000
1860775.000	0.500	0.460	0.078	109.000	38.000	0.000
1860775.000	0.500	0.460	0.078	109.000	38.000	0.000
1860775.000	0.500	0.460	0.078	109.000	38.000	0.000
1860805.000	0.500	0.460	0.078	109.000	38.000	0.000
1860805.000	0.500	0.460	0.078	109.000	38.000	0.000
1860805.000	0.500	0.460	0.078	109.000	38.000	0.000
1860835.000	0.500	0.460	0.094	109.000	38.000	0.000
1860835.000	0.500	0.460	0.094	109.000	38.000	0.000
1860835.000	0.500	0.460	0.094	109.000	38.000	0.000
1860865.000	0.500	0.460	0.078	109.000	38.000	0.000
1860865.000	0.500	0.460	0.078	109.000	38.000	0.000
1860865.000	0.500	0.460	0.078	109.000	38.000	0.000
1860895.000	0.500	0.460	0.078	109.000	38.000	0.000
1860895.000	0.500	0.460	0.078	109.000	38.000	0.000
1860895.000	0.500	0.460	0.078	109.000	38.000	0.000
1860925.000	0.500	0.460	0.078	109.000	38.000	0.000
1860925.000	0.500	0.460	0.078	109.000	38.000	0.000
1860925.000	0.500	0.460	0.078	109.000	38.000	0.000
1860955.000	0.500	0.460	0.094	109.000	38.000	0.000
1860955.000	0.500	0.460	0.094	109.000	38.000	0.000
1860955.000	0.500	0.460	0.094	109.000	38.000	0.000
1860985.000	0.500	0.460	0.078	109.000	38.000	0.000
1860985.000	0.500	0.460	0.078	109.000	38.000	0.000
1860985.000	0.500	0.460	0.078	109.000	38.000	0.000
1861015.000	0.500	0.460	0.094	109.000	38.000	0.000
1861015.000	0.500	0.460	0.094	109.000	38.000	0.000
1861015.000	0.500	0.460	0.094	109.000	38.000	0.000
1861045.000	0.500	0.460	0.094	109.000	38.000	0.000
1861045.000	0.500	0.460	0.094	109.000	38.000	0.000
1861045.000	0.500	0.460	0.094	109.000	38.000	0.000
1861075.000	0.500	0.460	0.078	109.000	38.000	0.000
1861075.000	0.500	0.460	0.078	109.000	38.000	0.000
1861075.000	0.500	0.460	0.078	109.000	38.000	0.000
1861105.000	0.500	0.460	0.078	109.000	38.000	0.000
1861105.000	0.500	0.460	0.078	109.000	38.000	0.000
1861105.000	0.500	0.460	0.078	109.000	38.000	0.000
1861135.000	0.500	0.460	0.094	109.000	38.000	0.000
1861135.000	0.500	0.460	0.094	109.000	38.000	0.000
1861135.000	0.500	0.460	0.094	109.000	38.000	0.000
1861165.000	0.500	0.460	0.078	109.000	38.000	0.000
1861165.000	0.500	0.460	0.078	109.000	38.000	0.000
1861165.000	0.500	0.460	0.078	109.000	38.000	0.000
1861195.000	0.500	0.460	0.094	109.000	38.000	0.000
1861195.000	0.500	0.460	0.094	109.000	38.000	0.000
1861195.000	0.500	0.460	0.094	109.000	38.000	0.000
1861225.000	0.500	0.460	0.094	109.000	38.000	0.000
1861225.000	0.500	0.460	0.094	109.000	38.000	0.000
1861225.000	0.500	0.460	0.094	109.000	38.000	0.000
1861255.000	0.500	0.460	0.078	109.000	38.000	0.000
1861255.000	0.500	0.460	0.078	109.000	38.000	0.000
1861255.000	0.500	0.460	0.078	109.000	38.000	0.000
1861285.000	0.500	0.460	0.094	109.000	38.000	0.000
1861285.000	0.500	0.460	0.094	109.000	38.000	0.000
1861285.000	0.500	0.460	0.094	109.000	38.000	0.000
1861315.000	0.500	0.460	0.078	109.000	38.000	0.000
1861315.000	0.500	0.460	0.078	109.000	38.000	0.000
1861315.000	0.500	0.460	0.078	109.000	38.000	0.000
1861345.000	0.500	0.460	0.078	109.000	38.000	0.000
1861345.000	0.500	0.460	0.078	109.000	38.000	0.000
1861345.000	0.500	0.460	0.078	109.000	38.000	0.000
1861375.000	0.500	0.460	0.094	109.000	38.000	0.000
1861375.000	0.500	0.460	0.094	109.000	38.000	0.000
1861375.000	0.500	0.460	0.094	109.000	38.000	0.000
1861405.000	0.500	0.460	0.078	109.000	38.000	0.000
1861405.000	0.500	0.460	0.078	109.000	38.000	0.000
1861405.000	0.500	0.460	0.078	109.000	38.000	0.000
1861435.000	0.500	0.460	0.094	109.000	38.000	0.000
1861435.000	0.500	0.460	0.094	109.000	38.000	0.000
1861435.000	0.500	0.460	0.094	109.000	38.000	0.000
1861465.000	0.500	0.460	0.094	109.000	38.000	0.000
1861465.000	0.500	0.460	0.094	109.000	38.000	0.000
1861465.000	0.500	0.460	0.094	109.000	38.000	0.000
1861495.000	0.500	0.460	0.094	109.000	38.000	0.000
1861495.000	0.500	0.460	0.094	109.000	38.000	0.000
1861495.000	0.500	0.460	0.094	109.000	38.000	0.000
1861525.000	0.500	0.460	0.078	109.000	38.000	0.000
1861525.000	0.500	0.460	0.078	109.000	38.000	0.000
1861525.000	0.500	0.460	0.078	109.000	38.000	0.000
1861555.000	0.500	0.460	0.078	109.000	38.000	0.000
1861555.000	0.500	0.460	0.078	109.000	38.000	0.000
1861555.000	0.500	0.460	0.078	109.000	38.000	0.000
1861585.000	0.500	0.460	0.094	109.000	38.000	0.000
1861585.000	0.500	0.460	0.094	109.000	38.000	0.000
1861585.000	0.500	0.460	0.094	109.000	38.000	0.000
1861615.000	0.500	0.460	0.078	109.000	38.000	0.000
1861615.000	0.500	0.460	0.078	109.000	38.000	0.000
1861615.000	0.500	0.460	0.078	109.000	38.000	0.000
1861645.000	0.500	0.460	0.078	109.000	38.000	0.000
1861645.000	0.500	0.460	0.078	109.000	38.000	0.000
1861645.000	0.500	0.460	0.078	109.000	38.000	0.000
1861675.000	0.500	0.460	0.078	109.000	38.000	0.000
1861675.000	0.500	0.460	0.078	109.000	38.000	0.000
1861675.000	0.500	0.460	0.078	109.000	38.000	0.000
1861705.000	0.500	0.460	0.094	109.000	38.000	0.000
1861705.000	0.500	0.460	0.094	109.000	38.000	0.000
1861705.000	0.500	0.460	0.094	109.000	38.000	0.000
1861735.000	0.500	0.460	0.078	109.000	38.000	0.000
1861735.000	0.500	0.460	0.078	109.000	38.000	0.000
1861735.000	0.500	0.460	0.078	109.000	38.000	0.000
1861765.000	0.500	0.460	0.078	109.000	38.000	0.000
1861765.000	0.500	0.460	0.078	109.000	38.000	0.000
1861765.000	0.500	0.460	0.078	109.000	38.000	0.000
1861795.000	0.500	0.460	0.094	109.000	38.000	0.000
1861795.000	0.500	0.460	0.094	109.000	38.000	0.000
1861795.000	0.500	0.460	0.094	109.000	38.000	0.000
1861825.000	0.500	0.460	0.094	109.000	38.000	0.000
1861825.000	0.500	0.460	0.094	109.000	38.000	0.000
1861825.000	0.500	0.460	0.094	109.000	38.000	0.000
1861855.000	0.500	0.460	0.078	109.000	38.000	0.000
1861855.000	0.500	0.460	0.078	109.000	38.000	0.000
1861855.000	0.500	0.460	0.078	109.000	38.000	0.000
1861885.000	0.500	0.460	0.078	109.000	38.000	0.000
1861885.000	0.500	0.460	0.078	109.000	38.000	0.000
1861885.000	0.500	0.460	0.078	109.000	38.000	0.000
1861915.000	0.500	0.460	0.078	109.000	38.000	0.000
1861915.000	0.500	0.460	0.078	109.000	38.000	0.000
1861915.000	0.500	0.460	0.078	109.000	38.000	0.000
1861945.000	0.500	0.460	0.094	109.000	38.000	0.000
1861945.000	0.500	0.460	0.094	109.000	38.000	0.000
1861945.000	0.500	0.460	0.094	109.000	38.000	0.000
1861975.000	0.500	0.460	0.094	109.000	38.000	0.000
1861975.000	0.500	0.460	0.094	109.000	38.000	0.000
1861975.000	0.500	0.460	0.094	109.000	38.000	0.000
1862005.000	0.500	0.460	0.078	109.000	38.000	0.000
1862005.000	0.500	0.460	0.078	109.000	38.000	0.000
1862005.000	0.500	0.460	0.078	109.000	38.000	0.000
1862035.000	0.500	0.460	0.094	109.000	38.000	0.000
1862035.000	0.500	0.460	0.094	109.000	38.000	0.000
1862035.000	0.500	0.460	0.094	109.000	38.000	0.000
1862065.000	0.500	0.460	0.078	109.000	38.000	0.000
1862065.000	0.500	0.460	0.078	109.000	38.000	0.000
1862065.000	0.500	0.460	0.078	109.000	38.000	0.000
1862095.000	0.500	0.460	0.094	109.000	38.000	0.000
1862095.000	0.500	0.460	0.094	109.000	38.000	0.000
1862095.000	0.500	0.460	0.094	109.000	38.000	0.000
1862125.000	0.500	0.460	0.094	109.000	38.000	0.000
1862125.000	0.500	0.460	0.094	109.000	38.000	0.000
1862125.000	0.500	0.460	0.094	109.000	38.000	0.000
1862155.000	0.500	0.460	0.078	109.000	38.000	0.000
1862155.000	0.500	0.460	0.078	109.000	38.000	0.000
1862155.000	0.500	0.460	0.078	109.000	38.000	0.000
1862185.000	0.500	0.460	0.078	109.000	38.000	0.000
1862185.000	0.500	0.460	0.078	109.000	38.000	0.000
1862185.000	0.500	0.460	0.078	109.000	38.000	0.000
1862215.000	0.500	0.460	0.078	109.000	38.000	0.000
1862215.000	0.500	0.460	0.078	109.000	38.000	0.000
1862215.000	0.500	0.460	0.078	109.000	38.000	0.000
1862245.000	0.500	0.460	0.094	109.000	38.000	0.000
1862245.000	0.500	0.460	0.094	109.000	38.000	0.000
1862245.000	0.500	0.460	0.094	109.000	38.000	0.000
1862275.000	0.500	0.460	0.094	109.000	38.000	0.000
1862275.000	0.500	0.460	0.094	109.000	38.000	0.000
1862275.000	0.500	0.460	0.094	109.000	38.000	0.000
1862305.000	0.500	0.460	0.094	109.000	38.000	0.000
1862305.000	0.500	0.460	0.094	109.000	38.000	0.000
1862305.000	0.500	0.460	0.094	109.000	38.000	0.000
1862335.000	0.500	0.460	0.094	109.000	38.000	0.000
1862335.000	0.500	0.460	0.094	109.000	38.000	0.000
1862335.000	0.500	0.460	0.094	109.000	38.000	0.000
1862365.000	0.500	0.460	0.094	109.000	38.000	0.000
1862365.000	0.500	0.460	0.094	109.000	38.000	0.000
1862365.000	0.500	0.460	0.094	109.000	38.000	0.000
1862395.000	0.500	0.460	0.078	109.000	38.000	0.000
1862395.000	0.500	0.460	0.078	109.000	38.000	0.000
1862395.000	0.500	0.460	0.078	109.000	38.000	0.000
1862425.000	0.500	0.460	0.094	109.000	38.000	0.000
1862425.000	0.500	0.460	0.094	109.000	38.000	0.000
1862425.000	0.500	0.460	0.094	109.000	38.000	0.000
1862455.000	0.500	0.460	0.094	109.000	38.000	0.000
1862455.000	0.500	0.460	0.094	109.000	38.000	0.000
1862455.000	0.500	0.460	0.094	109.000	38.000	0.000
1862485.000	0.500	0.460	0.078	109.000	38.000	0.000
1862485.000	0.500	0.460	0.078	109.000	38.000	0.000
1862485.000	0.500	0.460	0.078	109.000	38.000	0.000
1862515.000	0.500	0.460	0.078	109.000	38.000	0.000
1862515.000	0.500	0.460	0.078	109.000	38.000	0.000
1862515.000	0.500	0.460	0.078	109.000	38.000	0.000
1862545.000	0.500	0.460	0.094	109.000	38.000	0.000
1862545.000	0.500	0.460	0.094	109.000	38.000	0.000
1862545.000	0.500	0.460	0.094	109.000	38.000	0.000
1862575.000	0.500	0.460	0.078	109.000	38.000	0.000
1862575.000	0.500	0.460	0.078	109.000	38.000	0.000
1862575.000	0.500	0.460	0.078	109.000	38.000	0.000
1862605.000	0.500	0.460	0.094	109.000	38.000	0.000
1862605.000	0.500	0.460	0.094	109.000	38.000	0.000
1862605.000	0.500	0.460	0.094	109.000	38.000	0.000
1862635.000	0.500	0.460	0.078	109.000	38.000	0.000
1862635.000	0.500	0.460	0.078	109.000	38.000	0.000
1862635.000	0.500	0.460	0.078	109.000	38.000	0.000
1862665.000	0.500	0.460	0.078	109.000	38.000	0.000
1862665.000	0.500	0.460	0.078	109.000	38.000	0.000
1862665.000	0.500	0.460	0.078	109.000	38.000	0.000
1862695.000	0.500	0.460	0.094	109.000	38.000	0.000
1862695.000	0.500	0.460	0.094	109.000	38.000	0.000
1862695.000	0.500	0.460	0.094	109.000	38.000	0.000
1862725.000	0.500	0.460	0.094	109.000	38.000	0.000
1862725.000	0.500	0.460	0.094	109.000	38.000	0.000
1862725.000	0.500	0.460	0.094	109.000	38.000	0.000
1862755.000	0.500	0.460	0.078	109.000	38.000	0.000
1862755.000	0.500	0.460	0.078	109.000	38.000	0.000
1862755.000	0.500	0.460	0.078	109.000	38.000	0.000
1862785.000	0.500	0.460	0.094	109.000	38.000	0.000
1862785.000	0.500	0.460	0.094	109.000	38.000	0.000
1862785.000	0.500	0.460	0.094	109.000	38.000	0.000
1862815.000	0.500	0.460	0.078	109.000	38.000	0.000
1862815.000	0.500	0.460	0.078	109.000	38.000	0.000
1862815.000	0.500	0.460	0.078	109.000	38.000	0.000
1862845.000	0.500	0.460	0.094	109.000	38.000	0.000
1862845.000	0.500	0.460	0.094	109.000	38.000	0.000
1862845.000	0.500	0.460	0.094	109.000	38.000	0.000
1862875.000	0.500	0.460	0.094	109.000	38.000	0.000
1862875.000	0.500	0.460	0.094	109.000	38.000	0.000
1862875.000	0.500	0.460	0.094	109.000	38.000	0.000
1862905.000	0.500	0.460	0.078	109.000	38.000	0.000
1862905.000	0.500	0.460	0.078	109.000	38.000	0.000
1862905.000	0.500	0.460	0.078	109.000	38.000	0.000
1862935.000	0.500	0.460	0.078	109.000	38.000	0.000
1862935.000	0.500	0.460	0.078	109.000	38.000	0.000
1862935.000	0.500	0.460	0.078	109.000	38.000	0.000
1862965.000	0.500	0.460	0.094	109.000	38.000	0.000
1862965.000	0.500	0.460	0.094	109.000	38.000	0.000
1862965.000	0.500	0.460	0.094	109.000	38.000	0.000
1862995.000	0.500	0.460	0.078	109.000	38.000	0.000
1862995.000	0.500	0.460	0.078	109.000	38.000	0.000
1862995.000	0.500	0.460	0.078	109.000	38.000	0.000
1863025.000	0.500	0.460	0.094	109.000	38.000	0.000
1863025.000	0.500	0.460	0.094	109.000	38.000	0.000
1863025.000	0.500	0.460	0.094	109.000	38.000	0.000
1863055.000	0.500	0.460	0.094	109.000	38.000	0.000
1863055.000	0.500	0.460	0.094	109.000	38.000	0.000
1863055.000	0.500	0.460	0.094	109.000	38.000	0.000
1863085.000	0.500	0.460	0.078	109.000	38.000	0.000
1863085.000	0.500	0.460	0.078	109.000	38.000	0.000
1863085.000	0.500	0.460	0.078	109.000	38.000	0.000
1863115.000	0.500	0.460	0.078	109.000	38.000	0.000
1863115.000	0.500	0.460	0.078	109.000	38.000	0.000
1863115.000	0.500	0.460	0.078	109.000	38.000	0.000
1863145.000	0.500	0.460	0.094	109.000	38.000	0.000
1863145.000	0.500	0.460	0.094	109.000	38.000	0.000
1863145.000	0.500	0.460	0.094	109.000	38.000	0.000
1863175.000	0.500	0.460	0.078	109.000	38.000	0.000
1863175.000	0.500	0.460	0.078	109.000	38.000	0.000
1863175.000	0.500	0.460	0.078	109.000	38.000	0.000
1863205.000	0.500	0.460	0.078	109.000	38.000	0.000
1863205.000	0.500	0.460	0.078	109.000	38.000	0.000
1863205.000	0.500	0.460	0.078	109.000	38.000	0.000
1863235.000	0.500	0.460	0.078	109.000	38.000	0.000
1863235.000	0.500	0.460	0.078	109.000	38.000	0.000
1863235.000	0.500	0.460	0.078	109.000	38.000	0.000
1863265.000	0.500	0.460	0.094	109.000	38.000	0.000
1863265.000	0.500	0.460	0.094	109.000	38.000	0.000
1863265.000	0.500	0.460	0.094	109.000	38.000	0.000
1863295.000	0.500	0.460	0.094	109.000	38.000	0.000
1863295.000	0.500	0.460	0.094	109.000	38.000	0.000
1863295.000	0.500	0.460	0.094	109.000	38.000	0.000
1863325.000	0.500	0.460	0.078	109.000	38.000	0.000
1863325.000	0.500	0.460	0.078	109.000	38.000	0.000
1863325.000	0.500	0.460	0.078	109.000	38.000	0.000
1863355.000	0.500	0.460	0.078	109.000	38.000	0.000
1863355.000	0.500	0.460	0.078	109.000	38.000	0.000
1863355.000	0.500	0.460	0.078	109.000	38.000	0.000
1863385.000	0.500	0.460	0.078	109.000	38.000	0.000
1863385.000	0.500	0.460	0.078	109.000	38.000	0.000
1863385.000	0.500	0.460	0.078	109.000	38.000	0.000
1863415.000	0.500	0.460	0.094	109.000	38.000	0.000
1863415.000	0.500	0.460	0.094	109.000	38.000	0.000
1863415.000	0.500	0.460	0.094	109.000	38.000	0.000
1863445.000	0.500	0.460	0.094	109.000	38.000	0.000
1863445.000	0.500	0.460	0.094	109.000	38.000	0.000
1863445.000	0.500	0.460	0.094	109.000	38.000	0.000
1863475.000	0.500	0.460	0.078	109.000	38.000	0.000
1863475.000	0.500	0.460	0.078	109.000	38.000	0.000
1863475.000	0.500	0.460	0.078	109.000	38.000	0.000
1863505.000	0.500	0.460	0.078	109.000	38.000	0.000
1863505.000	0.500	0.460	0.078	109.000	38.000	0.000
1863505.000	0.500	0.460	0.078	109.000	38.000	0.000
1863535.000	0.500	0.460	0.094	109.000	38.000	0.000
1863535.000	0.500	0.460	0.094	109.000	38.000	0.000
1863535.000	0.500	0.460	0.094	109.000	38.000	0.000
1863565.000	0.500	0.460	0.094	109.000	38.000	0.000
1863565.000	0.500	0.460	0.094	109.000	38.000	0.000
1863565.000	0.500	0.460	0.094	109.000	38.000	0.000
1863595.000	0.500	0.460	0.078	109.000	38.000	0.000
1863595.000	0.500	0.460	0.078	109.000	38.000	0.000
1863595.000	0.500	0.460	0.078	109.000	38.000	0.000
1863625.000	0.500	0.460	0.094	109.000	38.000	0.000
1863625.000	0.500	0.460	0.094	109.000	38.000	0.000
1863625.000	0.500	0.460	0.094	109.000	38.000	0.000
1863655.000	0.500	0.460	0.094	109.000	38.000	0.000
1863655.000	0.500	0.460	0.094	109.000	38.000	0.000
1863655.000	0.500	0.460	0.094	109.000	38.000	0.000
1863685.000	0.500	0.460	0.094	109.000	38.000	0.000
1863685.000	0.500	0.460	0.094	109.000	38.000	0.000
1863685.000	0.500	0.460	0.094	109.000	38.000	0.000
1863715.000	0.500	0.460	0.078	109.000	38.000	0.000
1863715.000	0.500	0.460	0.078	109.000	38.000	0.000
1863715.000	0.500	0.460	0.078	109.000	38.000	0.000
1863745.000	0.500	0.460	0.078	109.000	38.000	0.000
1863745.000	0.500	0.460	0.078	109.000	38.000	0.000
1863745.000	0.500	0.460	0.078	109.000	38.000	0.000
1863775.000	0.500	0.460	0.094	109.000	38.000	0.000
1863775.000	0.500	0.460	0.094	109.000	38.000	0.000
1863775.000	0.500	0.460	0.094	109.000	38.000	0.000
1863805.000	0.500	0.460	0.094	109.000	38.000	0.000
1863805.000	0.500	0.460	0.094	109.000	38.000	0.000
1863805.000	0.500	0.460	0.094	109.000	38.000	0.000
1863835.000	0.500	0.460	0.094	109.000	38.000	0.000
1863835.000	0.500	0.460	0.094	109.000	38.000	0.000
1863835.000	0.500	0.460	0.094	109.000	38.000	0.000
1863865.000	0.500	0.460	0.078	109.000	38.000	0.000
1863865.000	0.500	0.460	0.078	109.000	38.000	0.000
1863865.000	0.500	0.460	0.078	109.000	38.000	0.000
1863895.000	0.500	0.460	0.078	109.000	38.000	0.000
1863895.000	0.500	0.460	0.078	109.000	38.000	0.000
1863895.000	0.500	0.460	0.078	109.000	38.000	0.000
1863925.000	0.500	0.460	0.094	109.000	38.000	0.000
1863925.000	0.500	0.460	0.094	109.000	38.000	0.000
1863925.000	0.500	0.460	0.094	109.000	38.000	0.000
1863955.000	0.500	0.460	0.094	109.000	38.000	0.000
1863955.000	0.500	0.460	0.094	109.000	38.000	0.000
1863955.000	0.500	0.460	0.094	109.000	38.000	0.000
1863985.000	0.500	0.460	0.078	109.000	38.000	0.000
1863985.000	0.500	0.460	0.078	109.000	38.000	0.000
1863985.000	0.500	0.460	0.078	109.000	38.000	0.000
1864015.000	0.500	0.460	0.094	109.000	38.000	0.000
1864015.000	0.500	0.460	0.094	109.000	38.000	0.000
1864015.000	0.500	0.460	0.094	109.000	38.000	0.000
1864045.000	0.500	0.460	0.094	109.000	38.000	0.000
1864045.000	0.500	0.460	0.094	109.000	38.000	0.000
1864045.000	0.500	0.460	0.094	109.000	38.000	0.000
1864075.000	0.500	0.460	0.094	109.000	38.000	0.000
1864075.000	0.500	0.460	0.094	109.000	38.000	0.000
1864075.000	0.500	0.460	0.094	109.000	38.000	0.000
1864105.000	0.500	0.460	0.078	109.000	38.000	0.000
1864105.000	0.500	0.460	0.078	109.000	38.000	0.000
1864105.000	0.500	0.460	0.078	109.000	38.000	0.000
1864135.000	0.500	0.460	0.094	109.000	38.000	0.000
1864135.000	0.500	0.460	0.094	109.000	38.000	0.000
1864135.000	0.500	0.460	0.094	109.000	38.000	0.000
1864165.000	0.500	0.460	0.094	109.000	38.000	0.000
1864165.000	0.500	0.460	0.094	109.000	38.000	0.000
1864165.000	0.500	0.460	0.094	109.000	38.000	0.000
1864195.000	0.500	0.460	0.094	109.000	38.000	0.000
1864195.000	0.500	0.460	0.094	109.000	38.000	0.000
1864195.000	0.500	0.460	0.094	109.000	38.000	0.000
1864225.000	0.500	0.460	0.078	109.000	38.000	0.000
1864225.000	0.500	0.460	0.078	109.000	38.000	0.000
1864225.000	0.500	0.460	0.078	109.000	38.000	0.000
1864255.000	0.500	0.460	0.094	109.000	38.000	0.000
1864255.000	0.500	0.460	0.094	109.000	38.000	0.000
1864255.000	0.500	0.460	0.094	109.000	38.000	0.000
1864285.000	0.500	0.460	0.094	109.000	38.000	0.000
1864285.000	0.500	0.460	0.094	109.000	38.000	0.000
1864285.000	0.500	0.460	0.094	109.000	38.000	0.000
1864315.000	0.500	0.460	0.078	109.000	38.000	0.000
1864315.000	0.500	0.460	0.078	109.000	38.000	0.000
1864315.000	0.500	0.460	0.078	109.000	38.000	0.000
1864345.000	0.500	0.460	0.078	109.000	38.000	0.000
1864345.000	0.500	0.460	0.078	109.000	38.000	0.000
1864345.000	0.500	0.460	0.078	109.000	38.000	0.000
1864375.000	0.500	0.460	0.094	109.000	38.000	0.000
1864375.000	0.500	0.460	0.094	109.000	38.000	0.000
1864375.000	0.500	0.460	0.094	109.000	38.000	0.000
1864405.000	0.500	0.460	0.094	109.000	38.000	0.000
1864405.000	0.500	0.460	0.094	109.000	38.000	0.000
1864405.000	0.500	0.460	0.094	109.000	38.000	0.000
1864435.000	0.500	0.460	0.078	109.000	38.000	0.000
1864435.000	0.500	0.460	0.078	109.000	38.000	0.000
1864435.000	0.500	0.460	0.078	109.000	38.000	0.000
1864465.000	0.500	0.460	0.078	109.000	38.000	0.000
1864465.000	0.500	0.460	0.078	109.000	38.000	0.000
1864465.000	0.500	0.460	0.078	109.000	38.000	0.000
1864495.000	0.500	0.460	0.094	109.000	38.000	0.000
1864495.000	0.500	0.460	0.094	109.000	38.000	0.000
1864495.000	0.500	0.460	0.094	109.000	38.000	0.000
1864525.000	0.500	0.460	0.094	109.000	38.000	0.000
1864525.000	0.500	0.460	0.094	109.000	38.000	0.000
1864525.000	0.500	0.460	0.094	109.000	38.000	0.000
1864555.000	0.500	0.460	0.078	109.000	38.000	0.000
1864555.000	0.500	0.460	0.078	109.000	38.000	0.000
1864555.000	0.500	0.460	0.078	109.000	38.000	0.000
1864585.000	0.500	0.460	0.078	109.000	38.000	0.000
1864585.000	0.500	0.460	0.078	109.000	38.000	0.000
1864585.000	0.500	0.460	0.078	109.000	38.000	0.000
1864615.000	0.500	0.460	0.094	109.000	38.000	0.000
1864615.000	0.500	0.460	0.094	109.000	38.000	0.000
1864615.000	0.500	0.460	0.094	109.000	38.000	0.000
1864645.000	0.500	0.460	0.094	109.000	38.000	0.000
1864645.000	0.500	0.460	0.094	109.000	38.000	0.000
1864645.000	0.500	0.460	0.094	109.000	38.000	0.000
1864675.000	0.500	0.460	0.078	109.000	38.000	0.000
1864675.000	0.500	0.460	0.078	109.000	38.000	0.000
1864675.000	0.500	0.460	0.078	109.000	38.000	0.000
1864705.000	0.500	0.460	0.094	109.000	38.000	0.000
1864705.000	0.500	0.460	0.094	109.000	38.000	0.000
1864705.000	0.500	0.460	0.094	109.000	38.000	0.000
1864735.000	0.500	0.460	0.094	109.000	38.000	0.000
1864735.000	0.500	0.460	0.094	109.000	38.000	0.000
1864735.000	0.500	0.460	0.094	109.000	38.000	0.000
1864765.000	0.500	0.460	0.094	109.000	38.000	0.000
1864765.000	0.500	0.460	0.094	109.000	38.000	0.000
1864765.000	0.500	0.460	0.094	109.000	38.000	0.000
1864795.000	0.500	0.460	0.078	109.000	38.000	0.000
1864795.000	0.500	0.460	0.078	109.000	38.000	0.000
1864795.000	0.500	0.460	0.078	109.000	38.000	0.000
1864825.000	0.500	0.460	0.094	109.000	38.000	0.000
1864825.000	0.500	0.460	0.094	109.000	38.000	0.000
1864825.000	0.500	0.460	0.094	109.000	38.000	0.000
1864855.000	0.500	0.460	0.094	109.000	38.000	0.000
1864855.000	0.500	0.460	0.094	109.000	38.000	0.000
1864855.000	0.500	0.460	0.094	109.000	38.000	0.000
1864885.000	0.500	0.460	0.094	109.000	38.000	0.000
1864885.000	0.500	0.460	0.094	109.000	38.000	0.000
1864885.000	0.500	0.460	0.094	109.000	38.000	0.000
1864915.000	0.500	0.460	0.078	109.000	38.000	0.000
1864915.000	0.500	0.460	0.078	109.000	38.000	0.000
1864915.000	0.500	0.460	0.078	109.000	38.000	0.000
1864945.000	0.500	0.460	0.094	109.000	38.000	0.000
1864945.000	0.500	0.460	0.094	109.000	38.000	0.000
1864945.000	0.500	0.460	0.094	109.000	38.000	0.000
1864975.000	0.500	0.460	0.094	109.000	38.000	0.000
1864975.000	0.500	0.460	0.094	109.000	38.000	0.000
1864975.000	0.500	0.460	0.094	109.000	38.000	0.000
1865005.000	0.500	0.460	0.078	109.000	38.000	0.000
1865005.000	0.500	0.460	0.078	109.000	38.000	0.000
1865005.000	0.500	0.460	0.078	109.000	38.000	0.000
1865035.000	0.500	0.460	0.094	109.000	38.000	0.000
1865035.000	0.500	0.460	0.094	109.000	38.000	0.000
1865035.000	0.500	0.460	0.094	109.000	38.000	0.000
1865065.000	0.500	0.460	0.094	109.000	38.000	0.000
1865065.000	0.500	0.460	0.094	109.000	38.000	0.000
1865065.000	0.500	0.460	0.094	109.000	38.000	0.000
1865095.000	0.500	0.460	0.078	109.000	38.000	0.000
1865095.000	0.500	0.460	0.078	109.000	38.000	0.000
1865095.000	0.500	0.460	0.078	109.000	38.000	0.000
1865125.000	0.500	0.460	0.078	109.000	38.000	0.000
1865125.000	0.500	0.460	0.078	109.000	38.000	0.000
1865125.000	0.500	0.460	0.078	109.000	38.000	0.000
1865155.000	0.500	0.460	0.094	109.000	38.000	0.000
1865155.000	0.500	0.460	0.094	109.000	38.000	0.000
1865155.000	0.500	0.460	0.094	109.000	38.000	0.000
1865185.000	0.500	0.460	0.094	109.000	38.000	0.000
1865185.000	0.500	0.460	0.094	109.000	38.000	0.000
1865185.000	0.500	0.460	0.094	109.000	38.000	0.000
1865215.000	0.500	0.460	0.078	109.000	38.000	0.000
1865215.000	0.500	0.460	0.078	109.000	38.000	0.000
1865215.000	0.500	0.460	0.078	109.000	38.000	0.000
1865245.000	0.500	0.460	0.094	109.000	38.000	0.000
1865245.000	0.500	0.460	0.094	109.000	38.000	0.000
1865245.000	0.500	0.460	0.094	109.000	38.000	0.000
1865275.000	0.500	0.460	0.094	109.000	38.000	0.000
1865275.000	0.500	0.460	0.094	109.000	38.000	0.000
1865275.000	0.500	0.460	0.094	109.000	38.000	0.000
1865305.000	0.500	0.460	0.078	109.000	38.000	0.000
1865305.000	0.500	0.460	0.078	109.000	38.000	0.000
1865305.000	0.500	0.460	0.078	109.000	38.000	0.000
1865335.000	0.500	0.460	0.078	109.000	38.000	0.000
1865335.000	0.500	0.460	0.078	109.000	38.000	0.000
1865335.000	0.500	0.460	0.078	109.000	38.000	0.000
1865365.000	0.500	0.460	0.094	109.000	38.000	0.000
1865365.000	0.500	0.460	0.094	109.000	38.000	0.000
1865365.000	0.500	0.460	0.094	109.000	38.000	0.000
1865395.000	0.500	0.460	0.094	109.000	38.000	0.000
1865395.000	0.500	0.460	0.094	109.000	38.000	0.000
1865395.000	0.500	0.460	0.094	109.000	38.000	0.000
1865425.000	0.500	0.460	0.078	109.000	38.000	0.000
1865425.000	0.500	0.460	0.078	109.000	38.000	0.000
1865425.000	0.500	0.460	0.078	109.000	38.000	0.000
1865455.000	0.500	0.460	0.094	109.000	38.000	0.000
1865455.000	0.500	0.460	0.094	109.000	38.000	0.000
1865455.000	0.500	0.460	0.094	109.000	38.000	0.000
1865485.000	0.500	0.460	0.094	109.000	38.000	0.000
1865485.000	0.500	0.460	0.094	109.000	38.000	0.000
1865485.000	0.500	0.460	0.094	109.000	38.000	0.000
1865515.000	0.500	0.460	0.094	109.000	38.000	0.000
1865515.000	0.500	0.460	0.094	109.000	38.000	0.000
1865515.000	0.500	0.460	0.094	109.000	38.000	0.000
1865545.000	0.500	0.460	0.078	109.000	38.000	0.000
1865545.000	0.500	0.460	0.078	109.000	38.000	0.000
1865545.000	0.500	0.460	0.078	109.000	38.000	0.000
1865575.000	0.500	0.460	0.094	109.000	38.000	0.000
1865575.000	0.500	0.460	0.094	109.000	38.000	0.000
1865575.000	0.500	0.460	0.094	109.000	38.000	0.000
1865605.000	0.500	0.460	0.094	109.000	38.000	0.000
1865605.000	0.500	0.460	0.094	109.000	38.000	0.000
1865605.000	0.500	0.460	0.094	109.000	38.000	0.000
1865635.000	0.500	0.460	0.078	109.000	38.000	0.000
1865635.000	0.500	0.460	0.078	109.000	38.000	0.000
1865635.000	0.500	0.460	0.078	109.000	38.000	0.000
1865665.000	0.500	0.460	0.094	109.000	38.000	0.000
1865665.000	0.500	0.460	0.094	109.000	38.000	0.000
1865665.000	0.500	0.460	0.094	109.000	38.000	0.000
1865695.000	0.500	0.460	0.094	109.000	38.000	0.000
1865695.000	0.500	0.460	0.094	109.000	38.000	0.000
1865695.000	0.500	0.460	0.094	109.000	38.000	0.000
1865725.000	0.500	0.460	0.078	109.000	38.000	0.000
1865725.000	0.500	0.460	0.078	109.000	38.000	0.000
1865725.000	0.500	0.460	0.078	109.000	38.000	0.000
1865755.000	0.500	0.460	0.094	109.000	38.000	0.000
1865755.000	0.500	0.460	0.094	109.000	38.000	0.000
1865755.000	0.500	0.460	0.094	109.000	38.000	0.000
1865785.000	0.500	0.460	0.094	109.000	38.000	0.000
1865785.000	0.500	0.460	0.094	109.000	38.000	0.000
1865785.000	0.500	0.460	0.094	109.000	38.000	0.000
1865815.000	0.500	0.460	0.078	109.000	38.000	0.000
1865815.000	0.500	0.460	0.078	109.000	38.000	0.000
1865815.000	0.500	0.460	0.078	109.000	38.000	0.000
1865845.000	0.500	0.460	0.078	109.000	38.000	0.000
1865845.000	0.500	0.460	0.078	109.000	38.000	0.000
1865845.000	0.500	0.460	0.078	109.000	38.000	0.000
1865875.000	0.500	0.460	0.094	109.000	38.000	0.000
1865875.000	0.500	0.460	0.094	109.000	38.000	0.000
1865875.000	0.500	0.460	0.094	109.000	38.000	0.000
1865905.000	0.500	0.460	0.094	109.000	38.000	0.000
1865905.000	0.500	0.460	0.094	109.000	38.000	0.000
1865905.000	0.500	0.460	0.094	109.000	38.000	0.000
1865935.000	0.500	0.460	0.078	109.000	38.000	0.000
1865935.000	0.500	0.460	0.078	109.000	38.000	0.000
1865935.000	0.500	0.460	0.078	109.000	38.000	0.000
1865965.000	0.500	0.460	0.094	109.000	38.000	0.000
1865965.000	0.500	0.460	0.094	109.000	38.000	0.000
1865965.000	0.500	0.460	0.094	109.000	38.000	0.000
1865995.000	0.500	0.460	0.094	109.000	38.000	0.000
1865995.000	0.500	0.460	0.094	109.000	38.000	0.000
1865995.000	0.500	0.460	0.094	109.000	38.000	0.000
1866025.000	0.500	0.460	0.094	109.000	38.000	0.000
1866025.000	0.500	0.460	0.094	109.000	38.000	0.000
1866025.000	0.500	0.460	0.094	109.000	38.000	0.000
1866055.000	0.500	0.460	0.078	109.000	38.000	0.000
1866055.000	0.500	0.460	0.078	109.000	38.000	0.000
1866055.000	0.500	0.460	0.078	109.000	38.000	0.000
1866085.000	0.500	0.460	0.094	109.000	38.000	0.000
1866085.000	0.500	0.460	0.094	109.000	38.000	0.000
1866085.000	0.500	0.460	0.094	109.000	38.000	0.000
1866115.000	0.500	0.460	0.078	109.000	38.000	0.000
1866115.000	0.500	0.460	0.078	109.000	38.000	0.000
1866115.000	0.500	0.460	0.078	109.000	38.000	0.000
1866145.000	0.500	0.460	0.094	109.000	38.000	0.000
1866145.000	0.500	0.460	0.094	109.000	38.000	0.000
1866145.000	0.500	0.460	0.094	109.000	38.000	0.000
1866175.000	0.500	0.460	0.094	109.000	38.000	0.000
1866175.000	0.500	0.460	0.094	109.000	38.000	0.000
1866175.000	0.500	0.460	0.094	109.000	38.000	0.000
1866205.000	0.500	0.460	0.094	109.000	38.000	0.000
1866205.000	0.500	0.460	0.094	109.000	38.000	0.000
1866205.000	0.500	0.460	0.094	109.000	38.000	0.000
1866235.000	0.500	0.460	0.094	109.000	38.000	0.000
1866235.000	0.500	0.460	0.094	109.000	38.000	0.000
1866235.000	0.500	0.460	0.094	109.000	38.000	0.000
1866265.000	0.500	0.460	0.094	109.000	38.000	0.000
1866265.000	0.500	0.460	0.094	109.000	38.000	0.000
1866265.000	0.500	0.460	0.094	109.000	38.000	0.000
1866295.000	0.500	0.460	0.094	109.000	38.000	0.000
1866295.000	0.500	0.460	0.094	109.000	38.000	0.000
1866295.000	0.500	0.460	0.094	109.000	38.000	0.000
1866325.000	0.500	0.460	0.094	109.000	38.000	0.000
1866325.000	0.500	0.460	0.094	109.000	38.000	0.000
1866325.000	0.500	0.460	0.094	109.000	38.000	0.000
1866355.000	0.500	0.460	0.078	109.000	38.000	0.000
1866355.000	0.500	0.460	0.078	109.000	38.000	0.000
1866355.000	0.500	0.460	0.078	109.000	38.000	0.000
1866385.000	0.500	0.460	0.094	109.000	38.000	0.000
1866385.000	0.500	0.460	0.094	109.000	38.000	0.000
1866385.000	0.500	0.460	0.094	109.000	38.000	0.000
1866415.000	0.500	0.460	0.094	109.000	38.000	0.000
1866415.000	0.500	0.460	0.094	109.000	38.000	0.000
1866415.000	0.500	0.460	0.094	109.000	38.000	0.000
1866445.000	0.500	0.460	0.094	109.000	38.000	0.000
1866445.000	0.500	0.460	0.094	109.000	38.000	0.000
1866445.000	0.500	0.460	0.094	109.000	38.000	0.000
1866475.000	0.500	0.460	0.094	109.000	38.000	0.000
1866475.000	0.500	0.460	0.094	109.000	38.000	0.000
1866475.000	0.500	0.460	0.094	109.000	38.000	0.000
1866505.000	0.500	0.460	0.094	109.000	38.000	0.000
1866505.000	0.500	0.460	0.094	109.000	38.000	0.000
1866505.000	0.500	0.460	0.094	109.000	38.000	0.000
1866535.000	0.500	0.460	0.078	109.000	38.000	0.000
1866535.000	0.500	0.460	0.078	109.000	38.000	0.000
1866535.000	0.500	0.460	0.078	109.000	38.000	0.000
1866565.000	0.500	0.460	0.156	109.000	38.000	0.000
1866565.000	0.500	0.460	0.156	109.000	38.000	0.000
1866565.000	0.500	0.460	0.156	109.000	38.000	0.000
1866595.000	0.500	0.460	0.094	109.000	38.000	0.000
1866595.000	0.500	0.460	0.094	109.000	38.000	0.000
1866595.000	0.500	0.460	0.094	109.000	38.000	0.000
1866625.000	0.500	0.460	0.078	109.000	38.000	0.000
1866625.000	0.500	0.460	0.078	109.000	38.000	0.000
1866625.000	0.500	0.460	0.078	109.000	38.000	0.000
1866655.000	0.500	0.460	0.094	109.000	38.000	0.000
1866655.000	0.500	0.460	0.094	109.000	38.000	0.000
1866655.000	0.500	0.460	0.094	109.000	38.000	0.000
1866685.000	0.500	0.460	0.094	109.000	38.000	0.000
1866685.000	0.500	0.460	0.094	109.000	38.000	0.000
1866685.000	0.500	0.460	0.094	109.000	38.000	0.000
1866715.000	0.500	0.460	0.094	109.000	38.000	0.000
1866715.000	0.500	0.460	0.094	109.000	38.000	0.000
1866715.000	0.500	0.460	0.094	109.000	38.000	0.000
1866745.000	0.500	0.460	0.094	109.000	38.000	0.000
1866745.000	0.500	0.460	0.094	109.000	38.000	0.000
1866745.000	0.500	0.460	0.094	109.000	38.000	0.000
1866775.000	0.500	0.460	0.094	109.000	38.000	0.000
1866775.000	0.500	0.460	0.094	109.000	38.000	0.000
1866775.000	0.500	0.460	0.094	109.000	38.000	0.000
1866805.000	0.500	0.460	0.094	109.000	38.000	0.000
1866805.000	0.500	0.460	0.094	109.000	38.000	0.000
1866805.000	0.500	0.460	0.094	109.000	38.000	0.000
1866835.000	0.500	0.460	0.094	109.000	38.000	0.000
1866835.000	0.500	0.460	0.094	109.000	38.000	0.000
1866835.000	0.500	0.460	0.094	109.000	38.000	0.000
1866865.000	0.500	0.460	0.094	109.000	38.000	0.000
1866865.000	0.500	0.460	0.094	109.000	38.000	0.000
1866865.000	0.500	0.460	0.094	109.000	38.000	0.000
1866895.000	0.500	0.460	0.094	109.000	38.000	0.000
1866895.000	0.500	0.460	0.094	109.000	38.000	0.000
1866895.000	0.500	0.460	0.094	109.000	38.000	0.000
1866925.000	0.500	0.460	0.094	109.000	38.000	0.000
1866925.000	0.500	0.460	0.094	109.000	38.000	0.000
1866925.000	0.500	0.460	0.094	109.000	38.000	0.000
1866955.000	0.500	0.460	0.094	109.000	38.000	0.000
1866955.000	0.500	0.460	0.094	109.000	38.000	0.000
1866955.000	0.500	0.460	0.094	109.000	38.000	0.000
1866985.000	0.500	0.460	0.094	109.000	38.000	0.000
1866985.000	0.500	0.460	0.094	109.000	38.000	0.000
1866985.000	0.500	0.460	0.094	109.000	38.000	0.000
1867015.000	0.500	0.460	0.094	109.000	38.000	0.000
