%ArduinoTime [ms]	Reference Position [rad]	Measured Position [rad]	Actual Current [A]	Proportional Gain [Kp]	Derivative Gain [Kd]	Integral Gain [Ki]	%3/17/20231:36 PM
0.000	0.000	0.000	0.000	0.000	0.000	0.000
968850.000	0.500	0.017	0.000	109.000	38.000	1.000
968880.000	0.500	0.017	0.000	109.000	38.000	1.000
968880.000	0.500	0.017	0.000	109.000	38.000	1.000
968880.000	0.500	0.017	0.000	109.000	38.000	1.000
968910.000	0.500	0.017	0.000	109.000	38.000	1.000
968910.000	0.500	0.017	0.000	109.000	38.000	1.000
968910.000	0.500	0.017	0.000	109.000	38.000	1.000
968940.000	0.500	0.017	0.000	109.000	38.000	1.000
968940.000	0.500	0.017	0.000	109.000	38.000	1.000
968940.000	0.500	0.017	0.000	109.000	38.000	1.000
968970.000	0.500	0.017	0.000	109.000	38.000	1.000
968970.000	0.500	0.017	0.000	109.000	38.000	1.000
968970.000	0.500	0.017	0.000	109.000	38.000	1.000
969000.000	0.500	0.017	0.000	109.000	38.000	1.000
969000.000	0.500	0.017	0.000	109.000	38.000	1.000
969000.000	0.500	0.017	0.000	109.000	38.000	1.000
969030.000	0.500	0.017	0.000	109.000	38.000	1.000
969030.000	0.500	0.017	0.000	109.000	38.000	1.000
969030.000	0.500	0.017	0.000	109.000	38.000	1.000
969060.000	0.500	0.017	0.000	109.000	38.000	1.000
969060.000	0.500	0.017	0.000	109.000	38.000	1.000
969060.000	0.500	0.017	0.000	109.000	38.000	1.000
969090.000	0.500	0.017	0.000	109.000	38.000	1.000
969090.000	0.500	0.017	0.000	109.000	38.000	1.000
969090.000	0.500	0.017	0.000	109.000	38.000	1.000
969120.000	0.500	0.017	0.000	109.000	38.000	1.000
969120.000	0.500	0.017	0.000	109.000	38.000	1.000
969120.000	0.500	0.017	0.000	109.000	38.000	1.000
969150.000	0.500	0.017	0.000	109.000	38.000	1.000
969150.000	0.500	0.017	0.000	109.000	38.000	1.000
969150.000	0.500	0.017	0.000	109.000	38.000	1.000
969180.000	0.500	0.017	0.000	109.000	38.000	1.000
969180.000	0.500	0.017	0.000	109.000	38.000	1.000
969180.000	0.500	0.017	0.000	109.000	38.000	1.000
969210.000	0.500	0.017	0.000	109.000	38.000	1.000
969210.000	0.500	0.017	0.000	109.000	38.000	1.000
969210.000	0.500	0.017	0.000	109.000	38.000	1.000
969240.000	0.500	0.017	0.000	109.000	38.000	1.000
969240.000	0.500	0.017	0.000	109.000	38.000	1.000
969240.000	0.500	0.017	0.000	109.000	38.000	1.000
969270.000	0.500	0.017	0.000	109.000	38.000	1.000
969270.000	0.500	0.017	0.000	109.000	38.000	1.000
969270.000	0.500	0.017	0.000	109.000	38.000	1.000
969300.000	0.500	0.017	0.000	109.000	38.000	1.000
969300.000	0.500	0.017	0.000	109.000	38.000	1.000
969300.000	0.500	0.017	0.000	109.000	38.000	1.000
969330.000	0.500	0.017	0.000	109.000	38.000	1.000
969330.000	0.500	0.017	0.000	109.000	38.000	1.000
969330.000	0.500	0.017	0.000	109.000	38.000	1.000
969360.000	0.500	0.017	0.000	109.000	38.000	1.000
969360.000	0.500	0.017	0.000	109.000	38.000	1.000
969360.000	0.500	0.017	0.000	109.000	38.000	1.000
969390.000	0.500	0.017	0.000	109.000	38.000	1.000
969390.000	0.500	0.017	0.000	109.000	38.000	1.000
969390.000	0.500	0.017	0.000	109.000	38.000	1.000
969420.000	0.500	0.017	0.000	109.000	38.000	1.000
969420.000	0.500	0.017	0.000	109.000	38.000	1.000
969420.000	0.500	0.017	0.000	109.000	38.000	1.000
969450.000	0.500	0.017	0.000	109.000	38.000	1.000
969450.000	0.500	0.017	0.000	109.000	38.000	1.000
969450.000	0.500	0.017	0.000	109.000	38.000	1.000
969480.000	0.500	0.017	0.000	109.000	38.000	1.000
969480.000	0.500	0.017	0.000	109.000	38.000	1.000
969480.000	0.500	0.017	0.000	109.000	38.000	1.000
969510.000	0.500	0.017	0.000	109.000	38.000	1.000
969510.000	0.500	0.017	0.000	109.000	38.000	1.000
969510.000	0.500	0.017	0.000	109.000	38.000	1.000
969540.000	0.500	0.017	0.000	109.000	38.000	1.000
969540.000	0.500	0.017	0.000	109.000	38.000	1.000
969540.000	0.500	0.017	0.000	109.000	38.000	1.000
969570.000	0.500	0.017	0.000	109.000	38.000	1.000
969570.000	0.500	0.017	0.000	109.000	38.000	1.000
969570.000	0.500	0.017	0.000	109.000	38.000	1.000
969600.000	0.500	0.017	0.000	109.000	38.000	1.000
969600.000	0.500	0.017	0.000	109.000	38.000	1.000
969600.000	0.500	0.017	0.000	109.000	38.000	1.000
969630.000	0.500	0.017	0.000	109.000	38.000	1.000
969630.000	0.500	0.017	0.000	109.000	38.000	1.000
969630.000	0.500	0.017	0.000	109.000	38.000	1.000
969660.000	0.500	0.017	0.000	109.000	38.000	1.000
969660.000	0.500	0.017	0.000	109.000	38.000	1.000
969660.000	0.500	0.017	0.000	109.000	38.000	1.000
969690.000	0.500	0.017	0.000	109.000	38.000	1.000
969690.000	0.500	0.017	0.000	109.000	38.000	1.000
969690.000	0.500	0.017	0.000	109.000	38.000	1.000
969720.000	0.500	0.017	-1.609	109.000	38.000	1.000
969720.000	0.500	0.017	-1.609	109.000	38.000	1.000
969720.000	0.500	0.017	-1.609	109.000	38.000	1.000
969750.000	0.500	0.007	-1.609	109.000	38.000	1.000
969750.000	0.500	0.007	-1.609	109.000	38.000	1.000
969750.000	0.500	0.007	-1.609	109.000	38.000	1.000
969780.000	0.500	-0.003	-1.609	109.000	38.000	1.000
969780.000	0.500	-0.003	-1.609	109.000	38.000	1.000
969780.000	0.500	-0.003	-1.609	109.000	38.000	1.000
969810.000	0.500	-0.033	-1.609	109.000	38.000	1.000
969810.000	0.500	-0.033	-1.609	109.000	38.000	1.000
969810.000	0.500	-0.033	-1.609	109.000	38.000	1.000
969840.000	0.500	-0.073	-1.609	109.000	38.000	1.000
969840.000	0.500	-0.073	-1.609	109.000	38.000	1.000
969840.000	0.500	-0.073	-1.609	109.000	38.000	1.000
969870.000	0.500	-0.113	-1.609	109.000	38.000	1.000
969870.000	0.500	-0.113	-1.609	109.000	38.000	1.000
969870.000	0.500	-0.113	-1.609	109.000	38.000	1.000
969900.000	0.500	-0.173	-1.609	109.000	38.000	1.000
969900.000	0.500	-0.173	-1.609	109.000	38.000	1.000
969900.000	0.500	-0.173	-1.609	109.000	38.000	1.000
969930.000	0.500	-0.233	-1.609	109.000	38.000	1.000
969930.000	0.500	-0.233	-1.609	109.000	38.000	1.000
969930.000	0.500	-0.233	-1.609	109.000	38.000	1.000
969960.000	0.500	-0.313	-1.609	109.000	38.000	1.000
969960.000	0.500	-0.313	-1.609	109.000	38.000	1.000
969960.000	0.500	-0.313	-1.609	109.000	38.000	1.000
969990.000	0.500	-0.393	-1.609	109.000	38.000	1.000
969990.000	0.500	-0.393	-1.609	109.000	38.000	1.000
969990.000	0.500	-0.393	-1.609	109.000	38.000	1.000
970020.000	0.500	-0.483	-1.609	109.000	38.000	1.000
970020.000	0.500	-0.483	-1.609	109.000	38.000	1.000
970020.000	0.500	-0.483	-1.609	109.000	38.000	1.000
970050.000	0.500	-0.583	-1.609	109.000	38.000	1.000
970050.000	0.500	-0.583	-1.609	109.000	38.000	1.000
970050.000	0.500	-0.583	-1.609	109.000	38.000	1.000
970080.000	0.500	-0.693	-1.609	109.000	38.000	1.000
970080.000	0.500	-0.693	-1.609	109.000	38.000	1.000
970080.000	0.500	-0.693	-1.609	109.000	38.000	1.000
970110.000	0.500	-0.813	-1.609	109.000	38.000	1.000
970110.000	0.500	-0.813	-1.609	109.000	38.000	1.000
970110.000	0.500	-0.813	-1.609	109.000	38.000	1.000
970140.000	0.500	-0.933	-1.609	109.000	38.000	1.000
970140.000	0.500	-0.933	-1.609	109.000	38.000	1.000
970140.000	0.500	-0.933	-1.609	109.000	38.000	1.000
970170.000	0.500	-1.073	-1.609	109.000	38.000	1.000
970170.000	0.500	-1.073	-1.609	109.000	38.000	1.000
970170.000	0.500	-1.073	-1.609	109.000	38.000	1.000
970200.000	0.500	-1.223	-1.609	109.000	38.000	1.000
970200.000	0.500	-1.223	-1.609	109.000	38.000	1.000
970200.000	0.500	-1.223	-1.609	109.000	38.000	1.000
970230.000	0.500	-1.373	-1.609	109.000	38.000	1.000
970230.000	0.500	-1.373	-1.609	109.000	38.000	1.000
970230.000	0.500	-1.373	-1.609	109.000	38.000	1.000
970260.000	0.500	-1.533	-1.609	109.000	38.000	1.000
970260.000	0.500	-1.533	-1.609	109.000	38.000	1.000
970260.000	0.500	-1.533	-1.609	109.000	38.000	1.000
970290.000	0.500	-1.703	-1.609	109.000	38.000	1.000
970290.000	0.500	-1.703	-1.609	109.000	38.000	1.000
970290.000	0.500	-1.703	-1.609	109.000	38.000	1.000
970320.000	0.500	-1.893	-1.609	109.000	38.000	1.000
970320.000	0.500	-1.893	-1.609	109.000	38.000	1.000
970320.000	0.500	-1.893	-1.609	109.000	38.000	1.000
970350.000	0.500	-2.073	-1.609	109.000	38.000	1.000
970350.000	0.500	-2.073	-1.609	109.000	38.000	1.000
970350.000	0.500	-2.073	-1.609	109.000	38.000	1.000
970380.000	0.500	-2.273	-1.609	109.000	38.000	1.000
970380.000	0.500	-2.273	-1.609	109.000	38.000	1.000
970380.000	0.500	-2.273	-1.609	109.000	38.000	1.000
970410.000	0.500	-2.483	-1.609	109.000	38.000	1.000
970410.000	0.500	-2.483	-1.609	109.000	38.000	1.000
970410.000	0.500	-2.483	-1.609	109.000	38.000	1.000
970440.000	0.500	-2.693	-1.609	109.000	38.000	1.000
970440.000	0.500	-2.693	-1.609	109.000	38.000	1.000
970440.000	0.500	-2.693	-1.609	109.000	38.000	1.000
970470.000	0.500	-2.913	-1.000	109.000	38.000	1.000
970470.000	0.500	-2.913	-1.000	109.000	38.000	1.000
970470.000	0.500	-2.913	-1.000	109.000	38.000	1.000
970500.000	0.500	-3.133	-0.297	109.000	38.000	1.000
970500.000	0.500	-3.133	-0.297	109.000	38.000	1.000
970500.000	0.500	-3.133	-0.297	109.000	38.000	1.000
970530.000	0.500	2.930	0.219	109.000	38.000	1.000
970530.000	0.500	2.930	0.219	109.000	38.000	1.000
970530.000	0.500	2.930	0.219	109.000	38.000	1.000
970560.000	0.500	2.700	0.828	109.000	38.000	1.000
970560.000	0.500	2.700	0.828	109.000	38.000	1.000
970560.000	0.500	2.700	0.828	109.000	38.000	1.000
970590.000	0.500	2.490	1.203	109.000	38.000	1.000
970590.000	0.500	2.490	1.203	109.000	38.000	1.000
970590.000	0.500	2.490	1.203	109.000	38.000	1.000
970620.000	0.500	2.280	1.391	109.000	38.000	1.000
970620.000	0.500	2.280	1.391	109.000	38.000	1.000
970620.000	0.500	2.280	1.391	109.000	38.000	1.000
970650.000	0.500	2.080	1.594	109.000	38.000	1.000
970650.000	0.500	2.080	1.594	109.000	38.000	1.000
970650.000	0.500	2.080	1.594	109.000	38.000	1.000
970680.000	0.500	1.890	1.594	109.000	38.000	1.000
970680.000	0.500	1.890	1.594	109.000	38.000	1.000
970680.000	0.500	1.890	1.594	109.000	38.000	1.000
970710.000	0.500	1.710	1.594	109.000	38.000	1.000
970710.000	0.500	1.710	1.594	109.000	38.000	1.000
970710.000	0.500	1.710	1.594	109.000	38.000	1.000
970740.000	0.500	1.550	1.594	109.000	38.000	1.000
970740.000	0.500	1.550	1.594	109.000	38.000	1.000
970740.000	0.500	1.550	1.594	109.000	38.000	1.000
970770.000	0.500	1.400	1.594	109.000	38.000	1.000
970770.000	0.500	1.400	1.594	109.000	38.000	1.000
970770.000	0.500	1.400	1.594	109.000	38.000	1.000
970800.000	0.500	1.250	1.594	109.000	38.000	1.000
970800.000	0.500	1.250	1.594	109.000	38.000	1.000
970800.000	0.500	1.250	1.594	109.000	38.000	1.000
970830.000	0.500	1.120	1.594	109.000	38.000	1.000
970830.000	0.500	1.120	1.594	109.000	38.000	1.000
970830.000	0.500	1.120	1.594	109.000	38.000	1.000
970860.000	0.500	1.010	1.594	109.000	38.000	1.000
970860.000	0.500	1.010	1.594	109.000	38.000	1.000
970860.000	0.500	1.010	1.594	109.000	38.000	1.000
970890.000	0.500	0.900	1.594	109.000	38.000	1.000
970890.000	0.500	0.900	1.594	109.000	38.000	1.000
970890.000	0.500	0.900	1.594	109.000	38.000	1.000
970920.000	0.500	0.810	1.594	109.000	38.000	1.000
970920.000	0.500	0.810	1.594	109.000	38.000	1.000
970920.000	0.500	0.810	1.594	109.000	38.000	1.000
970950.000	0.500	0.730	1.578	109.000	38.000	1.000
970950.000	0.500	0.730	1.578	109.000	38.000	1.000
970950.000	0.500	0.730	1.578	109.000	38.000	1.000
970980.000	0.500	0.660	1.406	109.000	38.000	1.000
970980.000	0.500	0.660	1.406	109.000	38.000	1.000
970980.000	0.500	0.660	1.406	109.000	38.000	1.000
971010.000	0.500	0.600	1.250	109.000	38.000	1.000
971010.000	0.500	0.600	1.250	109.000	38.000	1.000
971010.000	0.500	0.600	1.250	109.000	38.000	1.000
971040.000	0.500	0.550	1.125	109.000	38.000	1.000
971040.000	0.500	0.550	1.125	109.000	38.000	1.000
971040.000	0.500	0.550	1.125	109.000	38.000	1.000
971070.000	0.500	0.510	0.922	109.000	38.000	1.000
971070.000	0.500	0.510	0.922	109.000	38.000	1.000
971070.000	0.500	0.510	0.922	109.000	38.000	1.000
971100.000	0.500	0.480	0.812	109.000	38.000	1.000
971100.000	0.500	0.480	0.812	109.000	38.000	1.000
971100.000	0.500	0.480	0.812	109.000	38.000	1.000
971130.000	0.500	0.450	0.687	109.000	38.000	1.000
971130.000	0.500	0.450	0.687	109.000	38.000	1.000
971130.000	0.500	0.450	0.687	109.000	38.000	1.000
971160.000	0.500	0.430	0.609	109.000	38.000	1.000
971160.000	0.500	0.430	0.609	109.000	38.000	1.000
971160.000	0.500	0.430	0.609	109.000	38.000	1.000
971190.000	0.500	0.420	0.484	109.000	38.000	1.000
971190.000	0.500	0.420	0.484	109.000	38.000	1.000
971190.000	0.500	0.420	0.484	109.000	38.000	1.000
971220.000	0.500	0.410	0.406	109.000	38.000	1.000
971220.000	0.500	0.410	0.406	109.000	38.000	1.000
971220.000	0.500	0.410	0.406	109.000	38.000	1.000
971250.000	0.500	0.400	0.344	109.000	38.000	1.000
971250.000	0.500	0.400	0.344	109.000	38.000	1.000
971250.000	0.500	0.400	0.344	109.000	38.000	1.000
971280.000	0.500	0.390	0.266	109.000	38.000	1.000
971280.000	0.500	0.390	0.266	109.000	38.000	1.000
971280.000	0.500	0.390	0.266	109.000	38.000	1.000
971310.000	0.500	0.390	0.203	109.000	38.000	1.000
971310.000	0.500	0.390	0.203	109.000	38.000	1.000
971310.000	0.500	0.390	0.203	109.000	38.000	1.000
971340.000	0.500	0.390	0.141	109.000	38.000	1.000
971340.000	0.500	0.390	0.141	109.000	38.000	1.000
971340.000	0.500	0.390	0.141	109.000	38.000	1.000
971370.000	0.500	0.390	0.078	109.000	38.000	1.000
971370.000	0.500	0.390	0.078	109.000	38.000	1.000
971370.000	0.500	0.390	0.078	109.000	38.000	1.000
971400.000	0.500	0.400	0.031	109.000	38.000	1.000
971400.000	0.500	0.400	0.031	109.000	38.000	1.000
971400.000	0.500	0.400	0.031	109.000	38.000	1.000
971430.000	0.500	0.400	0.016	109.000	38.000	1.000
971430.000	0.500	0.400	0.016	109.000	38.000	1.000
971430.000	0.500	0.400	0.016	109.000	38.000	1.000
971460.000	0.500	0.400	0.000	109.000	38.000	1.000
971460.000	0.500	0.400	0.000	109.000	38.000	1.000
971460.000	0.500	0.400	0.000	109.000	38.000	1.000
971490.000	0.500	0.410	-0.031	109.000	38.000	1.000
971490.000	0.500	0.410	-0.031	109.000	38.000	1.000
971490.000	0.500	0.410	-0.031	109.000	38.000	1.000
971520.000	0.500	0.410	-0.047	109.000	38.000	1.000
971520.000	0.500	0.410	-0.047	109.000	38.000	1.000
971520.000	0.500	0.410	-0.047	109.000	38.000	1.000
971550.000	0.500	0.420	-0.062	109.000	38.000	1.000
971550.000	0.500	0.420	-0.062	109.000	38.000	1.000
971550.000	0.500	0.420	-0.062	109.000	38.000	1.000
971580.000	0.500	0.420	-0.078	109.000	38.000	1.000
971580.000	0.500	0.420	-0.078	109.000	38.000	1.000
971580.000	0.500	0.420	-0.078	109.000	38.000	1.000
971610.000	0.500	0.430	-0.094	109.000	38.000	1.000
971610.000	0.500	0.430	-0.094	109.000	38.000	1.000
971610.000	0.500	0.430	-0.094	109.000	38.000	1.000
971640.000	0.500	0.430	-0.094	109.000	38.000	1.000
971640.000	0.500	0.430	-0.094	109.000	38.000	1.000
971640.000	0.500	0.430	-0.094	109.000	38.000	1.000
971670.000	0.500	0.440	-0.094	109.000	38.000	1.000
971670.000	0.500	0.440	-0.094	109.000	38.000	1.000
971670.000	0.500	0.440	-0.094	109.000	38.000	1.000
971700.000	0.500	0.440	-0.109	109.000	38.000	1.000
971700.000	0.500	0.440	-0.109	109.000	38.000	1.000
971700.000	0.500	0.440	-0.109	109.000	38.000	1.000
971730.000	0.500	0.450	-0.109	109.000	38.000	1.000
971730.000	0.500	0.450	-0.109	109.000	38.000	1.000
971730.000	0.500	0.450	-0.109	109.000	38.000	1.000
971760.000	0.500	0.450	-0.109	109.000	38.000	1.000
971760.000	0.500	0.450	-0.109	109.000	38.000	1.000
971760.000	0.500	0.450	-0.109	109.000	38.000	1.000
971790.000	0.500	0.450	-0.094	109.000	38.000	1.000
971790.000	0.500	0.450	-0.094	109.000	38.000	1.000
971790.000	0.500	0.450	-0.094	109.000	38.000	1.000
971820.000	0.500	0.460	-0.094	109.000	38.000	1.000
971820.000	0.500	0.460	-0.094	109.000	38.000	1.000
971820.000	0.500	0.460	-0.094	109.000	38.000	1.000
971850.000	0.500	0.460	-0.078	109.000	38.000	1.000
971850.000	0.500	0.460	-0.078	109.000	38.000	1.000
971850.000	0.500	0.460	-0.078	109.000	38.000	1.000
971880.000	0.500	0.460	-0.078	109.000	38.000	1.000
971880.000	0.500	0.460	-0.078	109.000	38.000	1.000
971880.000	0.500	0.460	-0.078	109.000	38.000	1.000
971910.000	0.500	0.460	-0.078	109.000	38.000	1.000
971910.000	0.500	0.460	-0.078	109.000	38.000	1.000
971910.000	0.500	0.460	-0.078	109.000	38.000	1.000
971940.000	0.500	0.460	-0.078	109.000	38.000	1.000
971940.000	0.500	0.460	-0.078	109.000	38.000	1.000
971940.000	0.500	0.460	-0.078	109.000	38.000	1.000
971970.000	0.500	0.460	-0.062	109.000	38.000	1.000
971970.000	0.500	0.460	-0.062	109.000	38.000	1.000
971970.000	0.500	0.460	-0.062	109.000	38.000	1.000
972000.000	0.500	0.470	-0.062	109.000	38.000	1.000
972000.000	0.500	0.470	-0.062	109.000	38.000	1.000
972000.000	0.500	0.470	-0.062	109.000	38.000	1.000
972030.000	0.500	0.470	-0.047	109.000	38.000	1.000
972030.000	0.500	0.470	-0.047	109.000	38.000	1.000
972030.000	0.500	0.470	-0.047	109.000	38.000	1.000
972060.000	0.500	0.470	-0.047	109.000	38.000	1.000
972060.000	0.500	0.470	-0.047	109.000	38.000	1.000
972060.000	0.500	0.470	-0.047	109.000	38.000	1.000
972090.000	0.500	0.470	-0.047	109.000	38.000	1.000
972090.000	0.500	0.470	-0.047	109.000	38.000	1.000
972090.000	0.500	0.470	-0.047	109.000	38.000	1.000
972120.000	0.500	0.470	-0.047	109.000	38.000	1.000
972120.000	0.500	0.470	-0.047	109.000	38.000	1.000
972120.000	0.500	0.470	-0.047	109.000	38.000	1.000
972150.000	0.500	0.470	-0.031	109.000	38.000	1.000
972150.000	0.500	0.470	-0.031	109.000	38.000	1.000
972150.000	0.500	0.470	-0.031	109.000	38.000	1.000
972180.000	0.500	0.470	-0.031	109.000	38.000	1.000
972180.000	0.500	0.470	-0.031	109.000	38.000	1.000
972180.000	0.500	0.470	-0.031	109.000	38.000	1.000
972210.000	0.500	0.470	-0.031	109.000	38.000	1.000
972210.000	0.500	0.470	-0.031	109.000	38.000	1.000
972210.000	0.500	0.470	-0.031	109.000	38.000	1.000
972240.000	0.500	0.470	-0.031	109.000	38.000	1.000
972240.000	0.500	0.470	-0.031	109.000	38.000	1.000
972240.000	0.500	0.470	-0.031	109.000	38.000	1.000
972270.000	0.500	0.470	-0.031	109.000	38.000	1.000
972270.000	0.500	0.470	-0.031	109.000	38.000	1.000
972270.000	0.500	0.470	-0.031	109.000	38.000	1.000
972300.000	0.500	0.470	-0.031	109.000	38.000	1.000
972300.000	0.500	0.470	-0.031	109.000	38.000	1.000
972300.000	0.500	0.470	-0.031	109.000	38.000	1.000
972330.000	0.500	0.470	-0.031	109.000	38.000	1.000
972330.000	0.500	0.470	-0.031	109.000	38.000	1.000
972330.000	0.500	0.470	-0.031	109.000	38.000	1.000
972360.000	0.500	0.460	-0.031	109.000	38.000	1.000
972360.000	0.500	0.460	-0.031	109.000	38.000	1.000
972360.000	0.500	0.460	-0.031	109.000	38.000	1.000
972390.000	0.500	0.460	-0.031	109.000	38.000	1.000
972390.000	0.500	0.460	-0.031	109.000	38.000	1.000
972390.000	0.500	0.460	-0.031	109.000	38.000	1.000
972415.000	0.500	0.460	-0.016	109.000	38.000	1.000
972415.000	0.500	0.460	-0.016	109.000	38.000	1.000
972415.000	0.500	0.460	-0.016	109.000	38.000	1.000
972450.000	0.500	0.460	-0.031	109.000	38.000	1.000
972450.000	0.500	0.460	-0.031	109.000	38.000	1.000
972450.000	0.500	0.460	-0.031	109.000	38.000	1.000
972480.000	0.500	0.460	-0.031	109.000	38.000	1.000
972480.000	0.500	0.460	-0.031	109.000	38.000	1.000
972480.000	0.500	0.460	-0.031	109.000	38.000	1.000
972510.000	0.500	0.460	-0.031	109.000	38.000	1.000
972510.000	0.500	0.460	-0.031	109.000	38.000	1.000
972510.000	0.500	0.460	-0.031	109.000	38.000	1.000
972540.000	0.500	0.460	-0.031	109.000	38.000	1.000
972540.000	0.500	0.460	-0.031	109.000	38.000	1.000
972540.000	0.500	0.460	-0.031	109.000	38.000	1.000
972570.000	0.500	0.460	-0.031	109.000	38.000	1.000
972570.000	0.500	0.460	-0.031	109.000	38.000	1.000
972570.000	0.500	0.460	-0.031	109.000	38.000	1.000
972595.000	0.500	0.460	-0.031	109.000	38.000	1.000
972595.000	0.500	0.460	-0.031	109.000	38.000	1.000
972595.000	0.500	0.460	-0.031	109.000	38.000	1.000
972630.000	0.500	0.460	-0.031	109.000	38.000	1.000
972630.000	0.500	0.460	-0.031	109.000	38.000	1.000
972630.000	0.500	0.460	-0.031	109.000	38.000	1.000
972660.000	0.500	0.460	-0.031	109.000	38.000	1.000
972660.000	0.500	0.460	-0.031	109.000	38.000	1.000
972660.000	0.500	0.460	-0.031	109.000	38.000	1.000
972690.000	0.500	0.460	-0.031	109.000	38.000	1.000
972690.000	0.500	0.460	-0.031	109.000	38.000	1.000
972690.000	0.500	0.460	-0.031	109.000	38.000	1.000
972715.000	0.500	0.460	-0.031	109.000	38.000	1.000
972715.000	0.500	0.460	-0.031	109.000	38.000	1.000
972715.000	0.500	0.460	-0.031	109.000	38.000	1.000
972750.000	0.500	0.460	-0.031	109.000	38.000	1.000
972750.000	0.500	0.460	-0.031	109.000	38.000	1.000
972750.000	0.500	0.460	-0.031	109.000	38.000	1.000
972780.000	0.500	0.460	-0.031	109.000	38.000	1.000
972780.000	0.500	0.460	-0.031	109.000	38.000	1.000
972780.000	0.500	0.460	-0.031	109.000	38.000	1.000
972810.000	0.500	0.460	-0.031	109.000	38.000	1.000
972810.000	0.500	0.460	-0.031	109.000	38.000	1.000
972810.000	0.500	0.460	-0.031	109.000	38.000	1.000
972840.000	0.500	0.460	-0.031	109.000	38.000	1.000
972840.000	0.500	0.460	-0.031	109.000	38.000	1.000
972840.000	0.500	0.460	-0.031	109.000	38.000	1.000
972865.000	0.500	0.460	-0.031	109.000	38.000	1.000
972865.000	0.500	0.460	-0.031	109.000	38.000	1.000
972865.000	0.500	0.460	-0.031	109.000	38.000	1.000
972900.000	0.500	0.460	-0.031	109.000	38.000	1.000
972900.000	0.500	0.460	-0.031	109.000	38.000	1.000
972900.000	0.500	0.460	-0.031	109.000	38.000	1.000
972930.000	0.500	0.460	-0.031	109.000	38.000	1.000
972930.000	0.500	0.460	-0.031	109.000	38.000	1.000
972930.000	0.500	0.460	-0.031	109.000	38.000	1.000
972960.000	0.500	0.460	-0.047	109.000	38.000	1.000
972960.000	0.500	0.460	-0.047	109.000	38.000	1.000
972960.000	0.500	0.460	-0.047	109.000	38.000	1.000
972990.000	0.500	0.460	-0.031	109.000	38.000	1.000
972990.000	0.500	0.460	-0.031	109.000	38.000	1.000
972990.000	0.500	0.460	-0.031	109.000	38.000	1.000
973020.000	0.500	0.460	-0.031	109.000	38.000	1.000
973020.000	0.500	0.460	-0.031	109.000	38.000	1.000
973020.000	0.500	0.460	-0.031	109.000	38.000	1.000
973050.000	0.500	0.460	-0.031	109.000	38.000	1.000
973050.000	0.500	0.460	-0.031	109.000	38.000	1.000
973050.000	0.500	0.460	-0.031	109.000	38.000	1.000
973080.000	0.500	0.460	-0.031	109.000	38.000	1.000
973080.000	0.500	0.460	-0.031	109.000	38.000	1.000
973080.000	0.500	0.460	-0.031	109.000	38.000	1.000
973105.000	0.500	0.460	-0.031	109.000	38.000	1.000
973105.000	0.500	0.460	-0.031	109.000	38.000	1.000
973105.000	0.500	0.460	-0.031	109.000	38.000	1.000
973135.000	0.500	0.460	-0.031	109.000	38.000	1.000
973135.000	0.500	0.460	-0.031	109.000	38.000	1.000
973135.000	0.500	0.460	-0.031	109.000	38.000	1.000
973170.000	0.500	0.460	-0.031	109.000	38.000	1.000
973170.000	0.500	0.460	-0.031	109.000	38.000	1.000
973170.000	0.500	0.460	-0.031	109.000	38.000	1.000
973200.000	0.500	0.460	-0.031	109.000	38.000	1.000
973200.000	0.500	0.460	-0.031	109.000	38.000	1.000
973200.000	0.500	0.460	-0.031	109.000	38.000	1.000
973225.000	0.500	0.460	-0.031	109.000	38.000	1.000
973225.000	0.500	0.460	-0.031	109.000	38.000	1.000
973225.000	0.500	0.460	-0.031	109.000	38.000	1.000
973260.000	0.500	0.460	-0.031	109.000	38.000	1.000
973260.000	0.500	0.460	-0.031	109.000	38.000	1.000
973260.000	0.500	0.460	-0.031	109.000	38.000	1.000
973285.000	0.500	0.460	-0.031	109.000	38.000	1.000
973285.000	0.500	0.460	-0.031	109.000	38.000	1.000
973285.000	0.500	0.460	-0.031	109.000	38.000	1.000
973320.000	0.500	0.460	-0.031	109.000	38.000	1.000
973320.000	0.500	0.460	-0.031	109.000	38.000	1.000
973320.000	0.500	0.460	-0.031	109.000	38.000	1.000
973345.000	0.500	0.460	-0.031	109.000	38.000	1.000
973345.000	0.500	0.460	-0.031	109.000	38.000	1.000
973345.000	0.500	0.460	-0.031	109.000	38.000	1.000
973375.000	0.500	0.460	-0.031	109.000	38.000	1.000
973375.000	0.500	0.460	-0.031	109.000	38.000	1.000
973375.000	0.500	0.460	-0.031	109.000	38.000	1.000
973410.000	0.500	0.460	-0.031	109.000	38.000	1.000
973410.000	0.500	0.460	-0.031	109.000	38.000	1.000
973410.000	0.500	0.460	-0.031	109.000	38.000	1.000
973440.000	0.500	0.460	-0.031	109.000	38.000	1.000
973440.000	0.500	0.460	-0.031	109.000	38.000	1.000
973440.000	0.500	0.460	-0.031	109.000	38.000	1.000
973465.000	0.500	0.460	-0.031	109.000	38.000	1.000
973465.000	0.500	0.460	-0.031	109.000	38.000	1.000
973465.000	0.500	0.460	-0.031	109.000	38.000	1.000
973495.000	0.500	0.460	-0.031	109.000	38.000	1.000
973495.000	0.500	0.460	-0.031	109.000	38.000	1.000
973495.000	0.500	0.460	-0.031	109.000	38.000	1.000
973525.000	0.500	0.460	-0.031	109.000	38.000	1.000
973525.000	0.500	0.460	-0.031	109.000	38.000	1.000
973525.000	0.500	0.460	-0.031	109.000	38.000	1.000
973560.000	0.500	0.460	-0.031	109.000	38.000	1.000
973560.000	0.500	0.460	-0.031	109.000	38.000	1.000
973560.000	0.500	0.460	-0.031	109.000	38.000	1.000
973590.000	0.500	0.460	-0.031	109.000	38.000	1.000
973590.000	0.500	0.460	-0.031	109.000	38.000	1.000
973590.000	0.500	0.460	-0.031	109.000	38.000	1.000
973620.000	0.500	0.460	-0.031	109.000	38.000	1.000
973620.000	0.500	0.460	-0.031	109.000	38.000	1.000
973620.000	0.500	0.460	-0.031	109.000	38.000	1.000
973650.000	0.500	0.460	-0.031	109.000	38.000	1.000
973650.000	0.500	0.460	-0.031	109.000	38.000	1.000
973650.000	0.500	0.460	-0.031	109.000	38.000	1.000
973680.000	0.500	0.460	-0.031	109.000	38.000	1.000
973680.000	0.500	0.460	-0.031	109.000	38.000	1.000
973680.000	0.500	0.460	-0.031	109.000	38.000	1.000
973710.000	0.500	0.460	-0.031	109.000	38.000	1.000
973710.000	0.500	0.460	-0.031	109.000	38.000	1.000
973710.000	0.500	0.460	-0.031	109.000	38.000	1.000
973735.000	0.500	0.460	-0.031	109.000	38.000	1.000
973735.000	0.500	0.460	-0.031	109.000	38.000	1.000
973735.000	0.500	0.460	-0.031	109.000	38.000	1.000
973765.000	0.500	0.460	-0.031	109.000	38.000	1.000
973765.000	0.500	0.460	-0.031	109.000	38.000	1.000
973765.000	0.500	0.460	-0.031	109.000	38.000	1.000
973800.000	0.500	0.460	-0.031	109.000	38.000	1.000
973800.000	0.500	0.460	-0.031	109.000	38.000	1.000
973800.000	0.500	0.460	-0.031	109.000	38.000	1.000
973825.000	0.500	0.460	-0.031	109.000	38.000	1.000
973825.000	0.500	0.460	-0.031	109.000	38.000	1.000
973825.000	0.500	0.460	-0.031	109.000	38.000	1.000
973860.000	0.500	0.460	-0.031	109.000	38.000	1.000
973860.000	0.500	0.460	-0.031	109.000	38.000	1.000
973860.000	0.500	0.460	-0.031	109.000	38.000	1.000
973885.000	0.500	0.460	-0.031	109.000	38.000	1.000
973885.000	0.500	0.460	-0.031	109.000	38.000	1.000
973885.000	0.500	0.460	-0.031	109.000	38.000	1.000
973915.000	0.500	0.460	-0.031	109.000	38.000	1.000
973915.000	0.500	0.460	-0.031	109.000	38.000	1.000
973915.000	0.500	0.460	-0.031	109.000	38.000	1.000
973945.000	0.500	0.460	-0.031	109.000	38.000	1.000
973945.000	0.500	0.460	-0.031	109.000	38.000	1.000
973945.000	0.500	0.460	-0.031	109.000	38.000	1.000
973975.000	0.500	0.460	-0.031	109.000	38.000	1.000
973975.000	0.500	0.460	-0.031	109.000	38.000	1.000
973975.000	0.500	0.460	-0.031	109.000	38.000	1.000
974005.000	0.500	0.460	-0.031	109.000	38.000	1.000
974005.000	0.500	0.460	-0.031	109.000	38.000	1.000
974005.000	0.500	0.460	-0.031	109.000	38.000	1.000
974035.000	0.500	0.460	-0.031	109.000	38.000	1.000
974035.000	0.500	0.460	-0.031	109.000	38.000	1.000
974035.000	0.500	0.460	-0.031	109.000	38.000	1.000
974065.000	0.500	0.460	-0.031	109.000	38.000	1.000
974065.000	0.500	0.460	-0.031	109.000	38.000	1.000
974065.000	0.500	0.460	-0.031	109.000	38.000	1.000
974095.000	0.500	0.460	-0.031	109.000	38.000	1.000
974095.000	0.500	0.460	-0.031	109.000	38.000	1.000
974095.000	0.500	0.460	-0.031	109.000	38.000	1.000
974130.000	0.500	0.460	-0.031	109.000	38.000	1.000
974130.000	0.500	0.460	-0.031	109.000	38.000	1.000
974130.000	0.500	0.460	-0.031	109.000	38.000	1.000
974155.000	0.500	0.460	-0.031	109.000	38.000	1.000
974155.000	0.500	0.460	-0.031	109.000	38.000	1.000
974155.000	0.500	0.460	-0.031	109.000	38.000	1.000
974185.000	0.500	0.460	-0.031	109.000	38.000	1.000
974185.000	0.500	0.460	-0.031	109.000	38.000	1.000
974185.000	0.500	0.460	-0.031	109.000	38.000	1.000
974215.000	0.500	0.460	-0.031	109.000	38.000	1.000
974215.000	0.500	0.460	-0.031	109.000	38.000	1.000
974215.000	0.500	0.460	-0.031	109.000	38.000	1.000
974245.000	0.500	0.460	-0.031	109.000	38.000	1.000
974245.000	0.500	0.460	-0.031	109.000	38.000	1.000
974245.000	0.500	0.460	-0.031	109.000	38.000	1.000
974280.000	0.500	0.460	-0.031	109.000	38.000	1.000
974280.000	0.500	0.460	-0.031	109.000	38.000	1.000
974280.000	0.500	0.460	-0.031	109.000	38.000	1.000
974305.000	0.500	0.460	-0.031	109.000	38.000	1.000
974305.000	0.500	0.460	-0.031	109.000	38.000	1.000
974305.000	0.500	0.460	-0.031	109.000	38.000	1.000
974335.000	0.500	0.460	-0.031	109.000	38.000	1.000
974335.000	0.500	0.460	-0.031	109.000	38.000	1.000
974335.000	0.500	0.460	-0.031	109.000	38.000	1.000
974365.000	0.500	0.460	-0.031	109.000	38.000	1.000
974365.000	0.500	0.460	-0.031	109.000	38.000	1.000
974365.000	0.500	0.460	-0.031	109.000	38.000	1.000
974395.000	0.500	0.460	-0.031	109.000	38.000	1.000
974395.000	0.500	0.460	-0.031	109.000	38.000	1.000
974395.000	0.500	0.460	-0.031	109.000	38.000	1.000
974425.000	0.500	0.460	-0.031	109.000	38.000	1.000
974425.000	0.500	0.460	-0.031	109.000	38.000	1.000
974425.000	0.500	0.460	-0.031	109.000	38.000	1.000
974455.000	0.500	0.460	-0.031	109.000	38.000	1.000
974455.000	0.500	0.460	-0.031	109.000	38.000	1.000
974455.000	0.500	0.460	-0.031	109.000	38.000	1.000
974485.000	0.500	0.460	-0.031	109.000	38.000	1.000
974485.000	0.500	0.460	-0.031	109.000	38.000	1.000
974485.000	0.500	0.460	-0.031	109.000	38.000	1.000
974515.000	0.500	0.460	-0.031	109.000	38.000	1.000
974515.000	0.500	0.460	-0.031	109.000	38.000	1.000
974515.000	0.500	0.460	-0.031	109.000	38.000	1.000
974545.000	0.500	0.460	-0.031	109.000	38.000	1.000
974545.000	0.500	0.460	-0.031	109.000	38.000	1.000
974545.000	0.500	0.460	-0.031	109.000	38.000	1.000
974575.000	0.500	0.460	-0.031	109.000	38.000	1.000
974575.000	0.500	0.460	-0.031	109.000	38.000	1.000
974575.000	0.500	0.460	-0.031	109.000	38.000	1.000
974605.000	0.500	0.460	-0.031	109.000	38.000	1.000
974605.000	0.500	0.460	-0.031	109.000	38.000	1.000
974605.000	0.500	0.460	-0.031	109.000	38.000	1.000
974635.000	0.500	0.460	-0.031	109.000	38.000	1.000
974635.000	0.500	0.460	-0.031	109.000	38.000	1.000
974635.000	0.500	0.460	-0.031	109.000	38.000	1.000
974665.000	0.500	0.460	-0.031	109.000	38.000	1.000
974665.000	0.500	0.460	-0.031	109.000	38.000	1.000
974665.000	0.500	0.460	-0.031	109.000	38.000	1.000
974695.000	0.500	0.460	-0.031	109.000	38.000	1.000
974695.000	0.500	0.460	-0.031	109.000	38.000	1.000
974695.000	0.500	0.460	-0.031	109.000	38.000	1.000
974725.000	0.500	0.460	-0.031	109.000	38.000	1.000
974725.000	0.500	0.460	-0.031	109.000	38.000	1.000
974725.000	0.500	0.460	-0.031	109.000	38.000	1.000
974755.000	0.500	0.460	-0.031	109.000	38.000	1.000
974755.000	0.500	0.460	-0.031	109.000	38.000	1.000
974755.000	0.500	0.460	-0.031	109.000	38.000	1.000
974785.000	0.500	0.460	-0.031	109.000	38.000	1.000
974785.000	0.500	0.460	-0.031	109.000	38.000	1.000
974785.000	0.500	0.460	-0.031	109.000	38.000	1.000
974820.000	0.500	0.460	-0.031	109.000	38.000	1.000
974820.000	0.500	0.460	-0.031	109.000	38.000	1.000
974820.000	0.500	0.460	-0.031	109.000	38.000	1.000
974845.000	0.500	0.460	-0.031	109.000	38.000	1.000
974845.000	0.500	0.460	-0.031	109.000	38.000	1.000
974845.000	0.500	0.460	-0.031	109.000	38.000	1.000
974875.000	0.500	0.460	-0.031	109.000	38.000	1.000
974875.000	0.500	0.460	-0.031	109.000	38.000	1.000
974875.000	0.500	0.460	-0.031	109.000	38.000	1.000
974905.000	0.500	0.460	-0.031	109.000	38.000	1.000
974905.000	0.500	0.460	-0.031	109.000	38.000	1.000
974905.000	0.500	0.460	-0.031	109.000	38.000	1.000
974935.000	0.500	0.460	-0.031	109.000	38.000	1.000
974935.000	0.500	0.460	-0.031	109.000	38.000	1.000
974935.000	0.500	0.460	-0.031	109.000	38.000	1.000
974965.000	0.500	0.460	-0.031	109.000	38.000	1.000
974965.000	0.500	0.460	-0.031	109.000	38.000	1.000
974965.000	0.500	0.460	-0.031	109.000	38.000	1.000
974995.000	0.500	0.460	-0.031	109.000	38.000	1.000
974995.000	0.500	0.460	-0.031	109.000	38.000	1.000
974995.000	0.500	0.460	-0.031	109.000	38.000	1.000
975025.000	0.500	0.460	-0.031	109.000	38.000	1.000
975025.000	0.500	0.460	-0.031	109.000	38.000	1.000
975025.000	0.500	0.460	-0.031	109.000	38.000	1.000
975055.000	0.500	0.460	-0.031	109.000	38.000	1.000
975055.000	0.500	0.460	-0.031	109.000	38.000	1.000
975055.000	0.500	0.460	-0.031	109.000	38.000	1.000
975085.000	0.500	0.460	-0.031	109.000	38.000	1.000
975085.000	0.500	0.460	-0.031	109.000	38.000	1.000
975085.000	0.500	0.460	-0.031	109.000	38.000	1.000
975115.000	0.500	0.460	-0.031	109.000	38.000	1.000
975115.000	0.500	0.460	-0.031	109.000	38.000	1.000
975115.000	0.500	0.460	-0.031	109.000	38.000	1.000
975145.000	0.500	0.460	-0.031	109.000	38.000	1.000
975145.000	0.500	0.460	-0.031	109.000	38.000	1.000
975145.000	0.500	0.460	-0.031	109.000	38.000	1.000
975175.000	0.500	0.460	-0.031	109.000	38.000	1.000
975175.000	0.500	0.460	-0.031	109.000	38.000	1.000
975175.000	0.500	0.460	-0.031	109.000	38.000	1.000
975205.000	0.500	0.460	-0.031	109.000	38.000	1.000
975205.000	0.500	0.460	-0.031	109.000	38.000	1.000
975205.000	0.500	0.460	-0.031	109.000	38.000	1.000
975235.000	0.500	0.460	-0.031	109.000	38.000	1.000
975235.000	0.500	0.460	-0.031	109.000	38.000	1.000
975235.000	0.500	0.460	-0.031	109.000	38.000	1.000
975265.000	0.500	0.460	-0.031	109.000	38.000	1.000
975265.000	0.500	0.460	-0.031	109.000	38.000	1.000
975265.000	0.500	0.460	-0.031	109.000	38.000	1.000
975295.000	0.500	0.460	-0.031	109.000	38.000	1.000
975295.000	0.500	0.460	-0.031	109.000	38.000	1.000
975295.000	0.500	0.460	-0.031	109.000	38.000	1.000
975325.000	0.500	0.460	-0.031	109.000	38.000	1.000
975325.000	0.500	0.460	-0.031	109.000	38.000	1.000
975325.000	0.500	0.460	-0.031	109.000	38.000	1.000
975355.000	0.500	0.460	-0.031	109.000	38.000	1.000
975355.000	0.500	0.460	-0.031	109.000	38.000	1.000
975355.000	0.500	0.460	-0.031	109.000	38.000	1.000
975385.000	0.500	0.460	-0.031	109.000	38.000	1.000
975385.000	0.500	0.460	-0.031	109.000	38.000	1.000
975385.000	0.500	0.460	-0.031	109.000	38.000	1.000
975415.000	0.500	0.460	-0.031	109.000	38.000	1.000
975415.000	0.500	0.460	-0.031	109.000	38.000	1.000
975415.000	0.500	0.460	-0.031	109.000	38.000	1.000
975445.000	0.500	0.460	-0.031	109.000	38.000	1.000
975445.000	0.500	0.460	-0.031	109.000	38.000	1.000
975445.000	0.500	0.460	-0.031	109.000	38.000	1.000
975475.000	0.500	0.460	-0.031	109.000	38.000	1.000
975475.000	0.500	0.460	-0.031	109.000	38.000	1.000
975475.000	0.500	0.460	-0.031	109.000	38.000	1.000
975505.000	0.500	0.460	-0.031	109.000	38.000	1.000
975505.000	0.500	0.460	-0.031	109.000	38.000	1.000
975505.000	0.500	0.460	-0.031	109.000	38.000	1.000
975535.000	0.500	0.460	-0.031	109.000	38.000	1.000
975535.000	0.500	0.460	-0.031	109.000	38.000	1.000
975535.000	0.500	0.460	-0.031	109.000	38.000	1.000
975565.000	0.500	0.460	-0.031	109.000	38.000	1.000
975565.000	0.500	0.460	-0.031	109.000	38.000	1.000
975565.000	0.500	0.460	-0.031	109.000	38.000	1.000
975595.000	0.500	0.460	-0.031	109.000	38.000	1.000
975595.000	0.500	0.460	-0.031	109.000	38.000	1.000
975595.000	0.500	0.460	-0.031	109.000	38.000	1.000
975625.000	0.500	0.460	-0.031	109.000	38.000	1.000
975625.000	0.500	0.460	-0.031	109.000	38.000	1.000
975625.000	0.500	0.460	-0.031	109.000	38.000	1.000
975655.000	0.500	0.460	-0.031	109.000	38.000	1.000
975655.000	0.500	0.460	-0.031	109.000	38.000	1.000
975655.000	0.500	0.460	-0.031	109.000	38.000	1.000
975685.000	0.500	0.460	-0.031	109.000	38.000	1.000
975685.000	0.500	0.460	-0.031	109.000	38.000	1.000
975685.000	0.500	0.460	-0.031	109.000	38.000	1.000
975715.000	0.500	0.460	-0.031	109.000	38.000	1.000
975715.000	0.500	0.460	-0.031	109.000	38.000	1.000
975715.000	0.500	0.460	-0.031	109.000	38.000	1.000
975745.000	0.500	0.460	-0.016	109.000	38.000	1.000
975745.000	0.500	0.460	-0.016	109.000	38.000	1.000
975745.000	0.500	0.460	-0.016	109.000	38.000	1.000
975775.000	0.500	0.460	-0.031	109.000	38.000	1.000
975775.000	0.500	0.460	-0.031	109.000	38.000	1.000
975775.000	0.500	0.460	-0.031	109.000	38.000	1.000
975805.000	0.500	0.460	-0.031	109.000	38.000	1.000
975805.000	0.500	0.460	-0.031	109.000	38.000	1.000
975805.000	0.500	0.460	-0.031	109.000	38.000	1.000
975835.000	0.500	0.460	-0.031	109.000	38.000	1.000
975835.000	0.500	0.460	-0.031	109.000	38.000	1.000
975835.000	0.500	0.460	-0.031	109.000	38.000	1.000
975865.000	0.500	0.460	-0.031	109.000	38.000	1.000
975865.000	0.500	0.460	-0.031	109.000	38.000	1.000
975865.000	0.500	0.460	-0.031	109.000	38.000	1.000
975895.000	0.500	0.460	-0.031	109.000	38.000	1.000
975895.000	0.500	0.460	-0.031	109.000	38.000	1.000
975895.000	0.500	0.460	-0.031	109.000	38.000	1.000
975925.000	0.500	0.460	-0.031	109.000	38.000	1.000
975925.000	0.500	0.460	-0.031	109.000	38.000	1.000
975925.000	0.500	0.460	-0.031	109.000	38.000	1.000
975955.000	0.500	0.460	-0.031	109.000	38.000	1.000
975955.000	0.500	0.460	-0.031	109.000	38.000	1.000
975955.000	0.500	0.460	-0.031	109.000	38.000	1.000
975985.000	0.500	0.460	-0.031	109.000	38.000	1.000
975985.000	0.500	0.460	-0.031	109.000	38.000	1.000
975985.000	0.500	0.460	-0.031	109.000	38.000	1.000
976015.000	0.500	0.460	-0.031	109.000	38.000	1.000
976015.000	0.500	0.460	-0.031	109.000	38.000	1.000
976015.000	0.500	0.460	-0.031	109.000	38.000	1.000
976045.000	0.500	0.460	-0.031	109.000	38.000	1.000
976045.000	0.500	0.460	-0.031	109.000	38.000	1.000
976045.000	0.500	0.460	-0.031	109.000	38.000	1.000
976075.000	0.500	0.460	-0.031	109.000	38.000	1.000
976075.000	0.500	0.460	-0.031	109.000	38.000	1.000
976075.000	0.500	0.460	-0.031	109.000	38.000	1.000
976105.000	0.500	0.460	-0.031	109.000	38.000	1.000
976105.000	0.500	0.460	-0.031	109.000	38.000	1.000
976105.000	0.500	0.460	-0.031	109.000	38.000	1.000
976135.000	0.500	0.460	-0.031	109.000	38.000	1.000
976135.000	0.500	0.460	-0.031	109.000	38.000	1.000
976135.000	0.500	0.460	-0.031	109.000	38.000	1.000
976165.000	0.500	0.460	-0.031	109.000	38.000	1.000
976165.000	0.500	0.460	-0.031	109.000	38.000	1.000
976165.000	0.500	0.460	-0.031	109.000	38.000	1.000
976195.000	0.500	0.460	0.000	109.000	38.000	1.000
976195.000	0.500	0.460	0.000	109.000	38.000	1.000
976195.000	0.500	0.460	0.000	109.000	38.000	1.000
976225.000	0.500	0.460	0.000	109.000	38.000	1.000
976225.000	0.500	0.460	0.000	109.000	38.000	1.000
976225.000	0.500	0.460	0.000	109.000	38.000	1.000
976255.000	0.500	0.460	0.000	109.000	38.000	1.000
976255.000	0.500	0.460	0.000	109.000	38.000	1.000
976255.000	0.500	0.460	0.000	109.000	38.000	1.000
976285.000	0.500	0.470	0.000	109.000	38.000	1.000
976285.000	0.500	0.470	0.000	109.000	38.000	1.000
976285.000	0.500	0.470	0.000	109.000	38.000	1.000
976315.000	0.500	0.470	0.000	109.000	38.000	1.000
976315.000	0.500	0.470	0.000	109.000	38.000	1.000
976315.000	0.500	0.470	0.000	109.000	38.000	1.000
976345.000	0.500	0.470	0.000	109.000	38.000	1.000
976345.000	0.500	0.470	0.000	109.000	38.000	1.000
976345.000	0.500	0.470	0.000	109.000	38.000	1.000
976375.000	0.500	0.470	0.000	109.000	38.000	1.000
976375.000	0.500	0.470	0.000	109.000	38.000	1.000
976375.000	0.500	0.470	0.000	109.000	38.000	1.000
976405.000	0.500	0.470	0.000	109.000	38.000	1.000
976405.000	0.500	0.470	0.000	109.000	38.000	1.000
976405.000	0.500	0.470	0.000	109.000	38.000	1.000
976435.000	0.500	0.470	0.000	109.000	38.000	1.000
976435.000	0.500	0.470	0.000	109.000	38.000	1.000
976435.000	0.500	0.470	0.000	109.000	38.000	1.000
976465.000	0.500	0.470	0.000	109.000	38.000	1.000
976465.000	0.500	0.470	0.000	109.000	38.000	1.000
976465.000	0.500	0.470	0.000	109.000	38.000	1.000
976495.000	0.500	0.470	0.000	109.000	38.000	1.000
976495.000	0.500	0.470	0.000	109.000	38.000	1.000
976495.000	0.500	0.470	0.000	109.000	38.000	1.000
976525.000	0.500	0.470	0.000	109.000	38.000	1.000
976525.000	0.500	0.470	0.000	109.000	38.000	1.000
976525.000	0.500	0.470	0.000	109.000	38.000	1.000
976555.000	0.500	0.460	0.000	109.000	38.000	1.000
976555.000	0.500	0.460	0.000	109.000	38.000	1.000
976555.000	0.500	0.460	0.000	109.000	38.000	1.000
976585.000	0.500	0.460	0.000	109.000	38.000	1.000
976585.000	0.500	0.460	0.000	109.000	38.000	1.000
976585.000	0.500	0.460	0.000	109.000	38.000	1.000
976615.000	0.500	0.460	0.000	109.000	38.000	1.000
976615.000	0.500	0.460	0.000	109.000	38.000	1.000
976615.000	0.500	0.460	0.000	109.000	38.000	1.000
976645.000	0.500	0.460	0.000	109.000	38.000	1.000
976645.000	0.500	0.460	0.000	109.000	38.000	1.000
976645.000	0.500	0.460	0.000	109.000	38.000	1.000
976675.000	0.500	0.460	0.000	109.000	38.000	1.000
976675.000	0.500	0.460	0.000	109.000	38.000	1.000
976675.000	0.500	0.460	0.000	109.000	38.000	1.000
976705.000	0.500	0.460	0.000	109.000	38.000	1.000
976705.000	0.500	0.460	0.000	109.000	38.000	1.000
976705.000	0.500	0.460	0.000	109.000	38.000	1.000
976735.000	0.500	0.460	0.000	109.000	38.000	1.000
976735.000	0.500	0.460	0.000	109.000	38.000	1.000
976735.000	0.500	0.460	0.000	109.000	38.000	1.000
976765.000	0.500	0.460	0.000	109.000	38.000	1.000
976765.000	0.500	0.460	0.000	109.000	38.000	1.000
976765.000	0.500	0.460	0.000	109.000	38.000	1.000
976795.000	0.500	0.460	0.000	109.000	38.000	1.000
976795.000	0.500	0.460	0.000	109.000	38.000	1.000
976795.000	0.500	0.460	0.000	109.000	38.000	1.000
976825.000	0.500	0.460	0.000	109.000	38.000	1.000
976825.000	0.500	0.460	0.000	109.000	38.000	1.000
976825.000	0.500	0.460	0.000	109.000	38.000	1.000
976855.000	0.500	0.460	0.000	109.000	38.000	1.000
976855.000	0.500	0.460	0.000	109.000	38.000	1.000
976855.000	0.500	0.460	0.000	109.000	38.000	1.000
976885.000	0.500	0.460	0.000	109.000	38.000	1.000
976885.000	0.500	0.460	0.000	109.000	38.000	1.000
976885.000	0.500	0.460	0.000	109.000	38.000	1.000
976915.000	0.500	0.460	0.000	109.000	38.000	1.000
976915.000	0.500	0.460	0.000	109.000	38.000	1.000
976915.000	0.500	0.460	0.000	109.000	38.000	1.000
976945.000	0.500	0.450	0.000	109.000	38.000	1.000
976945.000	0.500	0.450	0.000	109.000	38.000	1.000
976945.000	0.500	0.450	0.000	109.000	38.000	1.000
976975.000	0.500	0.450	0.000	109.000	38.000	1.000
976975.000	0.500	0.450	0.000	109.000	38.000	1.000
976975.000	0.500	0.450	0.000	109.000	38.000	1.000
977005.000	0.500	0.450	0.000	109.000	38.000	1.000
977005.000	0.500	0.450	0.000	109.000	38.000	1.000
977005.000	0.500	0.450	0.000	109.000	38.000	1.000
977035.000	0.500	0.450	0.000	109.000	38.000	1.000
977035.000	0.500	0.450	0.000	109.000	38.000	1.000
977035.000	0.500	0.450	0.000	109.000	38.000	1.000
977065.000	0.500	0.450	0.000	109.000	38.000	1.000
977065.000	0.500	0.450	0.000	109.000	38.000	1.000
977065.000	0.500	0.450	0.000	109.000	38.000	1.000
977095.000	0.500	0.450	0.000	109.000	38.000	1.000
977095.000	0.500	0.450	0.000	109.000	38.000	1.000
977095.000	0.500	0.450	0.000	109.000	38.000	1.000
977125.000	0.500	0.450	0.000	109.000	38.000	1.000
977125.000	0.500	0.450	0.000	109.000	38.000	1.000
977125.000	0.500	0.450	0.000	109.000	38.000	1.000
977155.000	0.500	0.450	0.000	109.000	38.000	1.000
977155.000	0.500	0.450	0.000	109.000	38.000	1.000
977155.000	0.500	0.450	0.000	109.000	38.000	1.000
977185.000	0.500	0.450	0.000	109.000	38.000	1.000
977185.000	0.500	0.450	0.000	109.000	38.000	1.000
977185.000	0.500	0.450	0.000	109.000	38.000	1.000
977215.000	0.500	0.450	0.000	109.000	38.000	1.000
977215.000	0.500	0.450	0.000	109.000	38.000	1.000
977215.000	0.500	0.450	0.000	109.000	38.000	1.000
977245.000	0.500	0.450	0.000	109.000	38.000	1.000
977245.000	0.500	0.450	0.000	109.000	38.000	1.000
977245.000	0.500	0.450	0.000	109.000	38.000	1.000
977275.000	0.500	0.460	0.000	109.000	38.000	1.000
977275.000	0.500	0.460	0.000	109.000	38.000	1.000
977275.000	0.500	0.460	0.000	109.000	38.000	1.000
977305.000	0.500	0.460	0.000	109.000	38.000	1.000
977305.000	0.500	0.460	0.000	109.000	38.000	1.000
977305.000	0.500	0.460	0.000	109.000	38.000	1.000
977335.000	0.500	0.460	0.000	109.000	38.000	1.000
977335.000	0.500	0.460	0.000	109.000	38.000	1.000
977335.000	0.500	0.460	0.000	109.000	38.000	1.000
977365.000	0.500	0.460	0.000	109.000	38.000	1.000
977365.000	0.500	0.460	0.000	109.000	38.000	1.000
977365.000	0.500	0.460	0.000	109.000	38.000	1.000
977395.000	0.500	0.460	0.000	109.000	38.000	1.000
977395.000	0.500	0.460	0.000	109.000	38.000	1.000
977395.000	0.500	0.460	0.000	109.000	38.000	1.000
977425.000	0.500	0.460	0.000	109.000	38.000	1.000
977425.000	0.500	0.460	0.000	109.000	38.000	1.000
977425.000	0.500	0.460	0.000	109.000	38.000	1.000
977455.000	0.500	0.460	0.000	109.000	38.000	1.000
977455.000	0.500	0.460	0.000	109.000	38.000	1.000
977455.000	0.500	0.460	0.000	109.000	38.000	1.000
977485.000	0.500	0.460	0.000	109.000	38.000	1.000
977485.000	0.500	0.460	0.000	109.000	38.000	1.000
977485.000	0.500	0.460	0.000	109.000	38.000	1.000
977515.000	0.500	0.460	0.000	109.000	38.000	1.000
977515.000	0.500	0.460	0.000	109.000	38.000	1.000
977515.000	0.500	0.460	0.000	109.000	38.000	1.000
977545.000	0.500	0.460	0.000	109.000	38.000	1.000
977545.000	0.500	0.460	0.000	109.000	38.000	1.000
977545.000	0.500	0.460	0.000	109.000	38.000	1.000
977575.000	0.500	0.460	0.000	109.000	38.000	1.000
977575.000	0.500	0.460	0.000	109.000	38.000	1.000
977575.000	0.500	0.460	0.000	109.000	38.000	1.000
977605.000	0.500	0.460	0.000	109.000	38.000	1.000
977605.000	0.500	0.460	0.000	109.000	38.000	1.000
977605.000	0.500	0.460	0.000	109.000	38.000	1.000
977635.000	0.500	0.460	0.000	109.000	38.000	1.000
977635.000	0.500	0.460	0.000	109.000	38.000	1.000
977635.000	0.500	0.460	0.000	109.000	38.000	1.000
977665.000	0.500	0.460	0.000	109.000	38.000	1.000
977665.000	0.500	0.460	0.000	109.000	38.000	1.000
977665.000	0.500	0.460	0.000	109.000	38.000	1.000
977695.000	0.500	0.460	0.000	109.000	38.000	1.000
977695.000	0.500	0.460	0.000	109.000	38.000	1.000
977695.000	0.500	0.460	0.000	109.000	38.000	1.000
977725.000	0.500	0.460	0.000	109.000	38.000	1.000
977725.000	0.500	0.460	0.000	109.000	38.000	1.000
977725.000	0.500	0.460	0.000	109.000	38.000	1.000
977755.000	0.500	0.460	0.000	109.000	38.000	1.000
977755.000	0.500	0.460	0.000	109.000	38.000	1.000
977755.000	0.500	0.460	0.000	109.000	38.000	1.000
977785.000	0.500	0.460	0.000	109.000	38.000	1.000
