%ArduinoTime [ms]	Reference Position [rad]	Measured Position [rad]	Actual Current [A]	Proportional Gain [Kp]	Derivative Gain [Kd]	Integral Gain [Ki]	%3/10/20231:53 PM
0.000	0.000	0.000	0.000	0.000	0.000	0.000
961530.000	0.000	0.470	-1.031	100.000	0.000	0.000
961530.000	0.000	0.470	-1.031	100.000	0.000	0.000
961560.000	0.000	0.470	-1.062	100.000	0.000	0.000
961560.000	0.000	0.470	-1.062	100.000	0.000	0.000
961560.000	0.000	0.470	-1.062	100.000	0.000	0.000
961590.000	0.000	0.470	-1.031	100.000	0.000	0.000
961590.000	0.000	0.470	-1.031	100.000	0.000	0.000
961590.000	0.000	0.470	-1.031	100.000	0.000	0.000
961620.000	0.000	0.470	-1.062	100.000	0.000	0.000
961620.000	0.000	0.470	-1.062	100.000	0.000	0.000
961620.000	0.000	0.470	-1.062	100.000	0.000	0.000
961650.000	0.000	0.470	-1.031	100.000	0.000	0.000
961650.000	0.000	0.470	-1.031	100.000	0.000	0.000
961650.000	0.000	0.470	-1.031	100.000	0.000	0.000
961680.000	0.000	0.470	-1.047	100.000	0.000	0.000
961680.000	0.000	0.470	-1.047	100.000	0.000	0.000
961680.000	0.000	0.470	-1.047	100.000	0.000	0.000
961710.000	0.000	0.470	-1.047	100.000	0.000	0.000
961710.000	0.000	0.470	-1.047	100.000	0.000	0.000
961710.000	0.000	0.470	-1.047	100.000	0.000	0.000
961740.000	0.000	0.470	-1.047	100.000	0.000	0.000
961740.000	0.000	0.470	-1.047	100.000	0.000	0.000
961740.000	0.000	0.470	-1.047	100.000	0.000	0.000
961770.000	0.000	0.470	-1.031	100.000	0.000	0.000
961770.000	0.000	0.470	-1.031	100.000	0.000	0.000
961770.000	0.000	0.470	-1.031	100.000	0.000	0.000
961800.000	0.000	0.470	-1.062	100.000	0.000	0.000
961800.000	0.000	0.470	-1.062	100.000	0.000	0.000
961800.000	0.000	0.470	-1.062	100.000	0.000	0.000
961830.000	0.000	0.470	-1.031	100.000	0.000	0.000
961830.000	0.000	0.470	-1.031	100.000	0.000	0.000
961830.000	0.000	0.470	-1.031	100.000	0.000	0.000
961860.000	0.000	0.470	-1.062	100.000	0.000	0.000
961860.000	0.000	0.470	-1.062	100.000	0.000	0.000
961860.000	0.000	0.470	-1.062	100.000	0.000	0.000
961890.000	0.000	0.470	-1.031	100.000	0.000	0.000
961890.000	0.000	0.470	-1.031	100.000	0.000	0.000
961890.000	0.000	0.470	-1.031	100.000	0.000	0.000
961920.000	0.000	0.470	-1.062	100.000	0.000	0.000
961920.000	0.000	0.470	-1.062	100.000	0.000	0.000
961920.000	0.000	0.470	-1.062	100.000	0.000	0.000
961950.000	0.000	0.470	-1.031	100.000	0.000	0.000
961950.000	0.000	0.470	-1.031	100.000	0.000	0.000
961950.000	0.000	0.470	-1.031	100.000	0.000	0.000
961980.000	0.000	0.470	-1.062	100.000	0.000	0.000
961980.000	0.000	0.470	-1.062	100.000	0.000	0.000
961980.000	0.000	0.470	-1.062	100.000	0.000	0.000
962010.000	0.000	0.470	-1.047	100.000	0.000	0.000
962010.000	0.000	0.470	-1.047	100.000	0.000	0.000
962010.000	0.000	0.470	-1.047	100.000	0.000	0.000
962040.000	0.000	0.470	-1.047	100.000	0.000	0.000
962040.000	0.000	0.470	-1.047	100.000	0.000	0.000
962040.000	0.000	0.470	-1.047	100.000	0.000	0.000
962070.000	0.000	0.470	-1.047	100.000	0.000	0.000
962070.000	0.000	0.470	-1.047	100.000	0.000	0.000
962070.000	0.000	0.470	-1.047	100.000	0.000	0.000
962100.000	0.000	0.470	-1.062	100.000	0.000	0.000
962100.000	0.000	0.470	-1.062	100.000	0.000	0.000
962100.000	0.000	0.470	-1.062	100.000	0.000	0.000
962130.000	0.000	0.470	-1.047	100.000	0.000	0.000
962130.000	0.000	0.470	-1.047	100.000	0.000	0.000
962130.000	0.000	0.470	-1.047	100.000	0.000	0.000
962160.000	0.000	0.470	-1.062	100.000	0.000	0.000
962160.000	0.000	0.470	-1.062	100.000	0.000	0.000
962160.000	0.000	0.470	-1.062	100.000	0.000	0.000
962190.000	0.000	0.470	-1.031	100.000	0.000	0.000
962190.000	0.000	0.470	-1.031	100.000	0.000	0.000
962190.000	0.000	0.470	-1.031	100.000	0.000	0.000
962220.000	0.000	0.470	-1.062	100.000	0.000	0.000
962220.000	0.000	0.470	-1.062	100.000	0.000	0.000
962220.000	0.000	0.470	-1.062	100.000	0.000	0.000
962250.000	0.000	0.470	-1.031	100.000	0.000	0.000
962250.000	0.000	0.470	-1.031	100.000	0.000	0.000
962250.000	0.000	0.470	-1.031	100.000	0.000	0.000
962280.000	0.000	0.470	-1.062	100.000	0.000	0.000
962280.000	0.000	0.470	-1.062	100.000	0.000	0.000
962280.000	0.000	0.470	-1.062	100.000	0.000	0.000
962310.000	0.000	0.470	-1.000	100.000	0.000	0.000
962310.000	0.000	0.470	-1.000	100.000	0.000	0.000
962310.000	0.000	0.470	-1.000	100.000	0.000	0.000
962340.000	0.000	0.470	-1.047	100.000	0.000	0.000
962340.000	0.000	0.470	-1.047	100.000	0.000	0.000
962340.000	0.000	0.470	-1.047	100.000	0.000	0.000
962370.000	0.000	0.470	-1.047	100.000	0.000	0.000
962370.000	0.000	0.470	-1.047	100.000	0.000	0.000
962370.000	0.000	0.470	-1.047	100.000	0.000	0.000
962400.000	0.000	0.470	-1.062	100.000	0.000	0.000
962400.000	0.000	0.470	-1.062	100.000	0.000	0.000
962400.000	0.000	0.470	-1.062	100.000	0.000	0.000
962430.000	0.000	0.470	-1.031	100.000	0.000	0.000
962430.000	0.000	0.470	-1.031	100.000	0.000	0.000
962430.000	0.000	0.470	-1.031	100.000	0.000	0.000
962460.000	0.000	0.470	-1.062	100.000	0.000	0.000
962460.000	0.000	0.470	-1.062	100.000	0.000	0.000
962460.000	0.000	0.470	-1.062	100.000	0.000	0.000
962490.000	0.000	0.470	-1.031	100.000	0.000	0.000
962490.000	0.000	0.470	-1.031	100.000	0.000	0.000
962490.000	0.000	0.470	-1.031	100.000	0.000	0.000
962520.000	0.000	0.470	-1.062	100.000	0.000	0.000
962520.000	0.000	0.470	-1.062	100.000	0.000	0.000
962520.000	0.000	0.470	-1.062	100.000	0.000	0.000
962550.000	0.000	0.470	-1.031	100.000	0.000	0.000
962550.000	0.000	0.470	-1.031	100.000	0.000	0.000
962550.000	0.000	0.470	-1.031	100.000	0.000	0.000
962580.000	0.000	0.470	-1.062	100.000	0.000	0.000
962580.000	0.000	0.470	-1.062	100.000	0.000	0.000
962580.000	0.000	0.470	-1.062	100.000	0.000	0.000
962610.000	0.000	0.470	-1.000	100.000	0.000	0.000
962610.000	0.000	0.470	-1.000	100.000	0.000	0.000
962610.000	0.000	0.470	-1.000	100.000	0.000	0.000
962640.000	0.000	0.470	-1.047	100.000	0.000	0.000
962640.000	0.000	0.470	-1.047	100.000	0.000	0.000
962640.000	0.000	0.470	-1.047	100.000	0.000	0.000
962670.000	0.000	0.470	-1.047	100.000	0.000	0.000
962670.000	0.000	0.470	-1.047	100.000	0.000	0.000
962670.000	0.000	0.470	-1.047	100.000	0.000	0.000
962700.000	0.000	0.470	-1.062	100.000	0.000	0.000
962700.000	0.000	0.470	-1.062	100.000	0.000	0.000
962700.000	0.000	0.470	-1.062	100.000	0.000	0.000
962730.000	0.000	0.470	-1.031	100.000	0.000	0.000
962730.000	0.000	0.470	-1.031	100.000	0.000	0.000
962730.000	0.000	0.470	-1.031	100.000	0.000	0.000
962760.000	0.000	0.470	-1.062	100.000	0.000	0.000
962760.000	0.000	0.470	-1.062	100.000	0.000	0.000
962760.000	0.000	0.470	-1.062	100.000	0.000	0.000
962790.000	0.000	0.470	-1.031	100.000	0.000	0.000
962790.000	0.000	0.470	-1.031	100.000	0.000	0.000
962790.000	0.000	0.470	-1.031	100.000	0.000	0.000
962820.000	0.000	0.470	-1.062	100.000	0.000	0.000
962820.000	0.000	0.470	-1.062	100.000	0.000	0.000
962820.000	0.000	0.470	-1.062	100.000	0.000	0.000
962850.000	0.000	0.470	-1.031	100.000	0.000	0.000
962850.000	0.000	0.470	-1.031	100.000	0.000	0.000
962850.000	0.000	0.470	-1.031	100.000	0.000	0.000
962880.000	0.000	0.470	-1.062	100.000	0.000	0.000
962880.000	0.000	0.470	-1.062	100.000	0.000	0.000
962880.000	0.000	0.470	-1.062	100.000	0.000	0.000
962910.000	0.000	0.470	-1.000	100.000	0.000	0.000
962910.000	0.000	0.470	-1.000	100.000	0.000	0.000
962910.000	0.000	0.470	-1.000	100.000	0.000	0.000
962940.000	0.000	0.470	-1.047	100.000	0.000	0.000
962940.000	0.000	0.470	-1.047	100.000	0.000	0.000
962940.000	0.000	0.470	-1.047	100.000	0.000	0.000
962970.000	0.000	0.470	-1.047	100.000	0.000	0.000
962970.000	0.000	0.470	-1.047	100.000	0.000	0.000
962970.000	0.000	0.470	-1.047	100.000	0.000	0.000
963000.000	0.000	0.470	-1.062	100.000	0.000	0.000
963000.000	0.000	0.470	-1.062	100.000	0.000	0.000
963000.000	0.000	0.470	-1.062	100.000	0.000	0.000
963030.000	0.000	0.470	-1.031	100.000	0.000	0.000
963030.000	0.000	0.470	-1.031	100.000	0.000	0.000
963030.000	0.000	0.470	-1.031	100.000	0.000	0.000
963060.000	0.000	0.470	-1.062	100.000	0.000	0.000
963060.000	0.000	0.470	-1.062	100.000	0.000	0.000
963060.000	0.000	0.470	-1.062	100.000	0.000	0.000
963090.000	0.000	0.470	-1.031	100.000	0.000	0.000
963090.000	0.000	0.470	-1.031	100.000	0.000	0.000
963090.000	0.000	0.470	-1.031	100.000	0.000	0.000
963120.000	0.000	0.470	-1.062	100.000	0.000	0.000
963120.000	0.000	0.470	-1.062	100.000	0.000	0.000
963120.000	0.000	0.470	-1.062	100.000	0.000	0.000
963150.000	0.000	0.470	-1.031	100.000	0.000	0.000
963150.000	0.000	0.470	-1.031	100.000	0.000	0.000
963150.000	0.000	0.470	-1.031	100.000	0.000	0.000
963180.000	0.000	0.470	-1.062	100.000	0.000	0.000
963180.000	0.000	0.470	-1.062	100.000	0.000	0.000
963180.000	0.000	0.470	-1.062	100.000	0.000	0.000
963210.000	0.000	0.470	-1.000	100.000	0.000	0.000
963210.000	0.000	0.470	-1.000	100.000	0.000	0.000
963210.000	0.000	0.470	-1.000	100.000	0.000	0.000
963240.000	0.000	0.470	-1.062	100.000	0.000	0.000
963240.000	0.000	0.470	-1.062	100.000	0.000	0.000
963240.000	0.000	0.470	-1.062	100.000	0.000	0.000
963270.000	0.000	0.470	-1.047	100.000	0.000	0.000
963270.000	0.000	0.470	-1.047	100.000	0.000	0.000
963270.000	0.000	0.470	-1.047	100.000	0.000	0.000
963300.000	0.000	0.470	-1.062	100.000	0.000	0.000
963300.000	0.000	0.470	-1.062	100.000	0.000	0.000
963300.000	0.000	0.470	-1.062	100.000	0.000	0.000
963330.000	0.000	0.470	-1.047	100.000	0.000	0.000
963330.000	0.000	0.470	-1.047	100.000	0.000	0.000
963330.000	0.000	0.470	-1.047	100.000	0.000	0.000
963360.000	0.000	0.470	-1.062	100.000	0.000	0.000
963360.000	0.000	0.470	-1.062	100.000	0.000	0.000
963360.000	0.000	0.470	-1.062	100.000	0.000	0.000
963390.000	0.000	0.470	-1.047	100.000	0.000	0.000
963390.000	0.000	0.470	-1.047	100.000	0.000	0.000
963390.000	0.000	0.470	-1.047	100.000	0.000	0.000
963420.000	0.000	0.470	-1.062	100.000	0.000	0.000
963420.000	0.000	0.470	-1.062	100.000	0.000	0.000
963420.000	0.000	0.470	-1.062	100.000	0.000	0.000
963450.000	0.000	0.470	-1.047	100.000	0.000	0.000
963450.000	0.000	0.470	-1.047	100.000	0.000	0.000
963450.000	0.000	0.470	-1.047	100.000	0.000	0.000
963480.000	0.000	0.470	-1.062	100.000	0.000	0.000
963480.000	0.000	0.470	-1.062	100.000	0.000	0.000
963480.000	0.000	0.470	-1.062	100.000	0.000	0.000
963510.000	0.000	0.470	-1.047	100.000	0.000	0.000
963510.000	0.000	0.470	-1.047	100.000	0.000	0.000
963510.000	0.000	0.470	-1.047	100.000	0.000	0.000
963540.000	0.000	0.470	-1.047	100.000	0.000	0.000
963540.000	0.000	0.470	-1.047	100.000	0.000	0.000
963540.000	0.000	0.470	-1.047	100.000	0.000	0.000
963570.000	0.000	0.470	-1.047	100.000	0.000	0.000
963570.000	0.000	0.470	-1.047	100.000	0.000	0.000
963570.000	0.000	0.470	-1.047	100.000	0.000	0.000
963600.000	0.000	0.470	-1.062	100.000	0.000	0.000
963600.000	0.000	0.470	-1.062	100.000	0.000	0.000
963600.000	0.000	0.470	-1.062	100.000	0.000	0.000
963630.000	0.000	0.470	-1.047	100.000	0.000	0.000
963630.000	0.000	0.470	-1.047	100.000	0.000	0.000
963630.000	0.000	0.470	-1.047	100.000	0.000	0.000
963660.000	0.000	0.470	-1.062	100.000	0.000	0.000
963660.000	0.000	0.470	-1.062	100.000	0.000	0.000
963660.000	0.000	0.470	-1.062	100.000	0.000	0.000
963690.000	0.000	0.470	-1.047	100.000	0.000	0.000
963690.000	0.000	0.470	-1.047	100.000	0.000	0.000
963690.000	0.000	0.470	-1.047	100.000	0.000	0.000
963720.000	0.000	0.470	-1.062	100.000	0.000	0.000
963720.000	0.000	0.470	-1.062	100.000	0.000	0.000
963720.000	0.000	0.470	-1.062	100.000	0.000	0.000
963750.000	0.000	0.470	-1.047	100.000	0.000	0.000
963750.000	0.000	0.470	-1.047	100.000	0.000	0.000
963750.000	0.000	0.470	-1.047	100.000	0.000	0.000
963780.000	0.000	0.470	-1.062	100.000	0.000	0.000
963780.000	0.000	0.470	-1.062	100.000	0.000	0.000
963780.000	0.000	0.470	-1.062	100.000	0.000	0.000
963810.000	0.000	0.470	-1.000	100.000	0.000	0.000
963810.000	0.000	0.470	-1.000	100.000	0.000	0.000
963810.000	0.000	0.470	-1.000	100.000	0.000	0.000
963840.000	0.000	0.470	-1.047	100.000	0.000	0.000
963840.000	0.000	0.470	-1.047	100.000	0.000	0.000
963840.000	0.000	0.470	-1.047	100.000	0.000	0.000
963870.000	0.000	0.470	-1.047	100.000	0.000	0.000
963870.000	0.000	0.470	-1.047	100.000	0.000	0.000
963870.000	0.000	0.470	-1.047	100.000	0.000	0.000
963900.000	0.000	0.470	-1.062	100.000	0.000	0.000
963900.000	0.000	0.470	-1.062	100.000	0.000	0.000
963900.000	0.000	0.470	-1.062	100.000	0.000	0.000
963930.000	0.000	0.470	-1.047	100.000	0.000	0.000
963930.000	0.000	0.470	-1.047	100.000	0.000	0.000
963930.000	0.000	0.470	-1.047	100.000	0.000	0.000
963960.000	0.000	0.470	-1.062	100.000	0.000	0.000
963960.000	0.000	0.470	-1.062	100.000	0.000	0.000
963960.000	0.000	0.470	-1.062	100.000	0.000	0.000
963990.000	0.000	0.470	-1.047	100.000	0.000	0.000
963990.000	0.000	0.470	-1.047	100.000	0.000	0.000
963990.000	0.000	0.470	-1.047	100.000	0.000	0.000
964020.000	0.000	0.470	-1.062	100.000	0.000	0.000
964020.000	0.000	0.470	-1.062	100.000	0.000	0.000
964020.000	0.000	0.470	-1.062	100.000	0.000	0.000
964050.000	0.000	0.470	-1.047	100.000	0.000	0.000
964050.000	0.000	0.470	-1.047	100.000	0.000	0.000
964050.000	0.000	0.470	-1.047	100.000	0.000	0.000
964080.000	0.000	0.470	-1.078	100.000	0.000	0.000
964080.000	0.000	0.470	-1.078	100.000	0.000	0.000
964080.000	0.000	0.470	-1.078	100.000	0.000	0.000
964110.000	0.000	0.470	-1.016	100.000	0.000	0.000
964110.000	0.000	0.470	-1.016	100.000	0.000	0.000
964110.000	0.000	0.470	-1.016	100.000	0.000	0.000
964140.000	0.000	0.470	-1.062	100.000	0.000	0.000
964140.000	0.000	0.470	-1.062	100.000	0.000	0.000
964140.000	0.000	0.470	-1.062	100.000	0.000	0.000
964170.000	0.000	0.470	-1.062	100.000	0.000	0.000
964170.000	0.000	0.470	-1.062	100.000	0.000	0.000
964170.000	0.000	0.470	-1.062	100.000	0.000	0.000
964200.000	0.000	0.470	-1.062	100.000	0.000	0.000
964200.000	0.000	0.470	-1.062	100.000	0.000	0.000
964200.000	0.000	0.470	-1.062	100.000	0.000	0.000
964230.000	0.000	0.480	-1.047	100.000	0.000	0.000
964230.000	0.000	0.480	-1.047	100.000	0.000	0.000
964230.000	0.000	0.480	-1.047	100.000	0.000	0.000
964260.000	0.000	0.480	-1.062	100.000	0.000	0.000
964260.000	0.000	0.480	-1.062	100.000	0.000	0.000
964260.000	0.000	0.480	-1.062	100.000	0.000	0.000
964290.000	0.000	0.480	-1.047	100.000	0.000	0.000
964290.000	0.000	0.480	-1.047	100.000	0.000	0.000
964290.000	0.000	0.480	-1.047	100.000	0.000	0.000
964320.000	0.000	0.480	-1.078	100.000	0.000	0.000
964320.000	0.000	0.480	-1.078	100.000	0.000	0.000
964320.000	0.000	0.480	-1.078	100.000	0.000	0.000
964350.000	0.000	0.480	-1.047	100.000	0.000	0.000
964350.000	0.000	0.480	-1.047	100.000	0.000	0.000
964350.000	0.000	0.480	-1.047	100.000	0.000	0.000
964380.000	0.000	0.480	-1.078	100.000	0.000	0.000
964380.000	0.000	0.480	-1.078	100.000	0.000	0.000
964380.000	0.000	0.480	-1.078	100.000	0.000	0.000
964410.000	0.000	0.480	-1.047	100.000	0.000	0.000
964410.000	0.000	0.480	-1.047	100.000	0.000	0.000
964410.000	0.000	0.480	-1.047	100.000	0.000	0.000
964440.000	0.000	0.480	-1.062	100.000	0.000	0.000
964440.000	0.000	0.480	-1.062	100.000	0.000	0.000
964440.000	0.000	0.480	-1.062	100.000	0.000	0.000
964470.000	0.000	0.480	-1.047	100.000	0.000	0.000
964470.000	0.000	0.480	-1.047	100.000	0.000	0.000
964470.000	0.000	0.480	-1.047	100.000	0.000	0.000
964500.000	0.000	0.480	-1.062	100.000	0.000	0.000
964500.000	0.000	0.480	-1.062	100.000	0.000	0.000
964500.000	0.000	0.480	-1.062	100.000	0.000	0.000
964530.000	0.000	0.480	-1.047	100.000	0.000	0.000
964530.000	0.000	0.480	-1.047	100.000	0.000	0.000
964530.000	0.000	0.480	-1.047	100.000	0.000	0.000
964560.000	0.000	0.480	-1.062	100.000	0.000	0.000
964560.000	0.000	0.480	-1.062	100.000	0.000	0.000
964560.000	0.000	0.480	-1.062	100.000	0.000	0.000
964590.000	0.000	0.480	-1.047	100.000	0.000	0.000
964590.000	0.000	0.480	-1.047	100.000	0.000	0.000
964590.000	0.000	0.480	-1.047	100.000	0.000	0.000
964620.000	0.000	0.480	-1.062	100.000	0.000	0.000
964620.000	0.000	0.480	-1.062	100.000	0.000	0.000
964620.000	0.000	0.480	-1.062	100.000	0.000	0.000
964650.000	0.000	0.480	-1.047	100.000	0.000	0.000
964650.000	0.000	0.480	-1.047	100.000	0.000	0.000
964650.000	0.000	0.480	-1.047	100.000	0.000	0.000
964680.000	0.000	0.480	-1.078	100.000	0.000	0.000
964680.000	0.000	0.480	-1.078	100.000	0.000	0.000
964680.000	0.000	0.480	-1.078	100.000	0.000	0.000
964710.000	0.000	0.480	-1.047	100.000	0.000	0.000
964710.000	0.000	0.480	-1.047	100.000	0.000	0.000
964710.000	0.000	0.480	-1.047	100.000	0.000	0.000
964740.000	0.000	0.480	-1.062	100.000	0.000	0.000
964740.000	0.000	0.480	-1.062	100.000	0.000	0.000
964740.000	0.000	0.480	-1.062	100.000	0.000	0.000
964770.000	0.000	0.480	-1.062	100.000	0.000	0.000
964770.000	0.000	0.480	-1.062	100.000	0.000	0.000
964770.000	0.000	0.480	-1.062	100.000	0.000	0.000
964800.000	0.000	0.480	-1.062	100.000	0.000	0.000
964800.000	0.000	0.480	-1.062	100.000	0.000	0.000
964800.000	0.000	0.480	-1.062	100.000	0.000	0.000
964830.000	0.000	0.480	-1.047	100.000	0.000	0.000
964830.000	0.000	0.480	-1.047	100.000	0.000	0.000
964830.000	0.000	0.480	-1.047	100.000	0.000	0.000
964860.000	0.000	0.480	-1.062	100.000	0.000	0.000
964860.000	0.000	0.480	-1.062	100.000	0.000	0.000
964860.000	0.000	0.480	-1.062	100.000	0.000	0.000
964890.000	0.000	0.480	-1.047	100.000	0.000	0.000
964890.000	0.000	0.480	-1.047	100.000	0.000	0.000
964890.000	0.000	0.480	-1.047	100.000	0.000	0.000
964920.000	0.000	0.480	-1.078	100.000	0.000	0.000
964920.000	0.000	0.480	-1.078	100.000	0.000	0.000
964920.000	0.000	0.480	-1.078	100.000	0.000	0.000
964950.000	0.000	0.480	-1.047	100.000	0.000	0.000
964950.000	0.000	0.480	-1.047	100.000	0.000	0.000
964950.000	0.000	0.480	-1.047	100.000	0.000	0.000
964980.000	0.000	0.480	-1.078	100.000	0.000	0.000
964980.000	0.000	0.480	-1.078	100.000	0.000	0.000
964980.000	0.000	0.480	-1.078	100.000	0.000	0.000
965010.000	0.000	0.480	-1.047	100.000	0.000	0.000
965010.000	0.000	0.480	-1.047	100.000	0.000	0.000
965010.000	0.000	0.480	-1.047	100.000	0.000	0.000
965040.000	0.000	0.480	-1.062	100.000	0.000	0.000
965040.000	0.000	0.480	-1.062	100.000	0.000	0.000
965040.000	0.000	0.480	-1.062	100.000	0.000	0.000
965070.000	0.000	0.480	-1.062	100.000	0.000	0.000
965070.000	0.000	0.480	-1.062	100.000	0.000	0.000
965070.000	0.000	0.480	-1.062	100.000	0.000	0.000
965100.000	0.000	0.480	-1.062	100.000	0.000	0.000
965100.000	0.000	0.480	-1.062	100.000	0.000	0.000
965100.000	0.000	0.480	-1.062	100.000	0.000	0.000
965130.000	0.000	0.480	-1.047	100.000	0.000	0.000
965130.000	0.000	0.480	-1.047	100.000	0.000	0.000
965130.000	0.000	0.480	-1.047	100.000	0.000	0.000
965160.000	0.000	0.480	-1.078	100.000	0.000	0.000
965160.000	0.000	0.480	-1.078	100.000	0.000	0.000
965160.000	0.000	0.480	-1.078	100.000	0.000	0.000
965190.000	0.000	0.480	-1.047	100.000	0.000	0.000
965190.000	0.000	0.480	-1.047	100.000	0.000	0.000
965190.000	0.000	0.480	-1.047	100.000	0.000	0.000
965220.000	0.000	0.480	-1.078	100.000	0.000	0.000
965220.000	0.000	0.480	-1.078	100.000	0.000	0.000
965220.000	0.000	0.480	-1.078	100.000	0.000	0.000
965250.000	0.000	0.480	-1.047	100.000	0.000	0.000
965250.000	0.000	0.480	-1.047	100.000	0.000	0.000
965250.000	0.000	0.480	-1.047	100.000	0.000	0.000
965280.000	0.000	0.480	-1.078	100.000	0.000	0.000
965280.000	0.000	0.480	-1.078	100.000	0.000	0.000
965280.000	0.000	0.480	-1.078	100.000	0.000	0.000
965310.000	0.000	0.480	-1.047	100.000	0.000	0.000
965310.000	0.000	0.480	-1.047	100.000	0.000	0.000
965310.000	0.000	0.480	-1.047	100.000	0.000	0.000
965340.000	0.000	0.480	-1.062	100.000	0.000	0.000
965340.000	0.000	0.480	-1.062	100.000	0.000	0.000
965340.000	0.000	0.480	-1.062	100.000	0.000	0.000
965370.000	0.000	0.480	-1.062	100.000	0.000	0.000
965370.000	0.000	0.480	-1.062	100.000	0.000	0.000
965370.000	0.000	0.480	-1.062	100.000	0.000	0.000
965400.000	0.000	0.480	-1.062	100.000	0.000	0.000
965400.000	0.000	0.480	-1.062	100.000	0.000	0.000
965400.000	0.000	0.480	-1.062	100.000	0.000	0.000
965430.000	0.000	0.480	-1.062	100.000	0.000	0.000
965430.000	0.000	0.480	-1.062	100.000	0.000	0.000
965430.000	0.000	0.480	-1.062	100.000	0.000	0.000
965460.000	0.000	0.480	-1.078	100.000	0.000	0.000
965460.000	0.000	0.480	-1.078	100.000	0.000	0.000
965460.000	0.000	0.480	-1.078	100.000	0.000	0.000
965490.000	0.000	0.480	-1.047	100.000	0.000	0.000
965490.000	0.000	0.480	-1.047	100.000	0.000	0.000
965490.000	0.000	0.480	-1.047	100.000	0.000	0.000
965520.000	0.000	0.480	-1.078	100.000	0.000	0.000
965520.000	0.000	0.480	-1.078	100.000	0.000	0.000
965520.000	0.000	0.480	-1.078	100.000	0.000	0.000
965550.000	0.000	0.480	-1.047	100.000	0.000	0.000
965550.000	0.000	0.480	-1.047	100.000	0.000	0.000
965550.000	0.000	0.480	-1.047	100.000	0.000	0.000
965580.000	0.000	0.480	-1.078	100.000	0.000	0.000
965580.000	0.000	0.480	-1.078	100.000	0.000	0.000
965580.000	0.000	0.480	-1.078	100.000	0.000	0.000
965610.000	0.000	0.480	-1.047	100.000	0.000	0.000
965610.000	0.000	0.480	-1.047	100.000	0.000	0.000
965610.000	0.000	0.480	-1.047	100.000	0.000	0.000
965640.000	0.000	0.480	-1.062	100.000	0.000	0.000
965640.000	0.000	0.480	-1.062	100.000	0.000	0.000
965640.000	0.000	0.480	-1.062	100.000	0.000	0.000
965670.000	0.000	0.480	-1.062	100.000	0.000	0.000
965670.000	0.000	0.480	-1.062	100.000	0.000	0.000
965670.000	0.000	0.480	-1.062	100.000	0.000	0.000
965700.000	0.000	0.480	-1.062	100.000	0.000	0.000
965700.000	0.000	0.480	-1.062	100.000	0.000	0.000
965700.000	0.000	0.480	-1.062	100.000	0.000	0.000
965735.000	0.000	0.480	-1.062	100.000	0.000	0.000
965735.000	0.000	0.480	-1.062	100.000	0.000	0.000
965735.000	0.000	0.480	-1.062	100.000	0.000	0.000
965760.000	0.000	0.480	-1.078	100.000	0.000	0.000
965760.000	0.000	0.480	-1.078	100.000	0.000	0.000
965760.000	0.000	0.480	-1.078	100.000	0.000	0.000
965790.000	0.000	0.480	-1.062	100.000	0.000	0.000
965790.000	0.000	0.480	-1.062	100.000	0.000	0.000
965790.000	0.000	0.480	-1.062	100.000	0.000	0.000
965820.000	0.000	0.480	-1.078	100.000	0.000	0.000
965820.000	0.000	0.480	-1.078	100.000	0.000	0.000
965820.000	0.000	0.480	-1.078	100.000	0.000	0.000
965850.000	0.000	0.480	-1.062	100.000	0.000	0.000
965850.000	0.000	0.480	-1.062	100.000	0.000	0.000
965850.000	0.000	0.480	-1.062	100.000	0.000	0.000
965880.000	0.000	0.480	-1.078	100.000	0.000	0.000
965880.000	0.000	0.480	-1.078	100.000	0.000	0.000
965880.000	0.000	0.480	-1.078	100.000	0.000	0.000
965915.000	0.000	0.480	-1.078	100.000	0.000	0.000
965915.000	0.000	0.480	-1.078	100.000	0.000	0.000
965915.000	0.000	0.480	-1.078	100.000	0.000	0.000
965940.000	0.000	0.480	-1.062	100.000	0.000	0.000
965940.000	0.000	0.480	-1.062	100.000	0.000	0.000
965940.000	0.000	0.480	-1.062	100.000	0.000	0.000
965970.000	0.000	0.480	-1.062	100.000	0.000	0.000
965970.000	0.000	0.480	-1.062	100.000	0.000	0.000
965970.000	0.000	0.480	-1.062	100.000	0.000	0.000
966000.000	0.000	0.480	-1.062	100.000	0.000	0.000
966000.000	0.000	0.480	-1.062	100.000	0.000	0.000
966000.000	0.000	0.480	-1.062	100.000	0.000	0.000
966030.000	0.000	0.480	-1.062	100.000	0.000	0.000
966030.000	0.000	0.480	-1.062	100.000	0.000	0.000
966030.000	0.000	0.480	-1.062	100.000	0.000	0.000
966060.000	0.000	0.480	-1.062	100.000	0.000	0.000
966060.000	0.000	0.480	-1.062	100.000	0.000	0.000
966060.000	0.000	0.480	-1.062	100.000	0.000	0.000
966090.000	0.000	0.480	-1.062	100.000	0.000	0.000
966090.000	0.000	0.480	-1.062	100.000	0.000	0.000
966090.000	0.000	0.480	-1.062	100.000	0.000	0.000
966120.000	0.000	0.480	-1.078	100.000	0.000	0.000
966120.000	0.000	0.480	-1.078	100.000	0.000	0.000
966120.000	0.000	0.480	-1.078	100.000	0.000	0.000
966150.000	0.000	0.480	-1.047	100.000	0.000	0.000
966150.000	0.000	0.480	-1.047	100.000	0.000	0.000
966150.000	0.000	0.480	-1.047	100.000	0.000	0.000
966180.000	0.000	0.480	-1.078	100.000	0.000	0.000
966180.000	0.000	0.480	-1.078	100.000	0.000	0.000
966180.000	0.000	0.480	-1.078	100.000	0.000	0.000
966210.000	0.000	0.480	-1.047	100.000	0.000	0.000
966210.000	0.000	0.480	-1.047	100.000	0.000	0.000
966210.000	0.000	0.480	-1.047	100.000	0.000	0.000
966240.000	0.000	0.480	-1.062	100.000	0.000	0.000
966240.000	0.000	0.480	-1.062	100.000	0.000	0.000
966240.000	0.000	0.480	-1.062	100.000	0.000	0.000
966270.000	0.000	0.480	-1.062	100.000	0.000	0.000
966270.000	0.000	0.480	-1.062	100.000	0.000	0.000
966270.000	0.000	0.480	-1.062	100.000	0.000	0.000
966300.000	0.000	0.480	-1.062	100.000	0.000	0.000
966300.000	0.000	0.480	-1.062	100.000	0.000	0.000
966300.000	0.000	0.480	-1.062	100.000	0.000	0.000
966330.000	0.000	0.480	-1.062	100.000	0.000	0.000
966330.000	0.000	0.480	-1.062	100.000	0.000	0.000
966330.000	0.000	0.480	-1.062	100.000	0.000	0.000
966360.000	0.000	0.480	-1.078	100.000	0.000	0.000
966360.000	0.000	0.480	-1.078	100.000	0.000	0.000
1024345.000	0.000	0.000	-0.016	100.000	0.000	0.000
1024345.000	0.000	0.000	-0.016	100.000	0.000	0.000
1024375.000	0.000	0.000	-0.016	100.000	0.000	0.000
1024375.000	0.000	0.000	-0.016	100.000	0.000	0.000
1024375.000	0.000	0.000	-0.016	100.000	0.000	0.000
1024405.000	0.000	0.000	-0.016	100.000	0.000	0.000
1024405.000	0.000	0.000	-0.016	100.000	0.000	0.000
1024405.000	0.000	0.000	-0.016	100.000	0.000	0.000
1024435.000	0.000	0.000	-0.016	100.000	0.000	0.000
1024435.000	0.000	0.000	-0.016	100.000	0.000	0.000
1024435.000	0.000	0.000	-0.016	100.000	0.000	0.000
1024464.000	0.000	0.000	-0.016	100.000	0.000	0.000
1024464.000	0.000	0.000	-0.016	100.000	0.000	0.000
1024464.000	0.000	0.000	-0.016	100.000	0.000	0.000
1024495.000	0.000	0.000	-0.016	100.000	0.000	0.000
1024495.000	0.000	0.000	-0.016	100.000	0.000	0.000
1024495.000	0.000	0.000	-0.016	100.000	0.000	0.000
1024525.000	0.000	0.000	-0.016	100.000	0.000	0.000
1024525.000	0.000	0.000	-0.016	100.000	0.000	0.000
1024525.000	0.000	0.000	-0.016	100.000	0.000	0.000
1024555.000	0.000	0.000	-0.016	100.000	0.000	0.000
1024555.000	0.000	0.000	-0.016	100.000	0.000	0.000
1024555.000	0.000	0.000	-0.016	100.000	0.000	0.000
1024585.000	0.000	0.000	-0.016	100.000	0.000	0.000
1024585.000	0.000	0.000	-0.016	100.000	0.000	0.000
1024585.000	0.000	0.000	-0.016	100.000	0.000	0.000
1024615.000	0.000	0.000	-0.016	100.000	0.000	0.000
1024615.000	0.000	0.000	-0.016	100.000	0.000	0.000
1024615.000	0.000	0.000	-0.016	100.000	0.000	0.000
1024645.000	0.000	0.000	-0.016	100.000	0.000	0.000
1024645.000	0.000	0.000	-0.016	100.000	0.000	0.000
1024645.000	0.000	0.000	-0.016	100.000	0.000	0.000
1024675.000	0.000	0.000	-0.016	100.000	0.000	0.000
1024675.000	0.000	0.000	-0.016	100.000	0.000	0.000
1024675.000	0.000	0.000	-0.016	100.000	0.000	0.000
1024704.000	0.000	0.000	-0.016	100.000	0.000	0.000
1024704.000	0.000	0.000	-0.016	100.000	0.000	0.000
1024704.000	0.000	0.000	-0.016	100.000	0.000	0.000
1024735.000	0.000	0.000	-0.016	100.000	0.000	0.000
1024735.000	0.000	0.000	-0.016	100.000	0.000	0.000
1024735.000	0.000	0.000	-0.016	100.000	0.000	0.000
1024765.000	0.000	0.000	-0.016	100.000	0.000	0.000
1024765.000	0.000	0.000	-0.016	100.000	0.000	0.000
1024765.000	0.000	0.000	-0.016	100.000	0.000	0.000
1024795.000	0.000	0.000	-0.016	100.000	0.000	0.000
1024795.000	0.000	0.000	-0.016	100.000	0.000	0.000
1024795.000	0.000	0.000	-0.016	100.000	0.000	0.000
1024825.000	0.000	0.000	-0.016	100.000	0.000	0.000
1024825.000	0.000	0.000	-0.016	100.000	0.000	0.000
1024825.000	0.000	0.000	-0.016	100.000	0.000	0.000
1024855.000	0.000	0.000	-0.016	100.000	0.000	0.000
1024855.000	0.000	0.000	-0.016	100.000	0.000	0.000
1024855.000	0.000	0.000	-0.016	100.000	0.000	0.000
1024885.000	0.000	0.000	-0.016	100.000	0.000	0.000
1024885.000	0.000	0.000	-0.016	100.000	0.000	0.000
1024885.000	0.000	0.000	-0.016	100.000	0.000	0.000
1024915.000	0.000	0.000	-0.016	100.000	0.000	0.000
1024915.000	0.000	0.000	-0.016	100.000	0.000	0.000
1024915.000	0.000	0.000	-0.016	100.000	0.000	0.000
1024944.000	0.000	0.000	-0.016	100.000	0.000	0.000
1024944.000	0.000	0.000	-0.016	100.000	0.000	0.000
1024944.000	0.000	0.000	-0.016	100.000	0.000	0.000
1024974.000	0.000	0.000	-0.016	100.000	0.000	0.000
1024974.000	0.000	0.000	-0.016	100.000	0.000	0.000
1024974.000	0.000	0.000	-0.016	100.000	0.000	0.000
1025005.000	0.000	0.000	-0.016	100.000	0.000	0.000
1025005.000	0.000	0.000	-0.016	100.000	0.000	0.000
1025005.000	0.000	0.000	-0.016	100.000	0.000	0.000
1025035.000	0.000	0.000	-0.016	100.000	0.000	0.000
1025035.000	0.000	0.000	-0.016	100.000	0.000	0.000
1025035.000	0.000	0.000	-0.016	100.000	0.000	0.000
1025065.000	0.000	0.000	-0.016	100.000	0.000	0.000
1025065.000	0.000	0.000	-0.016	100.000	0.000	0.000
1025065.000	0.000	0.000	-0.016	100.000	0.000	0.000
1025095.000	0.000	0.000	-0.016	100.000	0.000	0.000
1025095.000	0.000	0.000	-0.016	100.000	0.000	0.000
1025095.000	0.000	0.000	-0.016	100.000	0.000	0.000
1025125.000	0.000	0.000	-0.016	100.000	0.000	0.000
1025125.000	0.000	0.000	-0.016	100.000	0.000	0.000
1025125.000	0.000	0.000	-0.016	100.000	0.000	0.000
1025155.000	0.000	0.000	-0.016	100.000	0.000	0.000
1025155.000	0.000	0.000	-0.016	100.000	0.000	0.000
1025155.000	0.000	0.000	-0.016	100.000	0.000	0.000
1025185.000	0.000	0.000	-0.016	100.000	0.000	0.000
1025185.000	0.000	0.000	-0.016	100.000	0.000	0.000
1025185.000	0.000	0.000	-0.016	100.000	0.000	0.000
1025214.000	0.000	0.000	-0.016	100.000	0.000	0.000
1025214.000	0.000	0.000	-0.016	100.000	0.000	0.000
1025214.000	0.000	0.000	-0.016	100.000	0.000	0.000
1025245.000	0.000	0.000	-0.016	100.000	0.000	0.000
1025245.000	0.000	0.000	-0.016	100.000	0.000	0.000
1025245.000	0.000	0.000	-0.016	100.000	0.000	0.000
1025275.000	0.000	0.000	-0.016	100.000	0.000	0.000
1025275.000	0.000	0.000	-0.016	100.000	0.000	0.000
1025275.000	0.000	0.000	-0.016	100.000	0.000	0.000
1025305.000	0.000	0.000	-0.016	100.000	0.000	0.000
1025305.000	0.000	0.000	-0.016	100.000	0.000	0.000
1025305.000	0.000	0.000	-0.016	100.000	0.000	0.000
1025335.000	0.000	0.000	-0.016	100.000	0.000	0.000
1025335.000	0.000	0.000	-0.016	100.000	0.000	0.000
1025335.000	0.000	0.000	-0.016	100.000	0.000	0.000
1025365.000	0.000	0.000	-0.016	100.000	0.000	0.000
1025365.000	0.000	0.000	-0.016	100.000	0.000	0.000
1025365.000	0.000	0.000	-0.016	100.000	0.000	0.000
1025395.000	0.000	0.000	-0.016	100.000	0.000	0.000
1025395.000	0.000	0.000	-0.016	100.000	0.000	0.000
1025395.000	0.000	0.000	-0.016	100.000	0.000	0.000
1025425.000	0.000	0.000	-0.016	100.000	0.000	0.000
1025425.000	0.000	0.000	-0.016	100.000	0.000	0.000
1025425.000	0.000	0.000	-0.016	100.000	0.000	0.000
1025454.000	0.000	0.000	-0.016	100.000	0.000	0.000
1025454.000	0.000	0.000	-0.016	100.000	0.000	0.000
1025454.000	0.000	0.000	-0.016	100.000	0.000	0.000
1025485.000	0.000	0.000	-0.016	100.000	0.000	0.000
1025485.000	0.000	0.000	-0.016	100.000	0.000	0.000
1025485.000	0.000	0.000	-0.016	100.000	0.000	0.000
1025515.000	0.000	0.000	-0.016	100.000	0.000	0.000
1025515.000	0.000	0.000	-0.016	100.000	0.000	0.000
1025515.000	0.000	0.000	-0.016	100.000	0.000	0.000
1025545.000	0.000	0.010	-0.031	100.000	0.000	0.000
1025545.000	0.000	0.010	-0.031	100.000	0.000	0.000
1025545.000	0.000	0.010	-0.031	100.000	0.000	0.000
1025575.000	0.000	0.020	-0.078	100.000	0.000	0.000
1025575.000	0.000	0.020	-0.078	100.000	0.000	0.000
1025575.000	0.000	0.020	-0.078	100.000	0.000	0.000
1025605.000	0.000	0.050	-0.141	100.000	0.000	0.000
1025605.000	0.000	0.050	-0.141	100.000	0.000	0.000
1025605.000	0.000	0.050	-0.141	100.000	0.000	0.000
1025635.000	0.000	0.080	-0.219	100.000	0.000	0.000
1025635.000	0.000	0.080	-0.219	100.000	0.000	0.000
1025635.000	0.000	0.080	-0.219	100.000	0.000	0.000
1025665.000	0.000	0.130	-0.312	100.000	0.000	0.000
1025665.000	0.000	0.130	-0.312	100.000	0.000	0.000
1025665.000	0.000	0.130	-0.312	100.000	0.000	0.000
1025694.000	0.000	0.170	-0.422	100.000	0.000	0.000
1025694.000	0.000	0.170	-0.422	100.000	0.000	0.000
1025694.000	0.000	0.170	-0.422	100.000	0.000	0.000
1025724.000	0.000	0.220	-0.547	100.000	0.000	0.000
1025724.000	0.000	0.220	-0.547	100.000	0.000	0.000
1025724.000	0.000	0.220	-0.547	100.000	0.000	0.000
1025755.000	0.000	0.270	-0.656	100.000	0.000	0.000
1025755.000	0.000	0.270	-0.656	100.000	0.000	0.000
1025755.000	0.000	0.270	-0.656	100.000	0.000	0.000
1025785.000	0.000	0.310	-0.750	100.000	0.000	0.000
1025785.000	0.000	0.310	-0.750	100.000	0.000	0.000
1025785.000	0.000	0.310	-0.750	100.000	0.000	0.000
1025815.000	0.000	0.360	-0.875	100.000	0.000	0.000
1025815.000	0.000	0.360	-0.875	100.000	0.000	0.000
1025815.000	0.000	0.360	-0.875	100.000	0.000	0.000
1025845.000	0.000	0.400	-0.969	100.000	0.000	0.000
1025845.000	0.000	0.400	-0.969	100.000	0.000	0.000
1025845.000	0.000	0.400	-0.969	100.000	0.000	0.000
1025875.000	0.000	0.440	-1.062	100.000	0.000	0.000
1025875.000	0.000	0.440	-1.062	100.000	0.000	0.000
1025875.000	0.000	0.440	-1.062	100.000	0.000	0.000
1025905.000	0.000	0.480	-1.156	100.000	0.000	0.000
1025905.000	0.000	0.480	-1.156	100.000	0.000	0.000
1025905.000	0.000	0.480	-1.156	100.000	0.000	0.000
1025935.000	0.000	0.520	-1.250	100.000	0.000	0.000
1025935.000	0.000	0.520	-1.250	100.000	0.000	0.000
1025935.000	0.000	0.520	-1.250	100.000	0.000	0.000
1025964.000	0.000	0.560	-1.359	100.000	0.000	0.000
1025964.000	0.000	0.560	-1.359	100.000	0.000	0.000
1025964.000	0.000	0.560	-1.359	100.000	0.000	0.000
1025995.000	0.000	0.610	-1.469	100.000	0.000	0.000
1025995.000	0.000	0.610	-1.469	100.000	0.000	0.000
1025995.000	0.000	0.610	-1.469	100.000	0.000	0.000
1026025.000	0.000	0.650	-1.578	100.000	0.000	0.000
1026025.000	0.000	0.650	-1.578	100.000	0.000	0.000
1026025.000	0.000	0.650	-1.578	100.000	0.000	0.000
1026055.000	0.000	0.690	-1.609	100.000	0.000	0.000
1026055.000	0.000	0.690	-1.609	100.000	0.000	0.000
1026055.000	0.000	0.690	-1.609	100.000	0.000	0.000
1026085.000	0.000	0.730	-1.609	100.000	0.000	0.000
1026085.000	0.000	0.730	-1.609	100.000	0.000	0.000
1026085.000	0.000	0.730	-1.609	100.000	0.000	0.000
1026115.000	0.000	0.760	-1.609	100.000	0.000	0.000
1026115.000	0.000	0.760	-1.609	100.000	0.000	0.000
1026115.000	0.000	0.760	-1.609	100.000	0.000	0.000
1026145.000	0.000	0.800	-1.609	100.000	0.000	0.000
1026145.000	0.000	0.800	-1.609	100.000	0.000	0.000
1026145.000	0.000	0.800	-1.609	100.000	0.000	0.000
1026175.000	0.000	0.830	-1.609	100.000	0.000	0.000
1026175.000	0.000	0.830	-1.609	100.000	0.000	0.000
1026175.000	0.000	0.830	-1.609	100.000	0.000	0.000
1026204.000	0.000	0.860	-1.609	100.000	0.000	0.000
1026204.000	0.000	0.860	-1.609	100.000	0.000	0.000
1026204.000	0.000	0.860	-1.609	100.000	0.000	0.000
1026235.000	0.000	0.890	-1.609	100.000	0.000	0.000
1026235.000	0.000	0.890	-1.609	100.000	0.000	0.000
1026235.000	0.000	0.890	-1.609	100.000	0.000	0.000
1026265.000	0.000	0.920	-1.609	100.000	0.000	0.000
1026265.000	0.000	0.920	-1.609	100.000	0.000	0.000
1026265.000	0.000	0.920	-1.609	100.000	0.000	0.000
1026295.000	0.000	0.940	-1.609	100.000	0.000	0.000
1026295.000	0.000	0.940	-1.609	100.000	0.000	0.000
1026295.000	0.000	0.940	-1.609	100.000	0.000	0.000
1026325.000	0.000	0.970	-1.609	100.000	0.000	0.000
1026325.000	0.000	0.970	-1.609	100.000	0.000	0.000
1026325.000	0.000	0.970	-1.609	100.000	0.000	0.000
1026355.000	0.000	1.000	-1.609	100.000	0.000	0.000
1026355.000	0.000	1.000	-1.609	100.000	0.000	0.000
1026355.000	0.000	1.000	-1.609	100.000	0.000	0.000
1026385.000	0.000	1.030	-1.609	100.000	0.000	0.000
1026385.000	0.000	1.030	-1.609	100.000	0.000	0.000
1026385.000	0.000	1.030	-1.609	100.000	0.000	0.000
1026415.000	0.000	1.060	-1.609	100.000	0.000	0.000
1026415.000	0.000	1.060	-1.609	100.000	0.000	0.000
1026415.000	0.000	1.060	-1.609	100.000	0.000	0.000
1026444.000	0.000	1.090	-1.609	100.000	0.000	0.000
1026444.000	0.000	1.090	-1.609	100.000	0.000	0.000
1026444.000	0.000	1.090	-1.609	100.000	0.000	0.000
1026474.000	0.000	1.120	-1.609	100.000	0.000	0.000
1026474.000	0.000	1.120	-1.609	100.000	0.000	0.000
1026474.000	0.000	1.120	-1.609	100.000	0.000	0.000
1026505.000	0.000	1.150	-1.609	100.000	0.000	0.000
1026505.000	0.000	1.150	-1.609	100.000	0.000	0.000
1026505.000	0.000	1.150	-1.609	100.000	0.000	0.000
1026535.000	0.000	1.180	-1.609	100.000	0.000	0.000
1026535.000	0.000	1.180	-1.609	100.000	0.000	0.000
1026535.000	0.000	1.180	-1.609	100.000	0.000	0.000
1026565.000	0.000	1.210	-1.609	100.000	0.000	0.000
1026565.000	0.000	1.210	-1.609	100.000	0.000	0.000
1026565.000	0.000	1.210	-1.609	100.000	0.000	0.000
1026595.000	0.000	1.230	-1.609	100.000	0.000	0.000
1026595.000	0.000	1.230	-1.609	100.000	0.000	0.000
1026595.000	0.000	1.230	-1.609	100.000	0.000	0.000
1026625.000	0.000	1.260	-1.609	100.000	0.000	0.000
1026625.000	0.000	1.260	-1.609	100.000	0.000	0.000
1026625.000	0.000	1.260	-1.609	100.000	0.000	0.000
1026655.000	0.000	1.280	-1.609	100.000	0.000	0.000
1026655.000	0.000	1.280	-1.609	100.000	0.000	0.000
1026655.000	0.000	1.280	-1.609	100.000	0.000	0.000
1026685.000	0.000	1.310	-1.609	100.000	0.000	0.000
1026685.000	0.000	1.310	-1.609	100.000	0.000	0.000
1026685.000	0.000	1.310	-1.609	100.000	0.000	0.000
1026714.000	0.000	1.340	-1.609	100.000	0.000	0.000
1026714.000	0.000	1.340	-1.609	100.000	0.000	0.000
1026714.000	0.000	1.340	-1.609	100.000	0.000	0.000
1026745.000	0.000	1.380	-1.609	100.000	0.000	0.000
1026745.000	0.000	1.380	-1.609	100.000	0.000	0.000
1026745.000	0.000	1.380	-1.609	100.000	0.000	0.000
1026775.000	0.000	1.430	-1.609	100.000	0.000	0.000
1026775.000	0.000	1.430	-1.609	100.000	0.000	0.000
1026775.000	0.000	1.430	-1.609	100.000	0.000	0.000
1026805.000	0.000	1.470	-1.609	100.000	0.000	0.000
1026805.000	0.000	1.470	-1.609	100.000	0.000	0.000
1026805.000	0.000	1.470	-1.609	100.000	0.000	0.000
1026835.000	0.000	1.520	-1.609	100.000	0.000	0.000
1026835.000	0.000	1.520	-1.609	100.000	0.000	0.000
1026835.000	0.000	1.520	-1.609	100.000	0.000	0.000
1026865.000	0.000	1.570	-1.609	100.000	0.000	0.000
1026865.000	0.000	1.570	-1.609	100.000	0.000	0.000
1026865.000	0.000	1.570	-1.609	100.000	0.000	0.000
1026895.000	0.000	1.620	-1.609	100.000	0.000	0.000
1026895.000	0.000	1.620	-1.609	100.000	0.000	0.000
1026895.000	0.000	1.620	-1.609	100.000	0.000	0.000
1026925.000	0.000	1.660	-1.609	100.000	0.000	0.000
1026925.000	0.000	1.660	-1.609	100.000	0.000	0.000
1026925.000	0.000	1.660	-1.609	100.000	0.000	0.000
1026954.000	0.000	1.700	-1.609	100.000	0.000	0.000
1026954.000	0.000	1.700	-1.609	100.000	0.000	0.000
1026954.000	0.000	1.700	-1.609	100.000	0.000	0.000
1026985.000	0.000	1.740	-1.609	100.000	0.000	0.000
1026985.000	0.000	1.740	-1.609	100.000	0.000	0.000
1026985.000	0.000	1.740	-1.609	100.000	0.000	0.000
1027015.000	0.000	1.780	-1.609	100.000	0.000	0.000
1027015.000	0.000	1.780	-1.609	100.000	0.000	0.000
1027015.000	0.000	1.780	-1.609	100.000	0.000	0.000
1027045.000	0.000	1.810	-1.609	100.000	0.000	0.000
1027045.000	0.000	1.810	-1.609	100.000	0.000	0.000
1027045.000	0.000	1.810	-1.609	100.000	0.000	0.000
1027075.000	0.000	1.850	-1.609	100.000	0.000	0.000
1027075.000	0.000	1.850	-1.609	100.000	0.000	0.000
1027075.000	0.000	1.850	-1.609	100.000	0.000	0.000
1027105.000	0.000	1.880	-1.609	100.000	0.000	0.000
1027105.000	0.000	1.880	-1.609	100.000	0.000	0.000
1027105.000	0.000	1.880	-1.609	100.000	0.000	0.000
1027135.000	0.000	1.920	-1.609	100.000	0.000	0.000
1027135.000	0.000	1.920	-1.609	100.000	0.000	0.000
1027135.000	0.000	1.920	-1.609	100.000	0.000	0.000
1027165.000	0.000	1.950	-1.609	100.000	0.000	0.000
1027165.000	0.000	1.950	-1.609	100.000	0.000	0.000
1027165.000	0.000	1.950	-1.609	100.000	0.000	0.000
1027194.000	0.000	1.990	-1.609	100.000	0.000	0.000
1027194.000	0.000	1.990	-1.609	100.000	0.000	0.000
1027194.000	0.000	1.990	-1.609	100.000	0.000	0.000
1027224.000	0.000	2.030	-1.609	100.000	0.000	0.000
1027224.000	0.000	2.030	-1.609	100.000	0.000	0.000
1027224.000	0.000	2.030	-1.609	100.000	0.000	0.000
1027255.000	0.000	2.070	-1.609	100.000	0.000	0.000
1027255.000	0.000	2.070	-1.609	100.000	0.000	0.000
1027255.000	0.000	2.070	-1.609	100.000	0.000	0.000
1027285.000	0.000	2.100	-1.609	100.000	0.000	0.000
1027285.000	0.000	2.100	-1.609	100.000	0.000	0.000
1027285.000	0.000	2.100	-1.609	100.000	0.000	0.000
1027315.000	0.000	2.140	-1.609	100.000	0.000	0.000
1027315.000	0.000	2.140	-1.609	100.000	0.000	0.000
1027315.000	0.000	2.140	-1.609	100.000	0.000	0.000
1027345.000	0.000	2.180	-1.609	100.000	0.000	0.000
1027345.000	0.000	2.180	-1.609	100.000	0.000	0.000
1027345.000	0.000	2.180	-1.609	100.000	0.000	0.000
1027375.000	0.000	2.220	-1.609	100.000	0.000	0.000
1027375.000	0.000	2.220	-1.609	100.000	0.000	0.000
1027375.000	0.000	2.220	-1.609	100.000	0.000	0.000
1027405.000	0.000	2.260	-1.609	100.000	0.000	0.000
1027405.000	0.000	2.260	-1.609	100.000	0.000	0.000
1027405.000	0.000	2.260	-1.609	100.000	0.000	0.000
1027435.000	0.000	2.300	-1.609	100.000	0.000	0.000
1027435.000	0.000	2.300	-1.609	100.000	0.000	0.000
1027435.000	0.000	2.300	-1.609	100.000	0.000	0.000
1027464.000	0.000	2.330	-1.609	100.000	0.000	0.000
1027464.000	0.000	2.330	-1.609	100.000	0.000	0.000
1027464.000	0.000	2.330	-1.609	100.000	0.000	0.000
1027495.000	0.000	2.360	-1.609	100.000	0.000	0.000
1027495.000	0.000	2.360	-1.609	100.000	0.000	0.000
1027495.000	0.000	2.360	-1.609	100.000	0.000	0.000
1027520.000	0.000	2.390	-1.609	100.000	0.000	0.000
1027520.000	0.000	2.390	-1.609	100.000	0.000	0.000
1027520.000	0.000	2.390	-1.609	100.000	0.000	0.000
1027555.000	0.000	2.430	-1.609	100.000	0.000	0.000
1027555.000	0.000	2.430	-1.609	100.000	0.000	0.000
1027555.000	0.000	2.430	-1.609	100.000	0.000	0.000
1027585.000	0.000	2.460	-1.609	100.000	0.000	0.000
1027585.000	0.000	2.460	-1.609	100.000	0.000	0.000
1027585.000	0.000	2.460	-1.609	100.000	0.000	0.000
1027615.000	0.000	2.490	-1.609	100.000	0.000	0.000
1027615.000	0.000	2.490	-1.609	100.000	0.000	0.000
1027615.000	0.000	2.490	-1.609	100.000	0.000	0.000
1027645.000	0.000	2.530	-1.609	100.000	0.000	0.000
1027645.000	0.000	2.530	-1.609	100.000	0.000	0.000
1027645.000	0.000	2.530	-1.609	100.000	0.000	0.000
1027675.000	0.000	2.560	-1.609	100.000	0.000	0.000
1027675.000	0.000	2.560	-1.609	100.000	0.000	0.000
1027675.000	0.000	2.560	-1.609	100.000	0.000	0.000
1027704.000	0.000	2.590	-1.609	100.000	0.000	0.000
1027704.000	0.000	2.590	-1.609	100.000	0.000	0.000
1027704.000	0.000	2.590	-1.609	100.000	0.000	0.000
1027730.000	0.000	2.620	-1.609	100.000	0.000	0.000
1027730.000	0.000	2.620	-1.609	100.000	0.000	0.000
1027730.000	0.000	2.620	-1.609	100.000	0.000	0.000
1027765.000	0.000	2.660	-1.609	100.000	0.000	0.000
1027765.000	0.000	2.660	-1.609	100.000	0.000	0.000
1027765.000	0.000	2.660	-1.609	100.000	0.000	0.000
1027790.000	0.000	2.690	-1.609	100.000	0.000	0.000
1027790.000	0.000	2.690	-1.609	100.000	0.000	0.000
1027790.000	0.000	2.690	-1.609	100.000	0.000	0.000
1027825.000	0.000	2.720	-1.609	100.000	0.000	0.000
1027825.000	0.000	2.720	-1.609	100.000	0.000	0.000
1027825.000	0.000	2.720	-1.609	100.000	0.000	0.000
1027855.000	0.000	2.760	-1.609	100.000	0.000	0.000
1027855.000	0.000	2.760	-1.609	100.000	0.000	0.000
1027855.000	0.000	2.760	-1.609	100.000	0.000	0.000
1027880.000	0.000	2.780	-1.609	100.000	0.000	0.000
1027880.000	0.000	2.780	-1.609	100.000	0.000	0.000
1027880.000	0.000	2.780	-1.609	100.000	0.000	0.000
1027910.000	0.000	2.810	-1.609	100.000	0.000	0.000
1027910.000	0.000	2.810	-1.609	100.000	0.000	0.000
1027910.000	0.000	2.810	-1.609	100.000	0.000	0.000
1027944.000	0.000	2.840	-1.609	100.000	0.000	0.000
1027944.000	0.000	2.840	-1.609	100.000	0.000	0.000
1027944.000	0.000	2.840	-1.609	100.000	0.000	0.000
1027974.000	0.000	2.870	-1.609	100.000	0.000	0.000
1027974.000	0.000	2.870	-1.609	100.000	0.000	0.000
1027974.000	0.000	2.870	-1.609	100.000	0.000	0.000
1028005.000	0.000	2.900	-1.609	100.000	0.000	0.000
1028005.000	0.000	2.900	-1.609	100.000	0.000	0.000
1028005.000	0.000	2.900	-1.609	100.000	0.000	0.000
1028030.000	0.000	2.920	-1.609	100.000	0.000	0.000
1028030.000	0.000	2.920	-1.609	100.000	0.000	0.000
1028030.000	0.000	2.920	-1.609	100.000	0.000	0.000
1028065.000	0.000	2.950	-1.609	100.000	0.000	0.000
1028065.000	0.000	2.950	-1.609	100.000	0.000	0.000
1028065.000	0.000	2.950	-1.609	100.000	0.000	0.000
1028095.000	0.000	2.980	-1.609	100.000	0.000	0.000
1028095.000	0.000	2.980	-1.609	100.000	0.000	0.000
1028095.000	0.000	2.980	-1.609	100.000	0.000	0.000
1028125.000	0.000	3.010	-1.609	100.000	0.000	0.000
1028125.000	0.000	3.010	-1.609	100.000	0.000	0.000
1028125.000	0.000	3.010	-1.609	100.000	0.000	0.000
1028150.000	0.000	3.030	-1.609	100.000	0.000	0.000
1028150.000	0.000	3.030	-1.609	100.000	0.000	0.000
1028150.000	0.000	3.030	-1.609	100.000	0.000	0.000
1028180.000	0.000	3.060	-1.609	100.000	0.000	0.000
1028180.000	0.000	3.060	-1.609	100.000	0.000	0.000
1028180.000	0.000	3.060	-1.609	100.000	0.000	0.000
1028210.000	0.000	3.080	-1.609	100.000	0.000	0.000
1028210.000	0.000	3.080	-1.609	100.000	0.000	0.000
1028210.000	0.000	3.080	-1.609	100.000	0.000	0.000
1028245.000	0.000	3.110	-1.609	100.000	0.000	0.000
1028245.000	0.000	3.110	-1.609	100.000	0.000	0.000
1028245.000	0.000	3.110	-1.609	100.000	0.000	0.000
1028275.000	0.000	3.140	-1.609	100.000	0.000	0.000
1028275.000	0.000	3.140	-1.609	100.000	0.000	0.000
1028275.000	0.000	3.140	-1.609	100.000	0.000	0.000
1028300.000	0.000	-3.123	-1.609	100.000	0.000	0.000
1028300.000	0.000	-3.123	-1.609	100.000	0.000	0.000
1028300.000	0.000	-3.123	-1.609	100.000	0.000	0.000
1028335.000	0.000	-3.093	-1.609	100.000	0.000	0.000
1028335.000	0.000	-3.093	-1.609	100.000	0.000	0.000
1028335.000	0.000	-3.093	-1.609	100.000	0.000	0.000
1028365.000	0.000	-3.073	-1.609	100.000	0.000	0.000
1028365.000	0.000	-3.073	-1.609	100.000	0.000	0.000
1028365.000	0.000	-3.073	-1.609	100.000	0.000	0.000
1028390.000	0.000	-3.053	-1.609	100.000	0.000	0.000
1028390.000	0.000	-3.053	-1.609	100.000	0.000	0.000
1028390.000	0.000	-3.053	-1.609	100.000	0.000	0.000
1028425.000	0.000	-3.023	-1.609	100.000	0.000	0.000
1028425.000	0.000	-3.023	-1.609	100.000	0.000	0.000
1028425.000	0.000	-3.023	-1.609	100.000	0.000	0.000
1028450.000	0.000	-3.003	-1.609	100.000	0.000	0.000
1028450.000	0.000	-3.003	-1.609	100.000	0.000	0.000
1028450.000	0.000	-3.003	-1.609	100.000	0.000	0.000
1028485.000	0.000	-2.983	-1.609	100.000	0.000	0.000
1028485.000	0.000	-2.983	-1.609	100.000	0.000	0.000
1028485.000	0.000	-2.983	-1.609	100.000	0.000	0.000
1028515.000	0.000	-2.963	-1.609	100.000	0.000	0.000
1028515.000	0.000	-2.963	-1.609	100.000	0.000	0.000
1028515.000	0.000	-2.963	-1.609	100.000	0.000	0.000
1028540.000	0.000	-2.943	-1.609	100.000	0.000	0.000
1028540.000	0.000	-2.943	-1.609	100.000	0.000	0.000
1028540.000	0.000	-2.943	-1.609	100.000	0.000	0.000
1028569.000	0.000	-2.923	-1.609	100.000	0.000	0.000
1028569.000	0.000	-2.923	-1.609	100.000	0.000	0.000
1028569.000	0.000	-2.923	-1.609	100.000	0.000	0.000
1028599.000	0.000	-2.903	-1.609	100.000	0.000	0.000
1028599.000	0.000	-2.903	-1.609	100.000	0.000	0.000
1028599.000	0.000	-2.903	-1.609	100.000	0.000	0.000
1028630.000	0.000	-2.883	-1.609	100.000	0.000	0.000
1028630.000	0.000	-2.883	-1.609	100.000	0.000	0.000
1028630.000	0.000	-2.883	-1.609	100.000	0.000	0.000
1028665.000	0.000	-2.863	-1.609	100.000	0.000	0.000
1028665.000	0.000	-2.863	-1.609	100.000	0.000	0.000
1028665.000	0.000	-2.863	-1.609	100.000	0.000	0.000
1028690.000	0.000	-2.843	-1.609	100.000	0.000	0.000
1028690.000	0.000	-2.843	-1.609	100.000	0.000	0.000
1028690.000	0.000	-2.843	-1.609	100.000	0.000	0.000
1028720.000	0.000	-2.823	-1.609	100.000	0.000	0.000
1028720.000	0.000	-2.823	-1.609	100.000	0.000	0.000
1028720.000	0.000	-2.823	-1.609	100.000	0.000	0.000
1028755.000	0.000	-2.803	-1.609	100.000	0.000	0.000
1028755.000	0.000	-2.803	-1.609	100.000	0.000	0.000
1028755.000	0.000	-2.803	-1.609	100.000	0.000	0.000
1028780.000	0.000	-2.793	-1.609	100.000	0.000	0.000
1028780.000	0.000	-2.793	-1.609	100.000	0.000	0.000
1028780.000	0.000	-2.793	-1.609	100.000	0.000	0.000
1028815.000	0.000	-2.773	-1.609	100.000	0.000	0.000
1028815.000	0.000	-2.773	-1.609	100.000	0.000	0.000
1028815.000	0.000	-2.773	-1.609	100.000	0.000	0.000
1028839.000	0.000	-2.753	-1.609	100.000	0.000	0.000
1028839.000	0.000	-2.753	-1.609	100.000	0.000	0.000
1028839.000	0.000	-2.753	-1.609	100.000	0.000	0.000
1028875.000	0.000	-2.733	-1.609	100.000	0.000	0.000
1028875.000	0.000	-2.733	-1.609	100.000	0.000	0.000
1028875.000	0.000	-2.733	-1.609	100.000	0.000	0.000
1028905.000	0.000	-2.713	-1.609	100.000	0.000	0.000
1028905.000	0.000	-2.713	-1.609	100.000	0.000	0.000
1028905.000	0.000	-2.713	-1.609	100.000	0.000	0.000
1028930.000	0.000	-2.703	-1.609	100.000	0.000	0.000
1028930.000	0.000	-2.703	-1.609	100.000	0.000	0.000
1028930.000	0.000	-2.703	-1.609	100.000	0.000	0.000
1028960.000	0.000	-2.693	-1.609	100.000	0.000	0.000
1028960.000	0.000	-2.693	-1.609	100.000	0.000	0.000
1028960.000	0.000	-2.693	-1.609	100.000	0.000	0.000
1028995.000	0.000	-2.673	-1.609	100.000	0.000	0.000
1028995.000	0.000	-2.673	-1.609	100.000	0.000	0.000
1028995.000	0.000	-2.673	-1.609	100.000	0.000	0.000
1029020.000	0.000	-2.653	-1.609	100.000	0.000	0.000
1029020.000	0.000	-2.653	-1.609	100.000	0.000	0.000
1029020.000	0.000	-2.653	-1.609	100.000	0.000	0.000
1029050.000	0.000	-2.643	-1.609	100.000	0.000	0.000
1029050.000	0.000	-2.643	-1.609	100.000	0.000	0.000
1029050.000	0.000	-2.643	-1.609	100.000	0.000	0.000
1029079.000	0.000	-2.623	-1.609	100.000	0.000	0.000
1029079.000	0.000	-2.623	-1.609	100.000	0.000	0.000
1029079.000	0.000	-2.623	-1.609	100.000	0.000	0.000
1029110.000	0.000	-2.613	-1.609	100.000	0.000	0.000
1029110.000	0.000	-2.613	-1.609	100.000	0.000	0.000
1029110.000	0.000	-2.613	-1.609	100.000	0.000	0.000
1029140.000	0.000	-2.603	-1.609	100.000	0.000	0.000
1029140.000	0.000	-2.603	-1.609	100.000	0.000	0.000
1029140.000	0.000	-2.603	-1.609	100.000	0.000	0.000
1029175.000	0.000	-2.583	-1.609	100.000	0.000	0.000
1029175.000	0.000	-2.583	-1.609	100.000	0.000	0.000
1029175.000	0.000	-2.583	-1.609	100.000	0.000	0.000
1029200.000	0.000	-2.573	-1.609	100.000	0.000	0.000
1029200.000	0.000	-2.573	-1.609	100.000	0.000	0.000
1029200.000	0.000	-2.573	-1.609	100.000	0.000	0.000
1029230.000	0.000	-2.563	-1.609	100.000	0.000	0.000
1029230.000	0.000	-2.563	-1.609	100.000	0.000	0.000
1029230.000	0.000	-2.563	-1.609	100.000	0.000	0.000
1029260.000	0.000	-2.553	-1.609	100.000	0.000	0.000
1029260.000	0.000	-2.553	-1.609	100.000	0.000	0.000
1029260.000	0.000	-2.553	-1.609	100.000	0.000	0.000
1029290.000	0.000	-2.533	-1.609	100.000	0.000	0.000
1029290.000	0.000	-2.533	-1.609	100.000	0.000	0.000
1029290.000	0.000	-2.533	-1.609	100.000	0.000	0.000
1029319.000	0.000	-2.523	-1.609	100.000	0.000	0.000
1029319.000	0.000	-2.523	-1.609	100.000	0.000	0.000
1029319.000	0.000	-2.523	-1.609	100.000	0.000	0.000
1029349.000	0.000	-2.513	-1.609	100.000	0.000	0.000
1029349.000	0.000	-2.513	-1.609	100.000	0.000	0.000
1029349.000	0.000	-2.513	-1.609	100.000	0.000	0.000
1029380.000	0.000	-2.503	-1.609	100.000	0.000	0.000
1029380.000	0.000	-2.503	-1.609	100.000	0.000	0.000
1029380.000	0.000	-2.503	-1.609	100.000	0.000	0.000
1029410.000	0.000	-2.493	-1.609	100.000	0.000	0.000
1029410.000	0.000	-2.493	-1.609	100.000	0.000	0.000
1029410.000	0.000	-2.493	-1.609	100.000	0.000	0.000
1029444.000	0.000	-2.483	-1.609	100.000	0.000	0.000
1029444.000	0.000	-2.483	-1.609	100.000	0.000	0.000
1029444.000	0.000	-2.483	-1.609	100.000	0.000	0.000
1029470.000	0.000	-2.473	-1.609	100.000	0.000	0.000
1029470.000	0.000	-2.473	-1.609	100.000	0.000	0.000
1029470.000	0.000	-2.473	-1.609	100.000	0.000	0.000
1029500.000	0.000	-2.463	-1.609	100.000	0.000	0.000
1029500.000	0.000	-2.463	-1.609	100.000	0.000	0.000
1029500.000	0.000	-2.463	-1.609	100.000	0.000	0.000
1029530.000	0.000	-2.463	-1.609	100.000	0.000	0.000
1029530.000	0.000	-2.463	-1.609	100.000	0.000	0.000
1029530.000	0.000	-2.463	-1.609	100.000	0.000	0.000
1029560.000	0.000	-2.453	-1.609	100.000	0.000	0.000
1029560.000	0.000	-2.453	-1.609	100.000	0.000	0.000
1029560.000	0.000	-2.453	-1.609	100.000	0.000	0.000
1029589.000	0.000	-2.443	-1.609	100.000	0.000	0.000
1029589.000	0.000	-2.443	-1.609	100.000	0.000	0.000
1029589.000	0.000	-2.443	-1.609	100.000	0.000	0.000
1029620.000	0.000	-2.433	-1.609	100.000	0.000	0.000
1029620.000	0.000	-2.433	-1.609	100.000	0.000	0.000
1029620.000	0.000	-2.433	-1.609	100.000	0.000	0.000
1029650.000	0.000	-2.433	-1.609	100.000	0.000	0.000
1029650.000	0.000	-2.433	-1.609	100.000	0.000	0.000
1029650.000	0.000	-2.433	-1.609	100.000	0.000	0.000
1029680.000	0.000	-2.423	-1.609	100.000	0.000	0.000
1029680.000	0.000	-2.423	-1.609	100.000	0.000	0.000
1029680.000	0.000	-2.423	-1.609	100.000	0.000	0.000
1029710.000	0.000	-2.413	-1.609	100.000	0.000	0.000
1029710.000	0.000	-2.413	-1.609	100.000	0.000	0.000
1029710.000	0.000	-2.413	-1.609	100.000	0.000	0.000
1029740.000	0.000	-2.413	-1.609	100.000	0.000	0.000
1029740.000	0.000	-2.413	-1.609	100.000	0.000	0.000
1029740.000	0.000	-2.413	-1.609	100.000	0.000	0.000
1029770.000	0.000	-2.403	-1.609	100.000	0.000	0.000
1029770.000	0.000	-2.403	-1.609	100.000	0.000	0.000
1029770.000	0.000	-2.403	-1.609	100.000	0.000	0.000
1029800.000	0.000	-2.403	-1.609	100.000	0.000	0.000
1029800.000	0.000	-2.403	-1.609	100.000	0.000	0.000
1029800.000	0.000	-2.403	-1.609	100.000	0.000	0.000
1029829.000	0.000	-2.393	-1.609	100.000	0.000	0.000
1029829.000	0.000	-2.393	-1.609	100.000	0.000	0.000
1029829.000	0.000	-2.393	-1.609	100.000	0.000	0.000
1029860.000	0.000	-2.393	-1.609	100.000	0.000	0.000
1029860.000	0.000	-2.393	-1.609	100.000	0.000	0.000
1029860.000	0.000	-2.393	-1.609	100.000	0.000	0.000
1029890.000	0.000	-2.383	-1.609	100.000	0.000	0.000
1029890.000	0.000	-2.383	-1.609	100.000	0.000	0.000
1029890.000	0.000	-2.383	-1.609	100.000	0.000	0.000
1029920.000	0.000	-2.383	-1.609	100.000	0.000	0.000
1029920.000	0.000	-2.383	-1.609	100.000	0.000	0.000
1029920.000	0.000	-2.383	-1.609	100.000	0.000	0.000
1029950.000	0.000	-2.383	-1.609	100.000	0.000	0.000
1029950.000	0.000	-2.383	-1.609	100.000	0.000	0.000
1029950.000	0.000	-2.383	-1.609	100.000	0.000	0.000
1029980.000	0.000	-2.383	-1.609	100.000	0.000	0.000
1029980.000	0.000	-2.383	-1.609	100.000	0.000	0.000
1029980.000	0.000	-2.383	-1.609	100.000	0.000	0.000
1030010.000	0.000	-2.373	-1.609	100.000	0.000	0.000
1030010.000	0.000	-2.373	-1.609	100.000	0.000	0.000
1030010.000	0.000	-2.373	-1.609	100.000	0.000	0.000
1030040.000	0.000	-2.373	-1.609	100.000	0.000	0.000
1030040.000	0.000	-2.373	-1.609	100.000	0.000	0.000
1030040.000	0.000	-2.373	-1.609	100.000	0.000	0.000
1030069.000	0.000	-2.373	-1.609	100.000	0.000	0.000
1030069.000	0.000	-2.373	-1.609	100.000	0.000	0.000
1030069.000	0.000	-2.373	-1.609	100.000	0.000	0.000
1030099.000	0.000	-2.373	-1.609	100.000	0.000	0.000
1030099.000	0.000	-2.373	-1.609	100.000	0.000	0.000
1030099.000	0.000	-2.373	-1.609	100.000	0.000	0.000
1030130.000	0.000	-2.373	-1.609	100.000	0.000	0.000
1030130.000	0.000	-2.373	-1.609	100.000	0.000	0.000
1030130.000	0.000	-2.373	-1.609	100.000	0.000	0.000
1030160.000	0.000	-2.373	-1.609	100.000	0.000	0.000
1030160.000	0.000	-2.373	-1.609	100.000	0.000	0.000
1030160.000	0.000	-2.373	-1.609	100.000	0.000	0.000
1030190.000	0.000	-2.373	-1.609	100.000	0.000	0.000
1030190.000	0.000	-2.373	-1.609	100.000	0.000	0.000
1030190.000	0.000	-2.373	-1.609	100.000	0.000	0.000
1030220.000	0.000	-2.373	-1.609	100.000	0.000	0.000
1030220.000	0.000	-2.373	-1.609	100.000	0.000	0.000
1030220.000	0.000	-2.373	-1.609	100.000	0.000	0.000
1030250.000	0.000	-2.383	-1.609	100.000	0.000	0.000
1030250.000	0.000	-2.383	-1.609	100.000	0.000	0.000
1030250.000	0.000	-2.383	-1.609	100.000	0.000	0.000
1030280.000	0.000	-2.383	-1.609	100.000	0.000	0.000
1030280.000	0.000	-2.383	-1.609	100.000	0.000	0.000
1030280.000	0.000	-2.383	-1.609	100.000	0.000	0.000
1030310.000	0.000	-2.383	-1.609	100.000	0.000	0.000
1030310.000	0.000	-2.383	-1.609	100.000	0.000	0.000
1030310.000	0.000	-2.383	-1.609	100.000	0.000	0.000
1030339.000	0.000	-2.383	-1.609	100.000	0.000	0.000
1030339.000	0.000	-2.383	-1.609	100.000	0.000	0.000
1030339.000	0.000	-2.383	-1.609	100.000	0.000	0.000
1030370.000	0.000	-2.393	-1.609	100.000	0.000	0.000
1030370.000	0.000	-2.393	-1.609	100.000	0.000	0.000
1030370.000	0.000	-2.393	-1.609	100.000	0.000	0.000
1030400.000	0.000	-2.393	-1.609	100.000	0.000	0.000
1030400.000	0.000	-2.393	-1.609	100.000	0.000	0.000
1030400.000	0.000	-2.393	-1.609	100.000	0.000	0.000
1030430.000	0.000	-2.393	-1.609	100.000	0.000	0.000
1030430.000	0.000	-2.393	-1.609	100.000	0.000	0.000
1030430.000	0.000	-2.393	-1.609	100.000	0.000	0.000
1030460.000	0.000	-2.403	-1.609	100.000	0.000	0.000
1030460.000	0.000	-2.403	-1.609	100.000	0.000	0.000
1030460.000	0.000	-2.403	-1.609	100.000	0.000	0.000
1030490.000	0.000	-2.403	-1.609	100.000	0.000	0.000
1030490.000	0.000	-2.403	-1.609	100.000	0.000	0.000
1030490.000	0.000	-2.403	-1.609	100.000	0.000	0.000
1030520.000	0.000	-2.403	-1.609	100.000	0.000	0.000
1030520.000	0.000	-2.403	-1.609	100.000	0.000	0.000
1030520.000	0.000	-2.403	-1.609	100.000	0.000	0.000
1030550.000	0.000	-2.413	-1.609	100.000	0.000	0.000
1030550.000	0.000	-2.413	-1.609	100.000	0.000	0.000
1030550.000	0.000	-2.413	-1.609	100.000	0.000	0.000
1030579.000	0.000	-2.413	-1.609	100.000	0.000	0.000
1030579.000	0.000	-2.413	-1.609	100.000	0.000	0.000
1030579.000	0.000	-2.413	-1.609	100.000	0.000	0.000
1030610.000	0.000	-2.423	-1.609	100.000	0.000	0.000
1030610.000	0.000	-2.423	-1.609	100.000	0.000	0.000
1030610.000	0.000	-2.423	-1.609	100.000	0.000	0.000
1030640.000	0.000	-2.423	-1.609	100.000	0.000	0.000
1030640.000	0.000	-2.423	-1.609	100.000	0.000	0.000
1030640.000	0.000	-2.423	-1.609	100.000	0.000	0.000
1030670.000	0.000	-2.423	-1.609	100.000	0.000	0.000
1030670.000	0.000	-2.423	-1.609	100.000	0.000	0.000
1030670.000	0.000	-2.423	-1.609	100.000	0.000	0.000
1030700.000	0.000	-2.433	-1.609	100.000	0.000	0.000
1030700.000	0.000	-2.433	-1.609	100.000	0.000	0.000
1030700.000	0.000	-2.433	-1.609	100.000	0.000	0.000
1030730.000	0.000	-2.433	-1.609	100.000	0.000	0.000
1030730.000	0.000	-2.433	-1.609	100.000	0.000	0.000
1030730.000	0.000	-2.433	-1.609	100.000	0.000	0.000
1030760.000	0.000	-2.443	-1.609	100.000	0.000	0.000
1030760.000	0.000	-2.443	-1.609	100.000	0.000	0.000
1030760.000	0.000	-2.443	-1.609	100.000	0.000	0.000
1030790.000	0.000	-2.443	-1.609	100.000	0.000	0.000
1030790.000	0.000	-2.443	-1.609	100.000	0.000	0.000
1030790.000	0.000	-2.443	-1.609	100.000	0.000	0.000
1030819.000	0.000	-2.443	-1.609	100.000	0.000	0.000
1030819.000	0.000	-2.443	-1.609	100.000	0.000	0.000
1030819.000	0.000	-2.443	-1.609	100.000	0.000	0.000
1030849.000	0.000	-2.453	-1.609	100.000	0.000	0.000
1030849.000	0.000	-2.453	-1.609	100.000	0.000	0.000
1030849.000	0.000	-2.453	-1.609	100.000	0.000	0.000
1030880.000	0.000	-2.453	-1.609	100.000	0.000	0.000
1030880.000	0.000	-2.453	-1.609	100.000	0.000	0.000
1030880.000	0.000	-2.453	-1.609	100.000	0.000	0.000
1030910.000	0.000	-2.453	-1.609	100.000	0.000	0.000
1030910.000	0.000	-2.453	-1.609	100.000	0.000	0.000
1030910.000	0.000	-2.453	-1.609	100.000	0.000	0.000
1030940.000	0.000	-2.463	-1.609	100.000	0.000	0.000
1030940.000	0.000	-2.463	-1.609	100.000	0.000	0.000
1030940.000	0.000	-2.463	-1.609	100.000	0.000	0.000
1030970.000	0.000	-2.463	-1.609	100.000	0.000	0.000
1030970.000	0.000	-2.463	-1.609	100.000	0.000	0.000
1030970.000	0.000	-2.463	-1.609	100.000	0.000	0.000
1031000.000	0.000	-2.463	-1.609	100.000	0.000	0.000
1031000.000	0.000	-2.463	-1.609	100.000	0.000	0.000
1031000.000	0.000	-2.463	-1.609	100.000	0.000	0.000
1031030.000	0.000	-2.473	-1.609	100.000	0.000	0.000
1031030.000	0.000	-2.473	-1.609	100.000	0.000	0.000
1031030.000	0.000	-2.473	-1.609	100.000	0.000	0.000
1031060.000	0.000	-2.473	-1.609	100.000	0.000	0.000
1031060.000	0.000	-2.473	-1.609	100.000	0.000	0.000
1031060.000	0.000	-2.473	-1.609	100.000	0.000	0.000
1031089.000	0.000	-2.483	-1.609	100.000	0.000	0.000
1031089.000	0.000	-2.483	-1.609	100.000	0.000	0.000
1031089.000	0.000	-2.483	-1.609	100.000	0.000	0.000
1031120.000	0.000	-2.483	-1.609	100.000	0.000	0.000
1031120.000	0.000	-2.483	-1.609	100.000	0.000	0.000
1031120.000	0.000	-2.483	-1.609	100.000	0.000	0.000
1031150.000	0.000	-2.483	-1.609	100.000	0.000	0.000
1031150.000	0.000	-2.483	-1.609	100.000	0.000	0.000
1031150.000	0.000	-2.483	-1.609	100.000	0.000	0.000
1031180.000	0.000	-2.493	-1.609	100.000	0.000	0.000
1031180.000	0.000	-2.493	-1.609	100.000	0.000	0.000
1031180.000	0.000	-2.493	-1.609	100.000	0.000	0.000
1031210.000	0.000	-2.493	-1.609	100.000	0.000	0.000
1031210.000	0.000	-2.493	-1.609	100.000	0.000	0.000
1031210.000	0.000	-2.493	-1.609	100.000	0.000	0.000
1031240.000	0.000	-2.503	-1.609	100.000	0.000	0.000
1031240.000	0.000	-2.503	-1.609	100.000	0.000	0.000
1031240.000	0.000	-2.503	-1.609	100.000	0.000	0.000
1031270.000	0.000	-2.503	-1.609	100.000	0.000	0.000
1031270.000	0.000	-2.503	-1.609	100.000	0.000	0.000
1031270.000	0.000	-2.503	-1.609	100.000	0.000	0.000
1031300.000	0.000	-2.513	-1.609	100.000	0.000	0.000
1031300.000	0.000	-2.513	-1.609	100.000	0.000	0.000
1031300.000	0.000	-2.513	-1.609	100.000	0.000	0.000
1031329.000	0.000	-2.513	-1.609	100.000	0.000	0.000
1031329.000	0.000	-2.513	-1.609	100.000	0.000	0.000
1031329.000	0.000	-2.513	-1.609	100.000	0.000	0.000
1031360.000	0.000	-2.513	-1.609	100.000	0.000	0.000
1031360.000	0.000	-2.513	-1.609	100.000	0.000	0.000
1031360.000	0.000	-2.513	-1.609	100.000	0.000	0.000
1031390.000	0.000	-2.523	-1.609	100.000	0.000	0.000
1031390.000	0.000	-2.523	-1.609	100.000	0.000	0.000
1031390.000	0.000	-2.523	-1.609	100.000	0.000	0.000
1031420.000	0.000	-2.523	-1.609	100.000	0.000	0.000
1031420.000	0.000	-2.523	-1.609	100.000	0.000	0.000
1031420.000	0.000	-2.523	-1.609	100.000	0.000	0.000
1031450.000	0.000	-2.533	-1.609	100.000	0.000	0.000
1031450.000	0.000	-2.533	-1.609	100.000	0.000	0.000
1031450.000	0.000	-2.533	-1.609	100.000	0.000	0.000
1031480.000	0.000	-2.533	-1.609	100.000	0.000	0.000
1031480.000	0.000	-2.533	-1.609	100.000	0.000	0.000
1031480.000	0.000	-2.533	-1.609	100.000	0.000	0.000
1031510.000	0.000	-2.543	-1.609	100.000	0.000	0.000
1031510.000	0.000	-2.543	-1.609	100.000	0.000	0.000
1031510.000	0.000	-2.543	-1.609	100.000	0.000	0.000
1031540.000	0.000	-2.543	-1.609	100.000	0.000	0.000
1031540.000	0.000	-2.543	-1.609	100.000	0.000	0.000
1031540.000	0.000	-2.543	-1.609	100.000	0.000	0.000
1031569.000	0.000	-2.553	-1.609	100.000	0.000	0.000
1031569.000	0.000	-2.553	-1.609	100.000	0.000	0.000
1031569.000	0.000	-2.553	-1.609	100.000	0.000	0.000
1031599.000	0.000	-2.553	-1.609	100.000	0.000	0.000
1031599.000	0.000	-2.553	-1.609	100.000	0.000	0.000
1031599.000	0.000	-2.553	-1.609	100.000	0.000	0.000
1031630.000	0.000	-2.563	-1.609	100.000	0.000	0.000
1031630.000	0.000	-2.563	-1.609	100.000	0.000	0.000
1031630.000	0.000	-2.563	-1.609	100.000	0.000	0.000
1031660.000	0.000	-2.563	-1.609	100.000	0.000	0.000
1031660.000	0.000	-2.563	-1.609	100.000	0.000	0.000
1031660.000	0.000	-2.563	-1.609	100.000	0.000	0.000
1031690.000	0.000	-2.563	-1.609	100.000	0.000	0.000
1031690.000	0.000	-2.563	-1.609	100.000	0.000	0.000
1031690.000	0.000	-2.563	-1.609	100.000	0.000	0.000
1031720.000	0.000	-2.573	-1.609	100.000	0.000	0.000
1031720.000	0.000	-2.573	-1.609	100.000	0.000	0.000
1031720.000	0.000	-2.573	-1.609	100.000	0.000	0.000
1031750.000	0.000	-2.573	-1.609	100.000	0.000	0.000
1031750.000	0.000	-2.573	-1.609	100.000	0.000	0.000
1031750.000	0.000	-2.573	-1.609	100.000	0.000	0.000
1031780.000	0.000	-2.583	-1.609	100.000	0.000	0.000
1031780.000	0.000	-2.583	-1.609	100.000	0.000	0.000
1031780.000	0.000	-2.583	-1.609	100.000	0.000	0.000
1031810.000	0.000	-2.583	-1.609	100.000	0.000	0.000
1031810.000	0.000	-2.583	-1.609	100.000	0.000	0.000
1031810.000	0.000	-2.583	-1.609	100.000	0.000	0.000
1031839.000	0.000	-2.583	-1.609	100.000	0.000	0.000
1031839.000	0.000	-2.583	-1.609	100.000	0.000	0.000
1031839.000	0.000	-2.583	-1.609	100.000	0.000	0.000
1031870.000	0.000	-2.593	-1.609	100.000	0.000	0.000
1031870.000	0.000	-2.593	-1.609	100.000	0.000	0.000
1031870.000	0.000	-2.593	-1.609	100.000	0.000	0.000
1031900.000	0.000	-2.593	-1.609	100.000	0.000	0.000
1031900.000	0.000	-2.593	-1.609	100.000	0.000	0.000
1031900.000	0.000	-2.593	-1.609	100.000	0.000	0.000
1031930.000	0.000	-2.603	-1.609	100.000	0.000	0.000
1031930.000	0.000	-2.603	-1.609	100.000	0.000	0.000
1031930.000	0.000	-2.603	-1.609	100.000	0.000	0.000
1031960.000	0.000	-2.603	-1.609	100.000	0.000	0.000
1031960.000	0.000	-2.603	-1.609	100.000	0.000	0.000
1031960.000	0.000	-2.603	-1.609	100.000	0.000	0.000
1031990.000	0.000	-2.613	-1.609	100.000	0.000	0.000
1031990.000	0.000	-2.613	-1.609	100.000	0.000	0.000
1031990.000	0.000	-2.613	-1.609	100.000	0.000	0.000
1032020.000	0.000	-2.613	-1.609	100.000	0.000	0.000
1032020.000	0.000	-2.613	-1.609	100.000	0.000	0.000
1032020.000	0.000	-2.613	-1.609	100.000	0.000	0.000
1032050.000	0.000	-2.623	-1.609	100.000	0.000	0.000
1032050.000	0.000	-2.623	-1.609	100.000	0.000	0.000
1032050.000	0.000	-2.623	-1.609	100.000	0.000	0.000
1032079.000	0.000	-2.623	-1.609	100.000	0.000	0.000
1032079.000	0.000	-2.623	-1.609	100.000	0.000	0.000
1032079.000	0.000	-2.623	-1.609	100.000	0.000	0.000
1032110.000	0.000	-2.633	-1.609	100.000	0.000	0.000
1032110.000	0.000	-2.633	-1.609	100.000	0.000	0.000
1032110.000	0.000	-2.633	-1.609	100.000	0.000	0.000
1032140.000	0.000	-2.633	-1.609	100.000	0.000	0.000
1032140.000	0.000	-2.633	-1.609	100.000	0.000	0.000
1032140.000	0.000	-2.633	-1.609	100.000	0.000	0.000
1032170.000	0.000	-2.643	-1.609	100.000	0.000	0.000
1032170.000	0.000	-2.643	-1.609	100.000	0.000	0.000
1032170.000	0.000	-2.643	-1.609	100.000	0.000	0.000
1032200.000	0.000	-2.643	-1.609	100.000	0.000	0.000
1032200.000	0.000	-2.643	-1.609	100.000	0.000	0.000
1032200.000	0.000	-2.643	-1.609	100.000	0.000	0.000
1032230.000	0.000	-2.653	-1.609	100.000	0.000	0.000
1032230.000	0.000	-2.653	-1.609	100.000	0.000	0.000
1032230.000	0.000	-2.653	-1.609	100.000	0.000	0.000
1032260.000	0.000	-2.663	-1.609	100.000	0.000	0.000
1032260.000	0.000	-2.663	-1.609	100.000	0.000	0.000
1032260.000	0.000	-2.663	-1.609	100.000	0.000	0.000
1032290.000	0.000	-2.663	-1.609	100.000	0.000	0.000
1032290.000	0.000	-2.663	-1.609	100.000	0.000	0.000
1032290.000	0.000	-2.663	-1.609	100.000	0.000	0.000
1032319.000	0.000	-2.673	-1.609	100.000	0.000	0.000
1032319.000	0.000	-2.673	-1.609	100.000	0.000	0.000
1032319.000	0.000	-2.673	-1.609	100.000	0.000	0.000
1032349.000	0.000	-2.673	-1.609	100.000	0.000	0.000
1032349.000	0.000	-2.673	-1.609	100.000	0.000	0.000
1032349.000	0.000	-2.673	-1.609	100.000	0.000	0.000
1032380.000	0.000	-2.683	-1.609	100.000	0.000	0.000
1032380.000	0.000	-2.683	-1.609	100.000	0.000	0.000
1032380.000	0.000	-2.683	-1.609	100.000	0.000	0.000
1032410.000	0.000	-2.683	-1.609	100.000	0.000	0.000
1032410.000	0.000	-2.683	-1.609	100.000	0.000	0.000
1032410.000	0.000	-2.683	-1.609	100.000	0.000	0.000
1032440.000	0.000	-2.693	-1.609	100.000	0.000	0.000
1032440.000	0.000	-2.693	-1.609	100.000	0.000	0.000
1032440.000	0.000	-2.693	-1.609	100.000	0.000	0.000
1032470.000	0.000	-2.693	-1.609	100.000	0.000	0.000
1032470.000	0.000	-2.693	-1.609	100.000	0.000	0.000
1032470.000	0.000	-2.693	-1.609	100.000	0.000	0.000
1032500.000	0.000	-2.703	-1.609	100.000	0.000	0.000
1032500.000	0.000	-2.703	-1.609	100.000	0.000	0.000
1032500.000	0.000	-2.703	-1.609	100.000	0.000	0.000
1032530.000	0.000	-2.703	-1.609	100.000	0.000	0.000
1032530.000	0.000	-2.703	-1.609	100.000	0.000	0.000
1032530.000	0.000	-2.703	-1.609	100.000	0.000	0.000
1032560.000	0.000	-2.713	-1.609	100.000	0.000	0.000
1032560.000	0.000	-2.713	-1.609	100.000	0.000	0.000
1032560.000	0.000	-2.713	-1.609	100.000	0.000	0.000
1032589.000	0.000	-2.713	-1.609	100.000	0.000	0.000
1032589.000	0.000	-2.713	-1.609	100.000	0.000	0.000
1032589.000	0.000	-2.713	-1.609	100.000	0.000	0.000
1032620.000	0.000	-2.723	-1.609	100.000	0.000	0.000
1032620.000	0.000	-2.723	-1.609	100.000	0.000	0.000
1032620.000	0.000	-2.723	-1.609	100.000	0.000	0.000
1032650.000	0.000	-2.723	-1.609	100.000	0.000	0.000
1032650.000	0.000	-2.723	-1.609	100.000	0.000	0.000
1032650.000	0.000	-2.723	-1.609	100.000	0.000	0.000
1032680.000	0.000	-2.723	-1.609	100.000	0.000	0.000
1032680.000	0.000	-2.723	-1.609	100.000	0.000	0.000
1032680.000	0.000	-2.723	-1.609	100.000	0.000	0.000
1032710.000	0.000	-2.733	-1.609	100.000	0.000	0.000
1032710.000	0.000	-2.733	-1.609	100.000	0.000	0.000
1032710.000	0.000	-2.733	-1.609	100.000	0.000	0.000
1032740.000	0.000	-2.733	-1.609	100.000	0.000	0.000
1032740.000	0.000	-2.733	-1.609	100.000	0.000	0.000
1032740.000	0.000	-2.733	-1.609	100.000	0.000	0.000
1032770.000	0.000	-2.743	-1.609	100.000	0.000	0.000
1032770.000	0.000	-2.743	-1.609	100.000	0.000	0.000
1032770.000	0.000	-2.743	-1.609	100.000	0.000	0.000
1032800.000	0.000	-2.743	-1.609	100.000	0.000	0.000
1032800.000	0.000	-2.743	-1.609	100.000	0.000	0.000
1032800.000	0.000	-2.743	-1.609	100.000	0.000	0.000
1032829.000	0.000	-2.753	-1.609	100.000	0.000	0.000
1032829.000	0.000	-2.753	-1.609	100.000	0.000	0.000
1032829.000	0.000	-2.753	-1.609	100.000	0.000	0.000
1032860.000	0.000	-2.753	-1.609	100.000	0.000	0.000
1032860.000	0.000	-2.753	-1.609	100.000	0.000	0.000
1032860.000	0.000	-2.753	-1.609	100.000	0.000	0.000
1032890.000	0.000	-2.763	-1.609	100.000	0.000	0.000
1032890.000	0.000	-2.763	-1.609	100.000	0.000	0.000
1032890.000	0.000	-2.763	-1.609	100.000	0.000	0.000
1032920.000	0.000	-2.763	-1.609	100.000	0.000	0.000
1032920.000	0.000	-2.763	-1.609	100.000	0.000	0.000
1032920.000	0.000	-2.763	-1.609	100.000	0.000	0.000
1032950.000	0.000	-2.763	-1.609	100.000	0.000	0.000
1032950.000	0.000	-2.763	-1.609	100.000	0.000	0.000
1032950.000	0.000	-2.763	-1.609	100.000	0.000	0.000
1032980.000	0.000	-2.773	-1.609	100.000	0.000	0.000
1032980.000	0.000	-2.773	-1.609	100.000	0.000	0.000
1032980.000	0.000	-2.773	-1.609	100.000	0.000	0.000
1033010.000	0.000	-2.773	-1.609	100.000	0.000	0.000
1033010.000	0.000	-2.773	-1.609	100.000	0.000	0.000
1033010.000	0.000	-2.773	-1.609	100.000	0.000	0.000
1033040.000	0.000	-2.773	-1.609	100.000	0.000	0.000
1033040.000	0.000	-2.773	-1.609	100.000	0.000	0.000
1033040.000	0.000	-2.773	-1.609	100.000	0.000	0.000
1033069.000	0.000	-2.773	-1.609	100.000	0.000	0.000
1033069.000	0.000	-2.773	-1.609	100.000	0.000	0.000
1033069.000	0.000	-2.773	-1.609	100.000	0.000	0.000
1033099.000	0.000	-2.783	-1.609	100.000	0.000	0.000
1033099.000	0.000	-2.783	-1.609	100.000	0.000	0.000
1033099.000	0.000	-2.783	-1.609	100.000	0.000	0.000
1033130.000	0.000	-2.783	-1.609	100.000	0.000	0.000
1033130.000	0.000	-2.783	-1.609	100.000	0.000	0.000
1033130.000	0.000	-2.783	-1.609	100.000	0.000	0.000
1033160.000	0.000	-2.783	-1.609	100.000	0.000	0.000
1033160.000	0.000	-2.783	-1.609	100.000	0.000	0.000
1033160.000	0.000	-2.783	-1.609	100.000	0.000	0.000
1033190.000	0.000	-2.783	-1.609	100.000	0.000	0.000
1033190.000	0.000	-2.783	-1.609	100.000	0.000	0.000
1033190.000	0.000	-2.783	-1.609	100.000	0.000	0.000
1033220.000	0.000	-2.783	-1.609	100.000	0.000	0.000
1033220.000	0.000	-2.783	-1.609	100.000	0.000	0.000
1033220.000	0.000	-2.783	-1.609	100.000	0.000	0.000
1033250.000	0.000	-2.793	-1.609	100.000	0.000	0.000
1033250.000	0.000	-2.793	-1.609	100.000	0.000	0.000
1033250.000	0.000	-2.793	-1.609	100.000	0.000	0.000
1033280.000	0.000	-2.793	-1.609	100.000	0.000	0.000
1033280.000	0.000	-2.793	-1.609	100.000	0.000	0.000
1033280.000	0.000	-2.793	-1.609	100.000	0.000	0.000
1033310.000	0.000	-2.793	-1.609	100.000	0.000	0.000
1033310.000	0.000	-2.793	-1.609	100.000	0.000	0.000
1033310.000	0.000	-2.793	-1.609	100.000	0.000	0.000
1033339.000	0.000	-2.793	-1.609	100.000	0.000	0.000
1033339.000	0.000	-2.793	-1.609	100.000	0.000	0.000
1033339.000	0.000	-2.793	-1.609	100.000	0.000	0.000
1033370.000	0.000	-2.793	-1.609	100.000	0.000	0.000
1033370.000	0.000	-2.793	-1.609	100.000	0.000	0.000
1033370.000	0.000	-2.793	-1.609	100.000	0.000	0.000
1033400.000	0.000	-2.793	-1.609	100.000	0.000	0.000
1033400.000	0.000	-2.793	-1.609	100.000	0.000	0.000
1033400.000	0.000	-2.793	-1.609	100.000	0.000	0.000
1033430.000	0.000	-2.793	-1.609	100.000	0.000	0.000
1033430.000	0.000	-2.793	-1.609	100.000	0.000	0.000
1033430.000	0.000	-2.793	-1.609	100.000	0.000	0.000
1033460.000	0.000	-2.793	-1.609	100.000	0.000	0.000
1033460.000	0.000	-2.793	-1.609	100.000	0.000	0.000
1033460.000	0.000	-2.793	-1.609	100.000	0.000	0.000
1033490.000	0.000	-2.793	-1.609	100.000	0.000	0.000
1033490.000	0.000	-2.793	-1.609	100.000	0.000	0.000
1033490.000	0.000	-2.793	-1.609	100.000	0.000	0.000
1033520.000	0.000	-2.803	-1.609	100.000	0.000	0.000
1033520.000	0.000	-2.803	-1.609	100.000	0.000	0.000
1033520.000	0.000	-2.803	-1.609	100.000	0.000	0.000
1033550.000	0.000	-2.803	-1.609	100.000	0.000	0.000
1033550.000	0.000	-2.803	-1.609	100.000	0.000	0.000
1033550.000	0.000	-2.803	-1.609	100.000	0.000	0.000
1033579.000	0.000	-2.803	-1.609	100.000	0.000	0.000
1033579.000	0.000	-2.803	-1.609	100.000	0.000	0.000
1033579.000	0.000	-2.803	-1.609	100.000	0.000	0.000
1033610.000	0.000	-2.803	-1.609	100.000	0.000	0.000
1033610.000	0.000	-2.803	-1.609	100.000	0.000	0.000
1033610.000	0.000	-2.803	-1.609	100.000	0.000	0.000
1033640.000	0.000	-2.803	-1.609	100.000	0.000	0.000
1033640.000	0.000	-2.803	-1.609	100.000	0.000	0.000
1033640.000	0.000	-2.803	-1.609	100.000	0.000	0.000
1033670.000	0.000	-2.803	-1.609	100.000	0.000	0.000
1033670.000	0.000	-2.803	-1.609	100.000	0.000	0.000
1033670.000	0.000	-2.803	-1.609	100.000	0.000	0.000
1033700.000	0.000	-2.803	-1.609	100.000	0.000	0.000
1033700.000	0.000	-2.803	-1.609	100.000	0.000	0.000
1033700.000	0.000	-2.803	-1.609	100.000	0.000	0.000
1033730.000	0.000	-2.803	-1.609	100.000	0.000	0.000
1033730.000	0.000	-2.803	-1.609	100.000	0.000	0.000
1033730.000	0.000	-2.803	-1.609	100.000	0.000	0.000
1033760.000	0.000	-2.803	-1.609	100.000	0.000	0.000
1033760.000	0.000	-2.803	-1.609	100.000	0.000	0.000
1033760.000	0.000	-2.803	-1.609	100.000	0.000	0.000
1033790.000	0.000	-2.803	-1.609	100.000	0.000	0.000
1033790.000	0.000	-2.803	-1.609	100.000	0.000	0.000
1033790.000	0.000	-2.803	-1.609	100.000	0.000	0.000
1033819.000	0.000	-2.803	-1.609	100.000	0.000	0.000
1033819.000	0.000	-2.803	-1.609	100.000	0.000	0.000
1033819.000	0.000	-2.803	-1.609	100.000	0.000	0.000
1033849.000	0.000	-2.813	-1.609	100.000	0.000	0.000
1033849.000	0.000	-2.813	-1.609	100.000	0.000	0.000
1033849.000	0.000	-2.813	-1.609	100.000	0.000	0.000
1033880.000	0.000	-2.813	-1.609	100.000	0.000	0.000
1033880.000	0.000	-2.813	-1.609	100.000	0.000	0.000
1033880.000	0.000	-2.813	-1.609	100.000	0.000	0.000
1033910.000	0.000	-2.813	-1.609	100.000	0.000	0.000
1033910.000	0.000	-2.813	-1.609	100.000	0.000	0.000
1033910.000	0.000	-2.813	-1.609	100.000	0.000	0.000
1033940.000	0.000	-2.813	-1.609	100.000	0.000	0.000
1033940.000	0.000	-2.813	-1.609	100.000	0.000	0.000
1033940.000	0.000	-2.813	-1.609	100.000	0.000	0.000
1033970.000	0.000	-2.813	-1.609	100.000	0.000	0.000
1033970.000	0.000	-2.813	-1.609	100.000	0.000	0.000
1033970.000	0.000	-2.813	-1.609	100.000	0.000	0.000
1034000.000	0.000	-2.813	-1.609	100.000	0.000	0.000
1034000.000	0.000	-2.813	-1.609	100.000	0.000	0.000
1034000.000	0.000	-2.813	-1.609	100.000	0.000	0.000
1034030.000	0.000	-2.813	-1.609	100.000	0.000	0.000
1034030.000	0.000	-2.813	-1.609	100.000	0.000	0.000
1034030.000	0.000	-2.813	-1.609	100.000	0.000	0.000
1034060.000	0.000	-2.823	-1.609	100.000	0.000	0.000
1034060.000	0.000	-2.823	-1.609	100.000	0.000	0.000
1034060.000	0.000	-2.823	-1.609	100.000	0.000	0.000
1034089.000	0.000	-2.823	-1.609	100.000	0.000	0.000
1034089.000	0.000	-2.823	-1.609	100.000	0.000	0.000
1034089.000	0.000	-2.823	-1.609	100.000	0.000	0.000
1034120.000	0.000	-2.823	-1.609	100.000	0.000	0.000
1034120.000	0.000	-2.823	-1.609	100.000	0.000	0.000
1034120.000	0.000	-2.823	-1.609	100.000	0.000	0.000
1034150.000	0.000	-2.823	-1.609	100.000	0.000	0.000
1034150.000	0.000	-2.823	-1.609	100.000	0.000	0.000
1034150.000	0.000	-2.823	-1.609	100.000	0.000	0.000
1034180.000	0.000	-2.823	-1.609	100.000	0.000	0.000
1034180.000	0.000	-2.823	-1.609	100.000	0.000	0.000
1034180.000	0.000	-2.823	-1.609	100.000	0.000	0.000
1034210.000	0.000	-2.833	-1.609	100.000	0.000	0.000
1034210.000	0.000	-2.833	-1.609	100.000	0.000	0.000
1034210.000	0.000	-2.833	-1.609	100.000	0.000	0.000
1034240.000	0.000	-2.833	-1.609	100.000	0.000	0.000
1034240.000	0.000	-2.833	-1.609	100.000	0.000	0.000
1034240.000	0.000	-2.833	-1.609	100.000	0.000	0.000
1034270.000	0.000	-2.833	-1.609	100.000	0.000	0.000
1034270.000	0.000	-2.833	-1.609	100.000	0.000	0.000
1034270.000	0.000	-2.833	-1.609	100.000	0.000	0.000
1034300.000	0.000	-2.833	-1.609	100.000	0.000	0.000
1034300.000	0.000	-2.833	-1.609	100.000	0.000	0.000
1034300.000	0.000	-2.833	-1.609	100.000	0.000	0.000
1034329.000	0.000	-2.843	-1.609	100.000	0.000	0.000
1034329.000	0.000	-2.843	-1.609	100.000	0.000	0.000
1034329.000	0.000	-2.843	-1.609	100.000	0.000	0.000
1034360.000	0.000	-2.843	-1.609	100.000	0.000	0.000
1034360.000	0.000	-2.843	-1.609	100.000	0.000	0.000
1034360.000	0.000	-2.843	-1.609	100.000	0.000	0.000
1034390.000	0.000	-2.853	-1.609	100.000	0.000	0.000
1034390.000	0.000	-2.853	-1.609	100.000	0.000	0.000
1034390.000	0.000	-2.853	-1.609	100.000	0.000	0.000
1034420.000	0.000	-2.853	-1.609	100.000	0.000	0.000
1034420.000	0.000	-2.853	-1.609	100.000	0.000	0.000
1034420.000	0.000	-2.853	-1.609	100.000	0.000	0.000
1034450.000	0.000	-2.853	-1.609	100.000	0.000	0.000
1034450.000	0.000	-2.853	-1.609	100.000	0.000	0.000
1034450.000	0.000	-2.853	-1.609	100.000	0.000	0.000
1034480.000	0.000	-2.863	-1.609	100.000	0.000	0.000
1034480.000	0.000	-2.863	-1.609	100.000	0.000	0.000
1034480.000	0.000	-2.863	-1.609	100.000	0.000	0.000
1034510.000	0.000	-2.863	-1.609	100.000	0.000	0.000
1034510.000	0.000	-2.863	-1.609	100.000	0.000	0.000
1034510.000	0.000	-2.863	-1.609	100.000	0.000	0.000
1034540.000	0.000	-2.863	-1.609	100.000	0.000	0.000
1034540.000	0.000	-2.863	-1.609	100.000	0.000	0.000
1034540.000	0.000	-2.863	-1.609	100.000	0.000	0.000
1034569.000	0.000	-2.873	-1.609	100.000	0.000	0.000
1034569.000	0.000	-2.873	-1.609	100.000	0.000	0.000
1034569.000	0.000	-2.873	-1.609	100.000	0.000	0.000
1034599.000	0.000	-2.873	-1.609	100.000	0.000	0.000
1034599.000	0.000	-2.873	-1.609	100.000	0.000	0.000
1034599.000	0.000	-2.873	-1.609	100.000	0.000	0.000
1034630.000	0.000	-2.883	-1.609	100.000	0.000	0.000
1034630.000	0.000	-2.883	-1.609	100.000	0.000	0.000
1034630.000	0.000	-2.883	-1.609	100.000	0.000	0.000
1034660.000	0.000	-2.883	-1.609	100.000	0.000	0.000
1034660.000	0.000	-2.883	-1.609	100.000	0.000	0.000
1034660.000	0.000	-2.883	-1.609	100.000	0.000	0.000
1034690.000	0.000	-2.883	-1.609	100.000	0.000	0.000
1034690.000	0.000	-2.883	-1.609	100.000	0.000	0.000
1034690.000	0.000	-2.883	-1.609	100.000	0.000	0.000
1034720.000	0.000	-2.893	-1.609	100.000	0.000	0.000
1034720.000	0.000	-2.893	-1.609	100.000	0.000	0.000
1034720.000	0.000	-2.893	-1.609	100.000	0.000	0.000
1034750.000	0.000	-2.893	-1.609	100.000	0.000	0.000
1034750.000	0.000	-2.893	-1.609	100.000	0.000	0.000
1034750.000	0.000	-2.893	-1.609	100.000	0.000	0.000
1034780.000	0.000	-2.903	-1.609	100.000	0.000	0.000
1034780.000	0.000	-2.903	-1.609	100.000	0.000	0.000
1034780.000	0.000	-2.903	-1.609	100.000	0.000	0.000
1034810.000	0.000	-2.903	-1.609	100.000	0.000	0.000
1034810.000	0.000	-2.903	-1.609	100.000	0.000	0.000
1034810.000	0.000	-2.903	-1.609	100.000	0.000	0.000
1034839.000	0.000	-2.913	-1.609	100.000	0.000	0.000
1034839.000	0.000	-2.913	-1.609	100.000	0.000	0.000
1034839.000	0.000	-2.913	-1.609	100.000	0.000	0.000
1034870.000	0.000	-2.913	-1.609	100.000	0.000	0.000
1034870.000	0.000	-2.913	-1.609	100.000	0.000	0.000
1034870.000	0.000	-2.913	-1.609	100.000	0.000	0.000
1034900.000	0.000	-2.913	-1.609	100.000	0.000	0.000
