%Time [ms]	Commanded Torque [mNm]	Angular Velocity [RPM]	Actual Current [Amp]	%3/3/20231:56 PM
0.000	0.000	0.000	0.000
20.000	5.000	0.000	0.007
30.000	5.000	0.000	0.010
40.000	5.000	0.000	0.004
50.000	5.000	0.000	0.007
60.000	5.000	0.000	0.012
70.000	5.000	0.000	0.008
80.000	5.000	0.000	0.007
90.000	5.000	0.000	0.008
100.000	5.000	0.000	0.007
110.000	5.000	0.000	0.004
120.000	5.000	0.000	0.009
130.000	5.000	0.000	-0.002
140.000	5.000	0.000	0.006
150.000	5.000	0.000	0.006
160.000	5.000	0.000	0.004
170.000	5.000	0.000	0.008
180.000	5.000	0.000	0.004
190.000	5.000	0.000	0.007
200.000	5.000	0.000	0.007
210.000	5.000	0.000	0.001
220.000	5.000	0.000	0.006
230.000	5.000	0.000	0.009
240.000	5.000	0.000	0.007
250.000	5.000	0.000	0.002
260.000	5.000	0.000	0.004
270.000	5.000	0.000	0.003
280.000	5.000	0.000	0.008
290.000	5.000	0.000	0.007
300.000	5.000	0.000	0.006
310.000	5.000	0.000	0.006
320.000	5.000	0.000	0.007
330.000	5.000	0.000	0.001
340.000	5.000	0.000	0.004
350.000	5.000	0.000	0.002
360.000	5.000	0.000	0.002
370.000	5.000	0.000	0.008
380.000	5.000	0.000	0.010
390.000	5.000	0.000	0.007
400.000	5.000	0.000	0.006
410.000	5.000	0.000	0.004
420.000	5.000	0.000	0.006
430.000	5.000	0.000	-0.008
440.000	5.000	0.000	0.007
450.000	5.000	0.000	0.008
460.000	5.000	0.000	0.006
470.000	5.000	0.000	0.007
480.000	5.000	0.000	-0.002
490.000	5.000	0.000	0.007
500.000	5.000	0.000	0.006
510.000	5.000	0.000	0.008
520.000	5.000	0.000	0.006
530.000	5.000	0.000	-0.000
540.000	5.000	0.000	0.003
550.000	5.000	0.000	0.007
560.000	5.000	0.000	0.006
570.000	5.000	0.000	0.004
580.000	5.000	0.000	0.003
590.000	5.000	0.000	0.006
600.000	5.000	0.000	0.007
610.000	5.000	0.000	0.008
620.000	5.000	0.000	0.009
630.000	5.000	0.000	0.009
640.000	5.000	0.000	0.007
650.000	5.000	0.000	0.003
660.000	5.000	0.000	0.003
670.000	5.000	0.000	0.002
680.000	5.000	0.000	0.006
690.000	5.000	0.000	0.006
700.000	5.000	0.000	0.006
710.000	5.000	0.000	0.006
720.000	5.000	0.000	0.007
730.000	5.000	0.000	-0.008
740.000	5.000	0.000	0.004
750.000	5.000	0.000	0.003
760.000	5.000	0.000	0.007
770.000	5.000	0.000	-0.008
780.000	5.000	0.000	-0.008
790.000	5.000	0.000	0.006
800.000	5.000	0.000	0.007
810.000	5.000	0.000	0.007
820.000	5.000	0.000	0.004
830.000	5.000	0.000	0.002
840.000	5.000	0.000	0.006
850.000	5.000	0.000	0.004
860.000	5.000	0.000	0.007
870.000	5.000	0.000	0.007
880.000	5.000	0.000	0.003
890.000	5.000	0.000	0.004
900.000	5.000	0.000	0.004
910.000	5.000	0.000	0.004
920.000	5.000	0.000	-0.011
930.000	5.000	0.000	-0.011
940.000	5.000	0.000	0.007
950.000	5.000	0.000	0.007
960.000	5.000	0.000	0.007
970.000	5.000	0.000	0.003
980.000	5.000	0.000	0.004
990.000	5.000	0.000	0.004
1000.000	5.000	0.000	0.004
1010.000	5.000	0.000	0.003
1020.000	5.000	0.000	0.003
1030.000	5.000	0.000	-0.002
1040.000	5.000	0.000	0.017
1050.000	5.000	0.000	0.064
1060.000	5.000	0.000	0.104
1070.000	5.000	-0.073	0.126
1080.000	5.000	-0.073	0.150
1090.000	5.000	-0.073	0.162
1100.000	5.000	-0.146	0.172
1110.000	5.000	-0.146	0.179
1120.000	5.000	-0.220	0.185
1130.000	5.000	-0.293	0.183
1140.000	5.000	-0.366	0.190
1150.000	5.000	-0.448	0.194
1160.000	5.000	-0.521	0.195
1170.000	5.000	-0.514	0.196
1180.000	5.000	-0.661	0.187
1190.000	5.000	-0.807	0.200
1200.000	5.000	-0.880	0.198
1210.000	5.000	-1.043	0.194
1220.000	5.000	-1.116	0.197
1230.000	5.000	-1.110	0.195
1240.000	5.000	-1.183	0.200
1250.000	5.000	-1.248	0.200
1260.000	5.000	-1.321	0.196
1270.000	5.000	-1.336	0.200
1280.000	5.000	-1.336	0.197
1290.000	5.000	-1.323	0.198
1300.000	5.000	-1.323	0.201
1310.000	5.000	-1.307	0.198
1320.000	5.000	-1.380	0.197
1330.000	5.000	-1.460	0.203
1340.000	5.000	-1.606	0.198
1350.000	5.000	-1.679	0.201
1360.000	5.000	-1.753	0.205
1370.000	5.000	-1.891	0.197
1380.000	5.000	-1.891	0.207
1390.000	5.000	-1.904	0.201
1400.000	5.000	-1.904	0.200
1410.000	5.000	-1.978	0.197
1420.000	5.000	-1.831	0.198
1430.000	5.000	-1.904	0.206
1440.000	5.000	-1.758	0.201
1450.000	5.000	-1.758	0.198
1460.000	5.000	-1.758	0.202
1470.000	5.000	-1.904	0.202
1480.000	5.000	-1.978	0.206
1490.000	5.000	-2.124	0.200
1500.000	5.000	-2.197	0.201
1510.000	5.000	-2.197	0.206
1520.000	5.000	-2.344	0.198
1530.000	5.000	-2.417	0.197
1540.000	5.000	-2.563	0.198
1550.000	5.000	-2.710	0.198
1560.000	5.000	-2.930	0.200
1570.000	5.000	-2.856	0.200
1580.000	5.000	-2.856	0.181
1590.000	5.000	-2.856	0.201
1600.000	5.000	-2.856	0.200
1610.000	5.000	-2.856	0.198
1620.000	5.000	-2.930	0.197
1630.000	5.000	-3.076	0.198
1640.000	5.000	-3.223	0.197
1650.000	5.000	-3.149	0.200
1660.000	5.000	-3.076	0.200
1670.000	5.000	-3.076	0.202
1680.000	5.000	-3.296	0.205
1690.000	5.000	-3.516	0.200
1700.000	5.000	-3.735	0.197
1710.000	5.000	-3.882	0.201
1720.000	5.000	-3.955	0.201
1730.000	5.000	-3.809	0.192
1740.000	5.000	-3.735	0.198
1750.000	5.000	-3.955	0.202
1760.000	5.000	-4.102	0.198
1770.000	5.000	-4.248	0.200
1780.000	5.000	-4.248	0.181
1790.000	5.000	-4.175	0.198
1800.000	5.000	-4.468	0.198
1810.000	5.000	-4.541	0.198
1820.000	5.000	-4.614	0.197
1830.000	5.000	-4.687	0.201
1840.000	5.000	-4.687	0.201
1850.000	5.000	-4.761	0.197
1860.000	5.000	-4.834	0.201
1870.000	5.000	-4.834	0.202
1880.000	5.000	-4.834	0.196
1890.000	5.000	-4.980	0.202
1900.000	5.000	-4.907	0.202
1910.000	5.000	-4.980	0.206
1920.000	5.000	-4.907	0.201
1930.000	5.000	-4.980	0.197
1940.000	5.000	-5.273	0.202
1950.000	5.000	-5.273	0.203
1960.000	5.000	-5.200	0.201
1970.000	5.000	-5.347	0.205
1980.000	5.000	-5.713	0.191
1990.000	5.000	-5.778	0.200
2000.000	5.000	-5.558	0.201
2010.000	5.000	-5.445	0.198
2020.000	5.000	-5.738	0.203
2030.000	5.000	-5.958	0.203
2040.000	5.000	-5.811	0.198
2050.000	5.000	-5.876	0.200
2060.000	5.000	-6.169	0.200
2070.000	5.000	-6.116	0.200
2080.000	5.000	-5.750	0.194
2090.000	5.000	-5.612	0.201
2100.000	5.000	-5.905	0.198
2110.000	5.000	-6.237	0.202
2120.000	5.000	-6.164	0.203
2130.000	5.000	-6.237	0.198
2140.000	5.000	-6.530	0.202
2150.000	5.000	-6.392	0.200
2160.000	5.000	-6.172	0.201
2170.000	5.000	-6.755	0.200
2180.000	5.000	-6.755	0.200
2190.000	5.000	-6.841	0.200
2200.000	5.000	-6.914	0.200
2210.000	5.000	-6.914	0.198
2220.000	5.000	-6.914	0.196
2230.000	5.000	-6.768	0.201
2240.000	5.000	-6.841	0.201
2250.000	5.000	-7.061	0.201
2260.000	5.000	-7.207	0.200
2270.000	5.000	-7.451	0.198
2280.000	5.000	-7.392	0.201
2290.000	5.000	-7.378	0.201
2300.000	5.000	-7.451	0.198
2310.000	5.000	-7.451	0.201
2320.000	5.000	-7.598	0.196
2330.000	5.000	-8.037	0.200
2340.000	5.000	-7.818	0.201
2350.000	5.000	-7.671	0.200
2360.000	5.000	-7.891	0.198
2370.000	5.000	-7.557	0.202
2380.000	5.000	-7.764	0.197
2390.000	5.000	-8.037	0.198
2400.000	5.000	-8.037	0.198
2410.000	5.000	-8.200	0.200
2420.000	5.000	-8.127	0.202
2430.000	5.000	-8.127	0.202
2440.000	5.000	-8.493	0.200
2450.000	5.000	-8.493	0.201
2460.000	5.000	-8.493	0.201
2470.000	5.000	-8.713	0.198
2480.000	5.000	-8.599	0.203
2490.000	5.000	-8.599	0.203
2500.000	5.000	-9.025	0.200
2510.000	5.000	-8.936	0.198
2520.000	5.000	-8.936	0.198
2530.000	5.000	-9.009	0.207
2540.000	5.000	-9.229	0.200
2550.000	5.000	-9.229	0.200
2560.000	5.000	-9.162	0.201
2570.000	5.000	-9.162	0.196
2580.000	5.000	-9.308	0.201
2590.000	5.000	-9.308	0.197
2600.000	5.000	-9.308	0.200
2610.000	5.000	-9.382	0.197
2620.000	5.000	-9.382	0.202
2630.000	5.000	-9.455	0.198
2640.000	5.000	-9.601	0.197
2650.000	5.000	-9.455	0.198
2660.000	5.000	-9.521	0.200
2670.000	5.000	-9.668	0.201
2680.000	5.000	-9.595	0.212
2690.000	5.000	-9.888	0.198
2700.000	5.000	-9.741	0.197
2710.000	5.000	-9.888	0.198
2720.000	5.000	-9.961	0.197
2730.000	5.000	-10.107	0.195
2740.000	5.000	-10.181	0.203
2750.000	5.000	-10.034	0.197
2760.000	5.000	-10.620	0.202
2770.000	5.000	-10.400	0.198
2780.000	5.000	-10.913	0.212
2790.000	5.000	-10.474	0.200
2800.000	5.000	-10.767	0.200
2810.000	5.000	-10.767	0.197
2820.000	5.000	-10.986	0.201
2830.000	5.000	-10.913	0.222
2840.000	5.000	-10.693	0.198
2850.000	5.000	-11.133	0.200
2860.000	5.000	-10.986	0.200
2870.000	5.000	-11.206	0.197
2880.000	5.000	-10.913	0.196
2890.000	5.000	-11.206	0.200
2900.000	5.000	-11.133	0.197
2910.000	5.000	-11.426	0.197
2920.000	5.000	-11.060	0.198
2930.000	5.000	-11.426	0.209
2940.000	5.000	-11.646	0.198
2950.000	5.000	-11.719	0.200
2960.000	5.000	-11.572	0.197
2970.000	5.000	-11.719	0.202
2980.000	5.000	-11.865	0.206
2990.000	5.000	-11.865	0.201
3000.000	5.000	-11.938	0.201
3010.000	5.000	-11.938	0.198
3020.000	5.000	-12.451	0.194
3030.000	5.000	-12.231	0.194
3040.000	5.000	-12.443	0.202
3050.000	5.000	-12.223	0.200
3060.000	5.000	-12.596	0.201
3070.000	5.000	-12.230	0.203
3080.000	5.000	-12.376	0.197
3090.000	5.000	-12.376	0.201
3100.000	5.000	-12.832	0.200
3110.000	5.000	-12.612	0.197
3120.000	5.000	-12.479	0.201
3130.000	5.000	-12.626	0.201
3140.000	5.000	-12.561	0.201
3150.000	5.000	-12.707	0.200
3160.000	5.000	-12.692	0.200
3170.000	5.000	-13.352	0.200
3180.000	5.000	-12.959	0.200
3190.000	5.000	-13.252	0.198
3200.000	5.000	-12.942	0.197
3210.000	5.000	-13.309	0.198
3220.000	5.000	-13.523	0.200
3230.000	5.000	-13.523	0.207
3240.000	5.000	-13.736	0.201
3250.000	5.000	-13.590	0.201
3260.000	5.000	-13.671	0.200
3270.000	5.000	-13.598	0.197
3280.000	5.000	-13.901	0.198
3290.000	5.000	-13.974	0.200
3300.000	5.000	-13.988	0.197
3310.000	5.000	-13.988	0.197
3320.000	5.000	-13.833	0.197
3330.000	5.000	-13.906	0.196
3340.000	5.000	-14.165	0.200
3350.000	5.000	-14.165	0.201
3360.000	5.000	-14.232	0.198
3370.000	5.000	-14.305	0.201
3380.000	5.000	-14.175	0.202
3390.000	5.000	-14.248	0.197
3400.000	5.000	-14.455	0.201
3410.000	5.000	-14.666	0.200
3420.000	5.000	-14.666	0.200
3430.000	5.000	-14.886	0.212
3440.000	5.000	-14.927	0.198
3450.000	5.000	-14.927	0.198
3460.000	5.000	-14.787	0.197
3470.000	5.000	-15.153	0.185
3480.000	5.000	-15.153	0.185
3490.000	5.000	-15.007	0.200
3500.000	5.000	-15.234	0.200
3510.000	5.000	-15.234	0.200
3520.000	5.000	-15.088	0.197
3530.000	5.000	-15.308	0.201
3540.000	5.000	-15.308	0.201
3550.000	5.000	-15.381	0.200
3560.000	5.000	-15.601	0.198
3570.000	5.000	-15.601	0.198
3580.000	5.000	-15.601	0.192
3590.000	5.000	-15.747	0.201
3600.000	5.000	-15.747	0.201
3610.000	5.000	-15.894	0.200
3620.000	5.000	-16.040	0.205
3630.000	5.000	-16.040	0.205
3640.000	5.000	-16.113	0.200
3650.000	5.000	-16.187	0.198
3660.000	5.000	-16.187	0.198
3670.000	5.000	-16.479	0.200
3680.000	5.000	-16.333	0.197
3690.000	5.000	-16.333	0.197
3700.000	5.000	-16.626	0.200
3710.000	5.000	-16.553	0.201
3720.000	5.000	-16.553	0.201
3730.000	5.000	-16.772	0.205
3740.000	5.000	-16.846	0.198
3750.000	5.000	-16.846	0.198
3760.000	5.000	-16.846	0.200
3770.000	5.000	-17.285	0.200
3780.000	5.000	-17.285	0.200
3790.000	5.000	-17.065	0.198
3800.000	5.000	-17.505	0.202
3810.000	5.000	-17.358	0.200
3820.000	5.000	-17.212	0.203
3830.000	5.000	-17.505	0.198
3840.000	5.000	-17.505	0.198
3850.000	5.000	-17.418	0.197
3860.000	5.000	-17.638	0.197
3870.000	5.000	-17.418	0.201
3880.000	5.000	-17.345	0.196
3890.000	5.000	-17.972	0.196
3900.000	5.000	-17.972	0.196
3910.000	5.000	-17.825	0.198
3920.000	5.000	-18.118	0.203
3930.000	5.000	-18.118	0.203
3940.000	5.000	-18.338	0.206
3950.000	5.000	-18.278	0.198
3960.000	5.000	-18.278	0.198
3970.000	5.000	-18.571	0.200
3980.000	5.000	-18.717	0.197
3990.000	5.000	-18.717	0.197
4000.000	5.000	-18.604	0.200
4010.000	5.000	-18.604	0.197
4020.000	5.000	-18.577	0.200
4030.000	5.000	-18.650	0.192
4040.000	5.000	-18.650	0.200
4050.000	5.000	-18.870	0.200
4060.000	5.000	-18.943	0.202
4070.000	5.000	-18.797	0.198
4080.000	5.000	-19.016	0.207
4090.000	5.000	-18.943	0.198
4100.000	5.000	-19.090	0.198
4110.000	5.000	-19.456	0.200
4120.000	5.000	-19.482	0.200
4130.000	5.000	-19.482	0.202
4140.000	5.000	-19.409	0.200
4150.000	5.000	-19.482	0.198
4160.000	5.000	-19.702	0.200
4170.000	5.000	-20.068	0.200
4180.000	5.000	-20.142	0.198
4190.000	5.000	-19.849	0.198
4200.000	5.000	-20.068	0.197
4210.000	5.000	-19.775	0.200
4220.000	5.000	-20.142	0.201
4230.000	5.000	-20.361	0.209
4240.000	5.000	-20.361	0.202
4250.000	5.000	-20.581	0.198
4260.000	5.000	-20.435	0.202
4270.000	5.000	-20.581	0.202
4280.000	5.000	-20.142	0.198
4290.000	5.000	-20.581	0.200
4300.000	5.000	-20.581	0.198
4310.000	5.000	-20.874	0.200
4320.000	5.000	-20.947	0.198
4330.000	5.000	-20.801	0.202
4340.000	5.000	-21.021	0.201
4350.000	5.000	-21.021	0.198
4360.000	5.000	-21.313	0.201
4370.000	5.000	-20.947	0.200
4380.000	5.000	-21.533	0.205
4390.000	5.000	-21.313	0.197
4400.000	5.000	-21.533	0.200
4410.000	5.000	-21.387	0.207
4420.000	5.000	-21.387	0.202
4430.000	5.000	-21.533	0.205
4440.000	5.000	-21.680	0.203
4450.000	5.000	-21.680	0.198
4460.000	5.000	-21.533	0.198
4470.000	5.000	-22.046	0.201
4480.000	5.000	-21.826	0.203
4490.000	5.000	-22.339	0.198
4500.000	5.000	-22.119	0.198
4510.000	5.000	-22.339	0.197
4520.000	5.000	-22.266	0.201
4530.000	5.000	-22.705	0.203
4540.000	5.000	-22.266	0.196
4550.000	5.000	-22.485	0.200
4560.000	5.000	-22.485	0.197
4570.000	5.000	-22.559	0.200
4580.000	5.000	-22.412	0.200
4590.000	5.000	-22.412	0.197
4600.000	5.000	-22.339	0.200
4610.000	5.000	-22.485	0.202
4620.000	5.000	-22.632	0.200
4630.000	5.000	-22.339	0.192
4640.000	5.000	-22.632	0.197
4650.000	5.000	-22.852	0.202
4660.000	5.000	-22.852	0.197
4670.000	5.000	-22.778	0.200
4680.000	5.000	-23.071	0.181
4690.000	5.000	-23.071	0.201
4700.000	5.000	-23.291	0.200
4710.000	5.000	-23.291	0.198
4720.000	5.000	-23.218	0.197
4730.000	5.000	-23.291	0.195
4740.000	5.000	-23.364	0.200
4750.000	5.000	-23.494	0.198
4760.000	5.000	-23.767	0.201
4770.000	5.000	-23.767	0.201
4780.000	5.000	-23.938	0.200
4790.000	5.000	-24.012	0.200
4800.000	5.000	-23.938	0.198
4810.000	5.000	-24.158	0.198
4820.000	5.000	-24.085	0.200
4830.000	5.000	-24.305	0.186
4840.000	5.000	-24.475	0.198
4850.000	5.000	-24.345	0.200
4860.000	5.000	-24.132	0.200
4870.000	5.000	-24.225	0.201
4880.000	5.000	-23.981	0.197
4890.000	5.000	-24.201	0.198
4900.000	5.000	-24.445	0.201
4910.000	5.000	-24.372	0.200
4920.000	5.000	-24.445	0.200
4930.000	5.000	-24.372	0.185
4940.000	5.000	-24.274	0.200
4950.000	5.000	-24.201	0.196
4960.000	5.000	-24.674	0.198
4970.000	5.000	-24.748	0.201
4980.000	5.000	-24.881	0.189
4990.000	5.000	-24.588	0.196
5000.000	5.000	-24.783	0.200
5010.000	5.000	-24.710	0.201
5020.000	5.000	-25.442	0.200
5030.000	5.000	-25.296	0.198
5040.000	5.000	-25.482	0.200
5050.000	5.000	-25.263	0.201
5060.000	5.000	-25.295	0.200
5070.000	5.000	-25.222	0.201
5080.000	5.000	-25.658	0.200
5090.000	5.000	-25.505	0.197
5100.000	5.000	-25.432	0.200
5110.000	5.000	-25.872	0.200
5120.000	5.000	-25.798	0.206
5130.000	5.000	-25.798	0.206
5140.000	5.000	-25.758	0.198
5150.000	5.000	-25.905	0.197
5160.000	5.000	-25.905	0.197
5170.000	5.000	-26.051	0.203
5180.000	5.000	-26.147	0.200
5190.000	5.000	-26.147	0.200
5200.000	5.000	-26.221	0.197
5210.000	5.000	-25.781	0.198
5220.000	5.000	-26.154	0.200
5230.000	5.000	-25.641	0.201
5240.000	5.000	-25.934	0.198
5250.000	5.000	-25.715	0.202
5260.000	5.000	-26.309	0.198
5270.000	5.000	-26.236	0.198
5280.000	5.000	-26.142	0.201
5290.000	5.000	-26.435	0.200
5300.000	5.000	-26.362	0.200
5310.000	5.000	-26.655	0.201
5320.000	5.000	-26.559	0.200
5330.000	5.000	-26.998	0.198
5340.000	5.000	-26.679	0.197
5350.000	5.000	-26.752	0.200
5360.000	5.000	-26.671	0.197
5370.000	5.000	-26.744	0.198
5380.000	5.000	-27.358	0.196
5390.000	5.000	-26.992	0.200
5400.000	5.000	-27.025	0.200
5410.000	5.000	-26.805	0.198
5420.000	5.000	-26.675	0.198
5430.000	5.000	-27.041	0.203
5440.000	5.000	-27.426	0.197
5450.000	5.000	-27.646	0.197
5460.000	5.000	-27.180	0.200
5470.000	5.000	-27.180	0.202
5480.000	5.000	-27.489	0.198
5490.000	5.000	-27.489	0.198
5500.000	5.000	-27.822	0.200
5510.000	5.000	-27.895	0.200
5520.000	5.000	-27.895	0.200
5530.000	5.000	-27.602	0.198
5540.000	5.000	-27.610	0.203
5550.000	5.000	-27.830	0.200
5560.000	5.000	-27.930	0.202
5570.000	5.000	-28.149	0.201
5580.000	5.000	-27.572	0.209
5590.000	5.000	-27.426	0.202
5600.000	5.000	-27.572	0.203
5610.000	5.000	-27.719	0.196
5620.000	5.000	-28.020	0.196
5630.000	5.000	-28.020	0.197
5640.000	5.000	-27.960	0.198
5650.000	5.000	-27.887	0.198
5660.000	5.000	-28.033	0.198
5670.000	5.000	-27.960	0.197
5680.000	5.000	-28.456	0.202
5690.000	5.000	-28.675	0.201
5700.000	5.000	-28.529	0.197
5710.000	5.000	-28.456	0.197
5720.000	5.000	-28.228	0.200
5730.000	5.000	-28.667	0.194
5740.000	5.000	-28.963	0.200
5750.000	5.000	-28.817	0.200
5760.000	5.000	-28.704	0.197
5770.000	5.000	-28.777	0.201
5780.000	5.000	-28.761	0.198
5790.000	5.000	-28.761	0.200
5800.000	5.000	-29.005	0.202
5810.000	5.000	-29.371	0.200
5820.000	5.000	-29.451	0.198
5830.000	5.000	-29.158	0.200
5840.000	5.000	-28.849	0.201
5850.000	5.000	-28.922	0.197
5860.000	5.000	-29.906	0.200
5870.000	5.000	-29.759	0.202
5880.000	5.000	-29.346	0.205
5890.000	5.000	-29.639	0.200
5900.000	5.000	-29.542	0.197
5910.000	5.000	-29.469	0.200
5920.000	5.000	-29.861	0.197
5930.000	5.000	-30.007	0.200
5940.000	5.000	-30.087	0.201
5950.000	5.000	-30.087	0.195
5960.000	5.000	-29.509	0.197
5970.000	5.000	-30.022	0.198
5980.000	5.000	-30.451	0.198
5990.000	5.000	-30.105	0.200
6000.000	5.000	-30.324	0.200
6010.000	5.000	-30.569	0.197
6020.000	5.000	-30.390	0.198
6030.000	5.000	-30.390	0.198
6040.000	5.000	-30.323	0.198
6050.000	5.000	-30.469	0.202
6060.000	5.000	-30.762	0.198
6070.000	5.000	-30.469	0.203
6080.000	5.000	-30.453	0.202
6090.000	5.000	-30.946	0.201
6100.000	5.000	-30.726	0.198
6110.000	5.000	-30.629	0.201
6120.000	5.000	-30.922	0.196
6130.000	5.000	-30.775	0.201
6140.000	5.000	-31.055	0.200
6150.000	5.000	-31.348	0.201
6160.000	5.000	-31.055	0.197
6170.000	5.000	-31.201	0.200
6180.000	5.000	-31.567	0.212
6190.000	5.000	-31.348	0.200
6200.000	5.000	-31.421	0.198
6210.000	5.000	-31.860	0.201
6220.000	5.000	-31.567	0.202
6230.000	5.000	-31.567	0.202
6240.000	5.000	-32.080	0.203
6250.000	5.000	-31.714	0.202
6260.000	5.000	-31.787	0.198
6270.000	5.000	-32.300	0.201
6280.000	5.000	-31.860	0.201
6290.000	5.000	-32.153	0.202
6300.000	5.000	-32.373	0.198
6310.000	5.000	-32.007	0.198
6320.000	5.000	-32.300	0.201
6330.000	5.000	-32.446	0.200
6340.000	5.000	-32.300	0.205
6350.000	5.000	-32.446	0.200
6360.000	5.000	-32.666	0.200
6370.000	5.000	-32.593	0.197
6380.000	5.000	-32.593	0.198
6390.000	5.000	-32.739	0.201
6400.000	5.000	-32.739	0.202
6410.000	5.000	-32.666	0.200
6420.000	5.000	-33.032	0.201
6430.000	5.000	-32.959	0.198
6440.000	5.000	-33.032	0.203
6450.000	5.000	-33.252	0.198
6460.000	5.000	-33.179	0.200
6470.000	5.000	-33.105	0.198
6480.000	5.000	-33.472	0.202
6490.000	5.000	-33.325	0.197
6500.000	5.000	-33.252	0.197
6510.000	5.000	-33.984	0.200
6520.000	5.000	-33.398	0.198
6530.000	5.000	-33.618	0.200
6540.000	5.000	-33.691	0.198
6550.000	5.000	-33.618	0.203
6560.000	5.000	-33.911	0.200
6570.000	5.000	-33.838	0.198
6580.000	5.000	-34.058	0.197
6590.000	5.000	-34.131	0.201
6600.000	5.000	-34.277	0.198
6610.000	5.000	-34.049	0.201
6620.000	5.000	-34.855	0.201
6630.000	5.000	-34.482	0.198
6640.000	5.000	-34.336	0.201
6650.000	5.000	-34.556	0.200
6660.000	5.000	-34.702	0.202
6670.000	5.000	-34.914	0.198
6680.000	5.000	-34.840	0.201
6690.000	5.000	-34.734	0.197
6700.000	5.000	-34.954	0.197
6710.000	5.000	-34.595	0.198
6720.000	5.000	-34.376	0.192
6730.000	5.000	-35.286	0.201
6740.000	5.000	-35.579	0.198
6750.000	5.000	-35.266	0.205
6760.000	5.000	-35.290	0.198
6770.000	5.000	-35.510	0.196
6780.000	5.000	-35.543	0.197
6790.000	5.000	-35.616	0.201
6800.000	5.000	-35.909	0.198
6810.000	5.000	-35.909	0.198
6820.000	5.000	-36.129	0.200
6830.000	5.000	-35.519	0.200
6840.000	5.000	-35.519	0.200
6850.000	5.000	-35.758	0.201
6860.000	5.000	-35.742	0.201
6870.000	5.000	-35.742	0.201
6880.000	5.000	-35.596	0.200
6890.000	5.000	-35.889	0.198
6900.000	5.000	-35.889	0.198
6910.000	5.000	-35.669	0.197
6920.000	5.000	-35.829	0.198
6930.000	5.000	-35.829	0.198
6940.000	5.000	-36.073	0.202
6950.000	5.000	-36.512	0.200
6960.000	5.000	-35.893	0.200
6970.000	5.000	-36.113	0.201
6980.000	5.000	-36.756	0.197
6990.000	5.000	-36.756	0.197
7000.000	5.000	-36.682	0.201
7010.000	5.000	-36.829	0.198
7020.000	5.000	-36.829	0.198
7030.000	5.000	-36.816	0.195
7040.000	5.000	-36.864	0.200
7050.000	5.000	-36.319	0.201
7060.000	5.000	-37.125	0.197
7070.000	5.000	-37.198	0.201
7080.000	5.000	-37.145	0.198
7090.000	5.000	-36.795	0.202
7100.000	5.000	-36.429	0.200
7110.000	5.000	-36.722	0.198
7120.000	5.000	-36.974	0.198
7130.000	5.000	-37.267	0.198
7140.000	5.000	-37.041	0.200
7150.000	5.000	-37.147	0.198
7160.000	5.000	-36.960	0.198
7170.000	5.000	-36.887	0.201
7180.000	5.000	-37.306	0.202
7190.000	5.000	-37.379	0.200
7200.000	5.000	-37.599	0.203
7210.000	5.000	-37.526	0.200
7220.000	5.000	-37.200	0.197
7230.000	5.000	-37.274	0.202
7240.000	5.000	-37.500	0.198
7250.000	5.000	-37.573	0.197
7260.000	5.000	-37.646	0.200
7270.000	5.000	-37.720	0.200
7280.000	5.000	-37.573	0.202
7290.000	5.000	-37.793	0.198
7300.000	5.000	-37.720	0.201
7310.000	5.000	-37.720	0.200
7320.000	5.000	-38.086	0.198
7330.000	5.000	-37.720	0.196
7340.000	5.000	-37.866	0.198
7350.000	5.000	-38.306	0.200
7360.000	5.000	-37.939	0.202
7370.000	5.000	-38.232	0.200
7380.000	5.000	-38.159	0.200
7390.000	5.000	-37.939	0.202
7400.000	5.000	-38.379	0.202
7410.000	5.000	-38.379	0.203
7420.000	5.000	-38.232	0.197
7430.000	5.000	-38.525	0.198
7440.000	5.000	-38.379	0.200
7450.000	5.000	-38.306	0.197
7460.000	5.000	-38.672	0.198
7470.000	5.000	-38.525	0.200
7480.000	5.000	-38.745	0.201
7490.000	5.000	-38.745	0.198
7500.000	5.000	-38.599	0.197
7510.000	5.000	-38.892	0.197
7520.000	5.000	-38.818	0.206
7530.000	5.000	-38.892	0.200
7540.000	5.000	-38.892	0.200
7550.000	5.000	-38.892	0.198
7560.000	5.000	-38.965	0.201
7570.000	5.000	-39.111	0.202
7580.000	5.000	-39.258	0.200
7590.000	5.000	-39.038	0.198
7600.000	5.000	-39.111	0.202
7610.000	5.000	-39.111	0.198
7620.000	5.000	-39.258	0.200
7630.000	5.000	-39.478	0.202
7640.000	5.000	-39.624	0.195
7650.000	5.000	-39.697	0.200
7660.000	5.000	-39.901	0.200
7670.000	5.000	-39.974	0.198
7680.000	5.000	-39.674	0.198
7690.000	5.000	-39.748	0.207
7700.000	5.000	-40.041	0.200
7710.000	5.000	-40.041	0.200
7720.000	5.000	-40.317	0.200
7730.000	5.000	-40.171	0.201
7740.000	5.000	-39.998	0.202
7750.000	5.000	-39.924	0.201
7760.000	5.000	-39.721	0.202
7770.000	5.000	-39.941	0.198
7780.000	5.000	-40.769	0.198
7790.000	5.000	-40.843	0.205
7800.000	5.000	-40.463	0.200
7810.000	5.000	-40.463	0.198
7820.000	5.000	-40.333	0.205
7830.000	5.000	-40.333	0.198
7840.000	5.000	-41.043	0.203
7850.000	5.000	-41.482	0.200
7860.000	5.000	-41.449	0.198
7870.000	5.000	-40.936	0.200
7880.000	5.000	-40.481	0.201
7890.000	5.000	-40.774	0.200
7900.000	5.000	-41.617	0.200
7910.000	5.000	-41.617	0.203
7920.000	5.000	-41.444	0.203
7930.000	5.000	-41.664	0.197
7940.000	5.000	-41.273	0.201
7950.000	5.000	-41.346	0.202
7960.000	5.000	-41.233	0.203
7970.000	5.000	-41.673	0.202
7980.000	5.000	-41.819	0.200
7990.000	5.000	-42.364	0.197
8000.000	5.000	-41.827	0.202
8010.000	5.000	-41.727	0.203
8020.000	5.000	-42.047	0.196
8030.000	5.000	-42.193	0.202
8040.000	5.000	-42.413	0.198
8050.000	5.000	-42.649	0.200
8060.000	5.000	-42.942	0.201
8070.000	5.000	-42.629	0.197
8080.000	5.000	-42.629	0.201
8090.000	5.000	-42.230	0.198
8100.000	5.000	-42.450	0.200
8110.000	5.000	-43.160	0.205
8120.000	5.000	-43.087	0.202
8130.000	5.000	-42.827	0.201
8140.000	5.000	-42.681	0.202
8150.000	5.000	-42.591	0.201
8160.000	5.000	-42.738	0.200
8170.000	5.000	-43.759	0.206
8180.000	5.000	-43.612	0.203
8190.000	5.000	-43.552	0.200
8200.000	5.000	-43.259	0.198
8210.000	5.000	-43.015	0.197
8220.000	5.000	-43.235	0.200
8230.000	5.000	-43.894	0.201
8240.000	5.000	-43.894	0.196
8250.000	5.000	-43.554	0.203
8260.000	5.000	-43.554	0.200
8270.000	5.000	-42.992	0.202
8280.000	5.000	-43.505	0.201
8290.000	5.000	-43.492	0.198
8300.000	5.000	-44.004	0.198
8310.000	5.000	-44.151	0.197
8320.000	5.000	-44.224	0.198
8330.000	5.000	-43.825	0.201
8340.000	5.000	-44.192	0.208
8350.000	5.000	-44.092	0.200
8360.000	5.000	-44.165	0.198
8370.000	5.000	-44.385	0.198
8380.000	5.000	-44.092	0.200
8390.000	5.000	-44.238	0.203
8400.000	5.000	-44.312	0.200
8410.000	5.000	-44.165	0.197
8420.000	5.000	-44.165	0.202
8430.000	5.000	-44.531	0.198
8440.000	5.000	-44.092	0.201
8450.000	5.000	-44.531	0.198
8460.000	5.000	-44.751	0.201
8470.000	5.000	-44.604	0.200
8480.000	5.000	-44.824	0.202
8490.000	5.000	-45.044	0.202
8500.000	5.000	-44.897	0.198
8510.000	5.000	-45.117	0.200
8520.000	5.000	-45.264	0.201
8530.000	5.000	-45.044	0.198
8540.000	5.000	-45.264	0.197
8550.000	5.000	-45.483	0.198
8560.000	5.000	-45.190	0.200
8570.000	5.000	-45.264	0.200
8580.000	5.000	-45.337	0.198
8590.000	5.000	-45.117	0.201
8600.000	5.000	-45.246	0.198
8610.000	5.000	-45.514	0.197
8620.000	5.000	-45.588	0.197
8630.000	5.000	-45.588	0.197
8640.000	5.000	-45.448	0.201
8650.000	5.000	-45.228	0.200
8660.000	5.000	-45.521	0.200
8670.000	5.000	-45.668	0.198
8680.000	5.000	-46.164	0.207
8690.000	5.000	-45.895	0.197
8700.000	5.000	-45.895	0.197
8710.000	5.000	-46.182	0.202
8720.000	5.000	-45.913	0.197
8730.000	5.000	-45.913	0.197
8740.000	5.000	-46.200	0.194
8750.000	5.000	-46.273	0.197
8760.000	5.000	-46.273	0.197
8770.000	5.000	-46.200	0.201
8780.000	5.000	-45.850	0.207
8790.000	5.000	-45.850	0.207
8800.000	5.000	-45.923	0.198
8810.000	5.000	-45.996	0.200
8820.000	5.000	-45.996	0.200
8830.000	5.000	-45.996	0.200
8840.000	5.000	-46.143	0.198
8850.000	5.000	-46.143	0.198
8860.000	5.000	-46.216	0.198
8870.000	5.000	-46.362	0.197
8880.000	5.000	-46.362	0.197
8890.000	5.000	-46.436	0.203
8900.000	5.000	-46.509	0.200
8910.000	5.000	-46.509	0.200
8920.000	5.000	-46.509	0.198
8930.000	5.000	-46.729	0.194
8940.000	5.000	-46.729	0.194
8950.000	5.000	-46.729	0.202
8960.000	5.000	-46.729	0.202
8970.000	5.000	-46.729	0.202
8980.000	5.000	-46.729	0.200
8990.000	5.000	-46.948	0.198
9000.000	5.000	-46.948	0.198
9010.000	5.000	-46.662	0.197
9020.000	5.000	-46.662	0.203
9030.000	5.000	-46.808	0.200
9040.000	5.000	-46.589	0.201
9050.000	5.000	-46.735	0.198
9060.000	5.000	-46.882	0.200
9070.000	5.000	-46.882	0.198
9080.000	5.000	-46.882	0.200
9090.000	5.000	-47.101	0.202
9100.000	5.000	-47.028	0.198
9110.000	5.000	-47.461	0.200
9120.000	5.000	-47.754	0.201
9130.000	5.000	-47.607	0.203
9140.000	5.000	-47.900	0.205
9150.000	5.000	-48.120	0.200
9160.000	5.000	-48.584	0.198
9170.000	5.000	-48.584	0.201
9180.000	5.000	-48.584	0.201
9190.000	5.000	-48.584	0.203
9200.000	5.000	-48.657	0.198
9210.000	5.000	-48.557	0.203
9220.000	5.000	-48.118	0.196
9230.000	5.000	-48.411	0.198
9240.000	5.000	-48.484	0.192
9250.000	5.000	-48.557	0.201
9260.000	5.000	-48.777	0.202
9270.000	5.000	-48.606	0.197
9280.000	5.000	-48.606	0.201
9290.000	5.000	-48.606	0.194
9300.000	5.000	-48.753	0.198
9310.000	5.000	-48.926	0.201
9320.000	5.000	-49.146	0.198
9330.000	5.000	-49.292	0.198
9340.000	5.000	-49.146	0.201
9350.000	5.000	-49.146	0.196
9360.000	5.000	-49.438	0.198
9370.000	5.000	-49.146	0.198
9380.000	5.000	-49.438	0.198
9390.000	5.000	-49.585	0.201
9400.000	5.000	-49.585	0.198
9410.000	5.000	-49.658	0.201
9420.000	5.000	-50.171	0.198
9430.000	5.000	-50.098	0.201
9440.000	5.000	-50.391	0.187
9450.000	5.000	-50.391	0.198
9460.000	5.000	-50.171	0.197
9470.000	5.000	-50.098	0.198
9480.000	5.000	-50.317	0.200
9490.000	5.000	-50.171	0.187
9500.000	5.000	-50.391	0.198
9510.000	5.000	-50.684	0.201
9520.000	5.000	-50.244	0.197
9530.000	5.000	-50.391	0.197
9540.000	5.000	-50.537	0.195
9550.000	5.000	-50.757	0.202
9560.000	5.000	-50.830	0.202
9570.000	5.000	-51.196	0.196
9580.000	5.000	-50.903	0.201
9590.000	5.000	-51.050	0.208
9600.000	5.000	-51.196	0.198
9610.000	5.000	-51.050	0.202
9620.000	5.000	-51.270	0.198
9630.000	5.000	-51.343	0.200
9640.000	5.000	-51.050	0.208
9650.000	5.000	-50.977	0.200
9660.000	5.000	-51.562	0.200
9670.000	5.000	-51.343	0.198
9680.000	5.000	-51.489	0.200
9690.000	5.000	-51.489	0.200
9700.000	5.000	-51.416	0.200
9710.000	5.000	-51.562	0.200
9720.000	5.000	-51.855	0.197
9730.000	5.000	-51.636	0.200
9740.000	5.000	-51.709	0.213
9750.000	5.000	-52.295	0.201
9760.000	5.000	-51.782	0.200
9770.000	5.000	-51.929	0.202
9780.000	5.000	-51.929	0.200
9790.000	5.000	-51.929	0.195
9800.000	5.000	-52.002	0.201
9810.000	5.000	-52.148	0.198
9820.000	5.000	-51.855	0.198
9830.000	5.000	-52.002	0.201
9840.000	5.000	-52.515	0.205
9850.000	5.000	-52.002	0.203
9860.000	5.000	-52.075	0.200
9870.000	5.000	-52.148	0.198
9880.000	5.000	-52.222	0.198
9890.000	5.000	-52.441	0.197
9900.000	5.000	-52.515	0.201
9910.000	5.000	-52.148	0.198
9920.000	5.000	-53.247	0.200
9930.000	5.000	-52.881	0.211
9940.000	5.000	-52.808	0.203
9950.000	5.000	-52.808	0.200
9960.000	5.000	-53.027	0.202
9970.000	5.000	-53.027	0.202
9980.000	5.000	-52.688	0.202
9990.000	5.000	-53.046	0.197
10000.000	5.000	-53.485	0.201
10010.000	5.000	-52.973	0.202
10020.000	5.000	-52.606	0.198
10030.000	5.000	-52.606	0.186
10040.000	5.000	-52.606	0.186
10050.000	5.000	-52.540	0.198
10060.000	5.000	-52.686	0.200
10070.000	5.000	-52.467	0.200
10080.000	5.000	-53.319	0.200
10090.000	5.000	-53.246	0.216
10100.000	5.000	-52.521	0.201
10110.000	5.000	-52.521	0.200
10120.000	5.000	-52.448	0.200
10130.000	5.000	-52.741	0.198
10140.000	5.000	-52.741	0.205
10150.000	5.000	-53.459	0.200
10160.000	5.000	-53.678	0.202
10170.000	5.000	-53.472	0.198
10180.000	5.000	-52.959	0.198
10190.000	5.000	-53.106	0.192
10200.000	5.000	-53.618	0.198
10210.000	5.000	-53.895	0.200
10220.000	5.000	-53.968	0.198
10230.000	5.000	-53.809	0.200
10240.000	5.000	-53.809	0.201
10250.000	5.000	-53.231	0.198
10260.000	5.000	-53.084	0.200
10270.000	5.000	-54.194	0.196
10280.000	5.000	-54.267	0.200
10290.000	5.000	-54.187	0.212
10300.000	5.000	-54.114	0.200
10310.000	5.000	-53.618	0.198
10320.000	5.000	-53.618	0.201
10330.000	5.000	-54.542	0.197
10340.000	5.000	-54.689	0.196
10350.000	5.000	-54.815	0.201
10360.000	5.000	-54.815	0.197
10370.000	5.000	-54.059	0.197
10380.000	5.000	-54.132	0.198
10390.000	5.000	-55.123	0.196
10400.000	5.000	-55.123	0.197
10410.000	5.000	-55.050	0.201
10420.000	5.000	-55.270	0.201
10430.000	5.000	-54.358	0.200
10440.000	5.000	-54.505	0.194
10450.000	5.000	-55.363	0.198
10460.000	5.000	-55.363	0.197
10470.000	5.000	-55.609	0.198
10480.000	5.000	-55.536	0.201
10490.000	5.000	-54.771	0.207
10500.000	5.000	-54.991	0.201
10510.000	5.000	-55.805	0.198
10520.000	5.000	-56.024	0.197
10530.000	5.000	-56.011	0.200
10540.000	5.000	-55.791	0.197
10550.000	5.000	-55.319	0.201
10560.000	5.000	-55.539	0.198
10570.000	5.000	-56.212	0.201
10580.000	5.000	-56.652	0.198
10590.000	5.000	-56.292	0.201
10600.000	5.000	-56.219	0.198
10610.000	5.000	-55.918	0.197
10620.000	5.000	-55.918	0.200
10630.000	5.000	-56.843	0.198
10640.000	5.000	-56.989	0.211
10650.000	5.000	-56.736	0.201
10660.000	5.000	-56.663	0.201
10670.000	5.000	-56.638	0.203
10680.000	5.000	-57.144	0.194
10690.000	5.000	-57.364	0.201
10700.000	5.000	-57.364	0.198
10710.000	5.000	-57.364	0.198
10720.000	5.000	-57.657	0.198
10730.000	5.000	-57.039	0.208
10740.000	5.000	-57.039	0.208
10750.000	5.000	-57.365	0.201
10760.000	5.000	-57.511	0.200
10770.000	5.000	-57.511	0.200
10780.000	5.000	-56.982	0.198
10790.000	5.000	-57.422	0.201
10800.000	5.000	-56.889	0.200
10810.000	5.000	-57.036	0.201
10820.000	5.000	-57.573	0.198
10830.000	5.000	-57.573	0.198
10840.000	5.000	-57.646	0.192
10850.000	5.000	-57.719	0.197
10860.000	5.000	-57.719	0.197
10870.000	5.000	-57.500	0.201
10880.000	5.000	-57.573	0.202
10890.000	5.000	-57.573	0.202
10900.000	5.000	-58.252	0.196
10910.000	5.000	-57.788	0.198
10920.000	5.000	-57.788	0.198
10930.000	5.000	-57.642	0.211
10940.000	5.000	-57.568	0.201
10950.000	5.000	-57.568	0.201
10960.000	5.000	-57.788	0.201
10970.000	5.000	-57.475	0.200
10980.000	5.000	-57.768	0.198
10990.000	5.000	-58.085	0.200
11000.000	5.000	-57.793	0.200
11010.000	5.000	-57.832	0.201
11020.000	5.000	-57.759	0.198
11030.000	5.000	-57.759	0.197
11040.000	5.000	-57.393	0.202
11050.000	5.000	-58.337	0.175
11060.000	5.000	-58.264	0.129
11070.000	5.000	-58.397	0.094
11080.000	5.000	-57.811	0.068
11090.000	5.000	-57.567	0.050
11100.000	5.000	-57.640	0.039
11110.000	5.000	-58.772	0.029
11120.000	5.000	-58.259	0.024
11130.000	5.000	-58.206	0.018
11140.000	5.000	-58.133	0.015
11150.000	5.000	-57.555	0.012
11160.000	5.000	-57.335	0.010
11170.000	5.000	-57.898	0.007
11180.000	5.000	-58.410	0.009
11190.000	5.000	-58.144	-0.014
11200.000	5.000	-57.851	0.007
11210.000	5.000	-56.752	0.008
11220.000	5.000	-57.119	0.006
11230.000	5.000	-57.644	0.003
11240.000	5.000	-58.083	0.009
11250.000	5.000	-57.344	0.008
11260.000	5.000	-57.344	0.008
11270.000	5.000	-57.035	0.003
11280.000	5.000	-56.669	0.009
11290.000	5.000	-57.586	-0.005
11300.000	5.000	-57.513	0.007
11310.000	5.000	-57.480	0.004
11320.000	5.000	-57.187	0.004
11330.000	5.000	-56.715	0.006
11340.000	5.000	-56.715	0.006
11350.000	5.000	-56.795	0.007
11360.000	5.000	-57.087	0.007
11370.000	5.000	-56.941	0.007
11380.000	5.000	-57.730	0.007
11390.000	5.000	-56.860	0.006
11400.000	5.000	-56.700	0.006
11410.000	5.000	-56.806	0.008
11420.000	5.000	-56.953	0.007
11430.000	5.000	-57.246	0.007
11440.000	5.000	-56.660	0.007
11450.000	5.000	-57.099	0.008
11460.000	5.000	-56.806	0.007
11470.000	5.000	-57.588	0.003
11480.000	5.000	-56.945	0.004
11490.000	5.000	-56.499	-0.002
11500.000	5.000	-56.878	0.004
11510.000	5.000	-56.878	0.007
11520.000	5.000	-57.244	0.007
11530.000	5.000	-57.261	0.004
11540.000	5.000	-57.334	-0.002
11550.000	5.000	-57.081	0.003
11560.000	5.000	-56.934	0.003
11570.000	5.000	-56.666	0.003
11580.000	5.000	-56.226	0.007
11590.000	5.000	-57.218	0.013
11600.000	5.000	-57.291	0.004
11610.000	5.000	-57.051	0.004
11620.000	5.000	-56.831	0.008
11630.000	5.000	-56.156	0.007
11640.000	5.000	-56.376	0.008
11650.000	5.000	-57.182	0.007
11660.000	5.000	-57.402	0.007
11670.000	5.000	-56.783	0.003
11680.000	5.000	-56.636	0.007
11690.000	5.000	-56.164	-0.000
11700.000	5.000	-56.164	0.006
11710.000	5.000	-57.104	0.004
11720.000	5.000	-57.104	0.006
11730.000	5.000	-56.684	0.009
11740.000	5.000	-56.684	0.009
11750.000	5.000	-56.058	0.006
11760.000	5.000	-56.131	0.004
11770.000	5.000	-56.384	0.008
11780.000	5.000	-56.457	0.007
11790.000	5.000	-56.530	0.002
11800.000	5.000	-56.840	0.006
11810.000	5.000	-56.213	0.004
11820.000	5.000	-55.820	0.004
11830.000	5.000	-56.240	0.004
11840.000	5.000	-56.166	0.008
11850.000	5.000	-56.093	0.007
11860.000	5.000	-56.484	0.007
11870.000	5.000	-56.557	0.003
11880.000	5.000	-56.344	0.006
11890.000	5.000	-55.978	0.002
11900.000	5.000	-55.595	0.004
11910.000	5.000	-55.376	0.006
11920.000	5.000	-56.411	0.007
11930.000	5.000	-56.411	0.004
11940.000	5.000	-55.832	0.003
11950.000	5.000	-55.759	0.004
11960.000	5.000	-55.075	0.004
11970.000	5.000	-54.855	0.004
11980.000	5.000	-56.061	0.006
11990.000	5.000	-55.988	0.006
12000.000	5.000	-55.695	0.006
12010.000	5.000	-55.915	0.004
12020.000	5.000	-54.979	0.008
