%Time [ms]	Commanded Torque [mNm]	Angular Velocity [RPM]	Actual Current [Amp]	%3/3/20231:58 PM
0.000	0.000	0.000	0.000
20.000	10.000	0.000	0.007
30.000	10.000	0.000	0.007
40.000	10.000	0.000	0.007
50.000	10.000	0.000	0.006
60.000	10.000	0.000	0.001
70.000	10.000	0.000	0.001
80.000	10.000	0.000	0.015
90.000	10.000	0.000	0.006
100.000	10.000	0.000	0.006
110.000	10.000	0.000	0.002
120.000	10.000	0.000	0.003
130.000	10.000	0.000	0.004
140.000	10.000	0.000	0.006
150.000	10.000	0.000	0.004
160.000	10.000	0.000	0.004
170.000	10.000	0.000	0.004
180.000	10.000	0.000	0.001
190.000	10.000	0.000	0.008
200.000	10.000	0.000	0.004
210.000	10.000	0.000	0.008
220.000	10.000	0.000	0.008
230.000	10.000	0.000	0.010
240.000	10.000	0.000	0.003
250.000	10.000	0.000	0.006
260.000	10.000	0.000	0.004
270.000	10.000	0.000	0.007
280.000	10.000	0.000	0.007
290.000	10.000	0.000	0.004
300.000	10.000	0.000	0.004
310.000	10.000	0.000	0.006
320.000	10.000	0.000	0.003
330.000	10.000	0.000	0.017
340.000	10.000	0.000	0.008
350.000	10.000	0.000	0.006
360.000	10.000	0.000	0.004
370.000	10.000	0.000	0.004
380.000	10.000	0.000	0.003
390.000	10.000	0.000	0.006
400.000	10.000	0.000	0.007
410.000	10.000	0.000	0.007
420.000	10.000	0.000	0.007
430.000	10.000	0.000	-0.003
440.000	10.000	0.000	0.006
450.000	10.000	0.000	0.004
460.000	10.000	0.000	0.006
470.000	10.000	0.000	0.007
480.000	10.000	0.000	0.008
490.000	10.000	0.000	0.004
500.000	10.000	0.000	0.007
510.000	10.000	0.000	0.007
520.000	10.000	0.000	0.006
530.000	10.000	0.000	0.008
540.000	10.000	0.000	0.006
550.000	10.000	0.000	0.008
560.000	10.000	0.000	0.008
570.000	10.000	0.000	0.006
580.000	10.000	0.000	0.006
590.000	10.000	0.000	0.006
600.000	10.000	0.000	0.008
610.000	10.000	0.000	0.008
620.000	10.000	0.000	0.007
630.000	10.000	0.000	0.004
640.000	10.000	0.000	0.004
650.000	10.000	0.000	0.007
660.000	10.000	0.000	0.001
670.000	10.000	0.000	0.001
680.000	10.000	0.000	0.003
690.000	10.000	0.000	0.006
700.000	10.000	0.000	0.008
710.000	10.000	0.000	0.006
720.000	10.000	0.000	0.007
730.000	10.000	0.000	-0.002
740.000	10.000	0.000	0.002
750.000	10.000	0.000	0.003
760.000	10.000	0.000	0.004
770.000	10.000	0.000	0.006
780.000	10.000	0.000	0.008
790.000	10.000	0.000	0.004
800.000	10.000	0.000	0.008
810.000	10.000	0.000	0.007
820.000	10.000	0.000	0.007
830.000	10.000	0.000	0.004
840.000	10.000	0.000	0.007
850.000	10.000	0.000	0.007
860.000	10.000	0.000	0.009
870.000	10.000	0.000	0.003
880.000	10.000	0.000	0.004
890.000	10.000	0.000	0.002
900.000	10.000	0.000	0.004
910.000	10.000	0.000	0.002
920.000	10.000	0.000	0.006
930.000	10.000	0.000	0.004
940.000	10.000	0.000	0.007
950.000	10.000	0.000	0.003
960.000	10.000	0.000	0.002
970.000	10.000	0.000	0.002
980.000	10.000	0.000	0.008
990.000	10.000	0.000	0.007
1000.000	10.000	0.000	0.004
1010.000	10.000	0.000	0.004
1020.000	10.000	0.000	-0.007
1030.000	10.000	0.000	-0.007
1040.000	10.000	-0.073	0.043
1050.000	10.000	-0.146	0.211
1060.000	10.000	-0.146	0.211
1070.000	10.000	-0.146	0.258
1080.000	10.000	-0.293	0.322
1090.000	10.000	-0.293	0.322
1100.000	10.000	-0.366	0.344
1110.000	10.000	-0.579	0.369
1120.000	10.000	-0.579	0.369
1130.000	10.000	-0.742	0.375
1140.000	10.000	-0.889	0.386
1150.000	10.000	-0.889	0.386
1160.000	10.000	-0.962	0.388
1170.000	10.000	-1.181	0.407
1180.000	10.000	-1.181	0.407
1190.000	10.000	-1.328	0.393
1200.000	10.000	-1.694	0.401
1210.000	10.000	-1.694	0.401
1220.000	10.000	-1.921	0.394
1230.000	10.000	-2.271	0.394
1240.000	10.000	-2.271	0.394
1250.000	10.000	-2.417	0.394
1260.000	10.000	-2.783	0.397
1270.000	10.000	-2.783	0.397
1280.000	10.000	-3.076	0.397
1290.000	10.000	-3.442	0.399
1300.000	10.000	-3.442	0.399
1310.000	10.000	-3.369	0.404
1320.000	10.000	-3.369	0.393
1330.000	10.000	-3.369	0.393
1340.000	10.000	-3.516	0.396
1350.000	10.000	-3.955	0.399
1360.000	10.000	-3.955	0.399
1370.000	10.000	-4.028	0.396
1380.000	10.000	-4.348	0.396
1390.000	10.000	-4.348	0.396
1400.000	10.000	-4.568	0.399
1410.000	10.000	-4.714	0.396
1420.000	10.000	-4.861	0.396
1430.000	10.000	-5.007	0.400
1440.000	10.000	-5.300	0.397
1450.000	10.000	-5.247	0.397
1460.000	10.000	-5.393	0.396
1470.000	10.000	-5.759	0.396
1480.000	10.000	-6.026	0.393
1490.000	10.000	-5.782	0.399
1500.000	10.000	-5.708	0.397
1510.000	10.000	-6.001	0.399
1520.000	10.000	-6.368	0.400
1530.000	10.000	-6.587	0.394
1540.000	10.000	-6.880	0.399
1550.000	10.000	-7.080	0.396
1560.000	10.000	-7.080	0.396
1570.000	10.000	-6.940	0.395
1580.000	10.000	-7.087	0.404
1590.000	10.000	-7.331	0.396
1600.000	10.000	-7.917	0.395
1610.000	10.000	-7.998	0.402
1620.000	10.000	-7.925	0.399
1630.000	10.000	-8.125	0.393
1640.000	10.000	-7.905	0.397
1650.000	10.000	-8.198	0.396
1660.000	10.000	-8.637	0.396
1670.000	10.000	-8.785	0.396
1680.000	10.000	-8.932	0.395
1690.000	10.000	-9.065	0.397
1700.000	10.000	-8.992	0.397
1710.000	10.000	-9.203	0.397
1720.000	10.000	-9.350	0.393
1730.000	10.000	-9.866	0.396
1740.000	10.000	-10.039	0.399
1750.000	10.000	-10.039	0.399
1760.000	10.000	-9.991	0.397
1770.000	10.000	-10.275	0.397
1780.000	10.000	-10.249	0.402
1790.000	10.000	-10.628	0.397
1800.000	10.000	-10.628	0.399
1810.000	10.000	-10.628	0.393
1820.000	10.000	-11.149	0.401
1830.000	10.000	-11.149	0.401
1840.000	10.000	-11.329	0.396
1850.000	10.000	-11.156	0.395
1860.000	10.000	-11.424	0.400
1870.000	10.000	-11.791	0.396
1880.000	10.000	-11.817	0.395
1890.000	10.000	-11.890	0.400
1900.000	10.000	-12.110	0.399
1910.000	10.000	-12.550	0.396
1920.000	10.000	-12.191	0.393
1930.000	10.000	-12.411	0.383
1940.000	10.000	-12.524	0.399
1950.000	10.000	-12.891	0.396
1960.000	10.000	-13.037	0.396
1970.000	10.000	-13.037	0.399
1980.000	10.000	-13.623	0.389
1990.000	10.000	-13.370	0.397
2000.000	10.000	-13.590	0.397
2010.000	10.000	-13.663	0.395
2020.000	10.000	-13.883	0.396
2030.000	10.000	-14.208	0.391
2040.000	10.000	-14.428	0.399
2050.000	10.000	-14.435	0.399
2060.000	10.000	-14.508	0.401
2070.000	10.000	-14.435	0.396
2080.000	10.000	-14.435	0.394
2090.000	10.000	-15.078	0.399
2100.000	10.000	-15.078	0.396
2110.000	10.000	-15.138	0.389
2120.000	10.000	-15.431	0.399
2130.000	10.000	-15.106	0.408
2140.000	10.000	-15.325	0.397
2150.000	10.000	-15.717	0.399
2160.000	10.000	-15.937	0.397
2170.000	10.000	-16.077	0.400
2180.000	10.000	-16.150	0.396
2190.000	10.000	-16.272	0.395
2200.000	10.000	-16.272	0.397
2210.000	10.000	-16.432	0.397
2220.000	10.000	-16.798	0.397
2230.000	10.000	-16.945	0.386
2240.000	10.000	-17.018	0.399
2250.000	10.000	-16.986	0.399
2260.000	10.000	-17.132	0.399
2270.000	10.000	-17.651	0.399
2280.000	10.000	-17.432	0.407
2290.000	10.000	-17.505	0.396
2300.000	10.000	-18.018	0.396
2310.000	10.000	-18.091	0.399
2320.000	10.000	-18.311	0.396
2330.000	10.000	-18.237	0.400
2340.000	10.000	-18.457	0.396
2350.000	10.000	-18.677	0.397
2360.000	10.000	-18.750	0.395
2370.000	10.000	-18.823	0.399
2380.000	10.000	-19.189	0.397
2390.000	10.000	-19.189	0.399
2400.000	10.000	-19.189	0.397
2410.000	10.000	-19.409	0.396
2420.000	10.000	-19.409	0.400
2430.000	10.000	-19.849	0.408
2440.000	10.000	-20.068	0.399
2450.000	10.000	-19.922	0.396
2460.000	10.000	-20.215	0.397
2470.000	10.000	-20.142	0.396
2480.000	10.000	-20.361	0.393
2490.000	10.000	-20.581	0.400
2500.000	10.000	-20.801	0.395
2510.000	10.000	-20.947	0.396
2520.000	10.000	-20.947	0.397
2530.000	10.000	-21.313	0.399
2540.000	10.000	-21.094	0.399
2550.000	10.000	-21.753	0.397
2560.000	10.000	-21.680	0.396
2570.000	10.000	-21.899	0.396
2580.000	10.000	-21.899	0.399
2590.000	10.000	-22.339	0.397
2600.000	10.000	-22.192	0.397
2610.000	10.000	-22.339	0.397
2620.000	10.000	-22.412	0.399
2630.000	10.000	-22.412	0.405
2640.000	10.000	-22.705	0.396
2650.000	10.000	-22.632	0.396
2660.000	10.000	-23.437	0.400
2670.000	10.000	-23.584	0.393
2680.000	10.000	-23.584	0.399
2690.000	10.000	-23.584	0.399
2700.000	10.000	-23.730	0.397
2710.000	10.000	-24.097	0.399
2720.000	10.000	-24.243	0.399
2730.000	10.000	-24.463	0.401
2740.000	10.000	-24.390	0.399
2750.000	10.000	-24.609	0.397
2760.000	10.000	-24.756	0.397
2770.000	10.000	-24.463	0.401
2780.000	10.000	-24.683	0.380
2790.000	10.000	-24.683	0.396
2800.000	10.000	-25.049	0.397
2810.000	10.000	-25.456	0.397
2820.000	10.000	-25.356	0.416
2830.000	10.000	-25.356	0.416
2840.000	10.000	-25.869	0.397
2850.000	10.000	-25.999	0.397
2860.000	10.000	-26.179	0.395
2870.000	10.000	-26.032	0.396
2880.000	10.000	-26.252	0.405
2890.000	10.000	-26.545	0.399
2900.000	10.000	-26.691	0.396
2910.000	10.000	-27.098	0.395
2920.000	10.000	-26.705	0.400
2930.000	10.000	-27.025	0.401
2940.000	10.000	-27.025	0.397
2950.000	10.000	-27.188	0.396
2960.000	10.000	-27.594	0.397
2970.000	10.000	-27.952	0.397
2980.000	10.000	-27.912	0.393
2990.000	10.000	-28.148	0.396
3000.000	10.000	-28.368	0.397
3010.000	10.000	-28.286	0.399
3020.000	10.000	-28.286	0.399
3030.000	10.000	-28.758	0.396
3040.000	10.000	-29.045	0.395
3050.000	10.000	-28.898	0.396
3060.000	10.000	-28.825	0.395
3070.000	10.000	-28.979	0.393
3080.000	10.000	-29.719	0.395
3090.000	10.000	-29.703	0.397
3100.000	10.000	-29.437	0.395
3110.000	10.000	-29.510	0.397
3120.000	10.000	-30.269	0.397
3130.000	10.000	-29.870	0.410
3140.000	10.000	-29.804	0.399
3150.000	10.000	-30.845	0.399
3160.000	10.000	-30.579	0.397
3170.000	10.000	-30.579	0.397
3180.000	10.000	-30.685	0.408
3190.000	10.000	-30.538	0.396
3200.000	10.000	-30.878	0.399
3210.000	10.000	-31.781	0.396
3220.000	10.000	-31.422	0.399
3230.000	10.000	-31.715	0.404
3240.000	10.000	-32.154	0.396
3250.000	10.000	-31.405	0.399
3260.000	10.000	-32.038	0.397
3270.000	10.000	-32.697	0.391
3280.000	10.000	-32.517	0.389
3290.000	10.000	-32.664	0.396
3300.000	10.000	-32.884	0.397
3310.000	10.000	-32.566	0.397
3320.000	10.000	-32.779	0.397
3330.000	10.000	-33.455	0.400
3340.000	10.000	-33.215	0.397
3350.000	10.000	-33.801	0.396
3360.000	10.000	-33.581	0.399
3370.000	10.000	-33.361	0.397
3380.000	10.000	-34.086	0.399
3390.000	10.000	-34.306	0.396
3400.000	10.000	-34.413	0.396
3410.000	10.000	-34.120	0.399
3420.000	10.000	-34.779	0.400
3430.000	10.000	-34.470	0.402
3440.000	10.000	-35.165	0.396
3450.000	10.000	-34.632	0.399
3460.000	10.000	-35.438	0.399
3470.000	10.000	-35.585	0.399
3480.000	10.000	-35.039	0.402
3490.000	10.000	-35.406	0.396
3500.000	10.000	-35.983	0.399
3510.000	10.000	-36.642	0.396
3520.000	10.000	-36.036	0.397
3530.000	10.000	-36.329	0.397
3540.000	10.000	-36.166	0.396
3550.000	10.000	-36.772	0.399
3560.000	10.000	-36.845	0.400
3570.000	10.000	-37.081	0.397
3580.000	10.000	-37.301	0.402
3590.000	10.000	-37.228	0.397
3600.000	10.000	-37.130	0.399
3610.000	10.000	-37.277	0.397
3620.000	10.000	-37.736	0.402
3630.000	10.000	-38.159	0.397
3640.000	10.000	-38.226	0.397
3650.000	10.000	-38.079	0.397
3660.000	10.000	-38.226	0.397
3670.000	10.000	-38.429	0.401
3680.000	10.000	-38.576	0.396
3690.000	10.000	-39.219	0.399
3700.000	10.000	-39.272	0.399
3710.000	10.000	-38.832	0.400
3720.000	10.000	-39.345	0.397
3730.000	10.000	-39.435	0.399
3740.000	10.000	-39.588	0.400
3750.000	10.000	-39.807	0.400
3760.000	10.000	-39.954	0.397
3770.000	10.000	-39.881	0.399
3780.000	10.000	-40.027	0.394
3790.000	10.000	-39.897	0.395
3800.000	10.000	-40.356	0.397
3810.000	10.000	-41.414	0.396
3820.000	10.000	-41.241	0.401
3830.000	10.000	-40.582	0.401
3840.000	10.000	-40.875	0.397
3850.000	10.000	-41.461	0.397
3860.000	10.000	-41.388	0.397
3870.000	10.000	-41.534	0.401
3880.000	10.000	-41.974	0.399
3890.000	10.000	-42.120	0.399
3900.000	10.000	-42.047	0.395
3910.000	10.000	-41.868	0.396
3920.000	10.000	-42.041	0.397
3930.000	10.000	-42.407	0.397
3940.000	10.000	-42.627	0.396
3950.000	10.000	-42.407	0.399
3960.000	10.000	-42.627	0.397
3970.000	10.000	-43.140	0.394
3980.000	10.000	-42.993	0.399
3990.000	10.000	-42.993	0.396
4000.000	10.000	-43.359	0.397
4010.000	10.000	-42.993	0.396
4020.000	10.000	-43.433	0.397
4030.000	10.000	-44.019	0.393
4040.000	10.000	-44.019	0.395
4050.000	10.000	-44.312	0.396
4060.000	10.000	-44.678	0.401
4070.000	10.000	-44.312	0.396
4080.000	10.000	-44.604	0.395
4090.000	10.000	-44.971	0.397
4100.000	10.000	-44.678	0.401
4110.000	10.000	-44.897	0.400
4120.000	10.000	-45.264	0.395
4130.000	10.000	-44.897	0.399
4140.000	10.000	-45.044	0.395
4150.000	10.000	-45.264	0.397
4160.000	10.000	-45.117	0.400
4170.000	10.000	-45.410	0.399
4180.000	10.000	-45.630	0.394
4190.000	10.000	-45.557	0.396
4200.000	10.000	-45.923	0.399
4210.000	10.000	-46.289	0.399
4220.000	10.000	-45.996	0.395
4230.000	10.000	-46.436	0.396
4240.000	10.000	-46.655	0.397
4250.000	10.000	-46.582	0.396
4260.000	10.000	-46.655	0.395
4270.000	10.000	-47.021	0.395
4280.000	10.000	-46.948	0.396
4290.000	10.000	-47.168	0.397
4300.000	10.000	-47.461	0.397
4310.000	10.000	-47.314	0.399
4320.000	10.000	-47.534	0.395
4330.000	10.000	-47.827	0.397
4340.000	10.000	-47.754	0.399
4350.000	10.000	-48.047	0.399
4360.000	10.000	-48.413	0.397
4370.000	10.000	-48.267	0.400
4380.000	10.000	-48.486	0.396
4390.000	10.000	-48.633	0.394
4400.000	10.000	-48.413	0.395
4410.000	10.000	-48.633	0.397
4420.000	10.000	-48.926	0.395
4430.000	10.000	-48.633	0.397
4440.000	10.000	-48.999	0.396
4450.000	10.000	-49.561	0.400
4460.000	10.000	-49.854	0.404
4470.000	10.000	-49.927	0.399
4480.000	10.000	-49.927	0.395
4490.000	10.000	-49.927	0.395
4500.000	10.000	-50.146	0.399
4510.000	10.000	-50.366	0.396
4520.000	10.000	-50.439	0.395
4530.000	10.000	-51.172	0.395
4540.000	10.000	-51.172	0.395
4550.000	10.000	-51.172	0.397
4560.000	10.000	-50.537	0.395
4570.000	10.000	-50.610	0.395
4580.000	10.000	-50.830	0.400
4590.000	10.000	-51.270	0.399
4600.000	10.000	-51.270	0.399
4610.000	10.000	-51.343	0.396
4620.000	10.000	-51.636	0.397
4630.000	10.000	-51.636	0.397
4640.000	10.000	-51.709	0.397
4650.000	10.000	-52.075	0.395
4660.000	10.000	-52.075	0.395
4670.000	10.000	-52.368	0.401
4680.000	10.000	-52.588	0.400
4690.000	10.000	-52.588	0.400
4700.000	10.000	-53.027	0.400
4710.000	10.000	-52.954	0.396
4720.000	10.000	-52.954	0.396
4730.000	10.000	-53.027	0.396
4740.000	10.000	-53.687	0.393
4750.000	10.000	-53.687	0.393
4760.000	10.000	-54.053	0.396
4770.000	10.000	-54.199	0.400
4780.000	10.000	-54.199	0.400
4790.000	10.000	-54.199	0.396
4800.000	10.000	-54.419	0.397
4810.000	10.000	-54.419	0.397
4820.000	10.000	-55.078	0.397
4830.000	10.000	-54.932	0.394
4840.000	10.000	-54.932	0.394
4850.000	10.000	-55.371	0.397
4860.000	10.000	-55.591	0.396
4870.000	10.000	-55.591	0.396
4880.000	10.000	-56.030	0.397
4890.000	10.000	-56.177	0.395
4900.000	10.000	-56.177	0.395
4910.000	10.000	-56.396	0.395
4920.000	10.000	-56.622	0.402
4930.000	10.000	-56.622	0.402
4940.000	10.000	-57.062	0.401
4950.000	10.000	-57.501	0.396
4960.000	10.000	-57.501	0.396
4970.000	10.000	-57.428	0.399
4980.000	10.000	-57.794	0.400
4990.000	10.000	-57.794	0.400
5000.000	10.000	-57.867	0.394
5010.000	10.000	-58.480	0.396
5020.000	10.000	-58.480	0.396
5030.000	10.000	-58.228	0.399
5040.000	10.000	-58.194	0.397
5050.000	10.000	-58.194	0.397
5060.000	10.000	-58.788	0.397
5070.000	10.000	-59.448	0.400
5080.000	10.000	-59.448	0.400
5090.000	10.000	-59.301	0.397
5100.000	10.000	-59.301	0.401
5110.000	10.000	-59.301	0.401
5120.000	10.000	-59.887	0.395
5130.000	10.000	-59.960	0.406
5140.000	10.000	-59.960	0.406
5150.000	10.000	-60.872	0.396
5160.000	10.000	-60.352	0.397
5170.000	10.000	-60.352	0.397
5180.000	10.000	-60.352	0.397
5190.000	10.000	-60.864	0.397
5200.000	10.000	-60.864	0.397
5210.000	10.000	-60.937	0.396
5220.000	10.000	-61.252	0.397
5230.000	10.000	-61.252	0.397
5240.000	10.000	-61.252	0.396
5250.000	10.000	-61.472	0.400
5260.000	10.000	-61.472	0.400
5270.000	10.000	-61.545	0.397
5280.000	10.000	-61.765	0.384
5290.000	10.000	-61.765	0.384
5300.000	10.000	-61.911	0.396
5310.000	10.000	-62.630	0.395
5320.000	10.000	-62.630	0.395
5330.000	10.000	-62.256	0.405
5340.000	10.000	-62.256	0.397
5350.000	10.000	-62.256	0.397
5360.000	10.000	-62.622	0.396
5370.000	10.000	-62.476	0.397
5380.000	10.000	-62.476	0.397
5390.000	10.000	-62.915	0.397
5400.000	10.000	-63.029	0.399
5410.000	10.000	-63.029	0.399
5420.000	10.000	-63.322	0.400
5430.000	10.000	-63.395	0.402
5440.000	10.000	-63.395	0.402
5450.000	10.000	-63.761	0.400
5460.000	10.000	-63.122	0.396
5470.000	10.000	-63.920	0.394
5480.000	10.000	-64.359	0.397
5490.000	10.000	-64.066	0.395
5500.000	10.000	-64.466	0.399
5510.000	10.000	-63.839	0.397
5520.000	10.000	-63.986	0.394
5530.000	10.000	-64.132	0.393
5540.000	10.000	-64.604	0.393
5550.000	10.000	-64.677	0.397
5560.000	10.000	-65.343	0.397
5570.000	10.000	-64.546	0.397
5580.000	10.000	-64.546	0.395
5590.000	10.000	-64.692	0.389
5600.000	10.000	-65.757	0.399
5610.000	10.000	-66.124	0.396
5620.000	10.000	-65.871	0.400
5630.000	10.000	-65.871	0.393
5640.000	10.000	-65.399	0.391
5650.000	10.000	-65.545	0.396
5660.000	10.000	-66.544	0.399
5670.000	10.000	-66.764	0.396
5680.000	10.000	-66.697	0.399
5690.000	10.000	-66.990	0.399
5700.000	10.000	-66.477	0.397
5710.000	10.000	-66.331	0.397
5720.000	10.000	-67.707	0.397
5730.000	10.000	-67.780	0.396
5740.000	10.000	-67.793	0.401
5750.000	10.000	-67.793	0.399
5760.000	10.000	-67.354	0.395
5770.000	10.000	-67.647	0.395
5780.000	10.000	-68.609	0.395
5790.000	10.000	-69.195	0.400
5800.000	10.000	-68.842	0.396
5810.000	10.000	-69.061	0.395
5820.000	10.000	-68.378	0.399
5830.000	10.000	-68.891	0.397
5840.000	10.000	-69.919	0.407
5850.000	10.000	-70.285	0.396
5860.000	10.000	-69.992	0.396
5870.000	10.000	-70.139	0.396
5880.000	10.000	-69.536	0.396
5890.000	10.000	-69.610	0.391
5900.000	10.000	-70.882	0.397
5910.000	10.000	-71.248	0.397
5920.000	10.000	-70.889	0.401
5930.000	10.000	-70.816	0.399
5940.000	10.000	-70.360	0.402
5950.000	10.000	-70.580	0.399
5960.000	10.000	-71.719	0.397
5970.000	10.000	-71.865	0.400
5980.000	10.000	-71.905	0.395
5990.000	10.000	-71.686	0.384
6000.000	10.000	-71.425	0.395
6010.000	10.000	-71.132	0.397
6020.000	10.000	-72.151	0.396
6030.000	10.000	-72.224	0.396
6040.000	10.000	-72.664	0.395
6050.000	10.000	-73.225	0.395
6060.000	10.000	-72.152	0.399
6070.000	10.000	-72.519	0.397
6080.000	10.000	-72.698	0.397
6090.000	10.000	-73.358	0.402
6100.000	10.000	-73.138	0.399
6110.000	10.000	-74.473	0.397
6120.000	10.000	-74.106	0.399
6130.000	10.000	-73.853	0.396
6140.000	10.000	-73.634	0.393
6150.000	10.000	-73.145	0.397
6160.000	10.000	-74.251	0.397
6170.000	10.000	-74.690	0.394
6180.000	10.000	-75.056	0.396
6190.000	10.000	-74.364	0.395
6200.000	10.000	-74.291	0.396
6210.000	10.000	-73.762	0.399
6220.000	10.000	-74.055	0.399
6230.000	10.000	-75.431	0.395
6240.000	10.000	-75.431	0.396
6250.000	10.000	-75.164	0.396
6260.000	10.000	-74.945	0.399
6270.000	10.000	-74.285	0.396
6280.000	10.000	-74.432	0.394
6290.000	10.000	-75.645	0.404
6300.000	10.000	-75.865	0.396
6310.000	10.000	-75.698	0.396
6320.000	10.000	-75.479	0.397
6330.000	10.000	-75.625	0.407
6340.000	10.000	-75.625	0.407
6350.000	10.000	-76.331	0.396
6360.000	10.000	-76.477	0.397
6370.000	10.000	-76.477	0.397
6380.000	10.000	-76.477	0.396
6390.000	10.000	-76.323	0.396
6400.000	10.000	-76.469	0.399
6410.000	10.000	-76.489	0.397
6420.000	10.000	-76.929	0.393
6430.000	10.000	-76.855	0.393
6440.000	10.000	-76.099	0.396
6450.000	10.000	-75.952	0.399
6460.000	10.000	-75.952	0.396
6470.000	10.000	-77.336	0.395
6480.000	10.000	-77.336	0.397
6490.000	10.000	-76.876	0.391
6500.000	10.000	-77.023	0.399
6510.000	10.000	-77.242	0.397
6520.000	10.000	-77.389	0.397
6530.000	10.000	-78.691	0.397
6540.000	10.000	-78.911	0.401
6550.000	10.000	-78.884	0.395
6560.000	10.000	-78.811	0.397
6570.000	10.000	-78.306	0.399
6580.000	10.000	-78.526	0.397
6590.000	10.000	-79.628	0.404
6600.000	10.000	-80.287	0.397
6610.000	10.000	-79.915	0.400
6620.000	10.000	-79.988	0.396
6630.000	10.000	-79.418	0.397
6640.000	10.000	-80.004	0.399
6650.000	10.000	-80.959	0.397
6660.000	10.000	-81.398	0.396
6670.000	10.000	-81.398	0.396
6680.000	10.000	-81.544	0.393
6690.000	10.000	-81.195	0.401
6700.000	10.000	-80.302	0.399
6710.000	10.000	-82.189	0.394
6720.000	10.000	-82.628	0.399
6730.000	10.000	-82.628	0.399
6740.000	10.000	-82.262	0.396
6750.000	10.000	-82.213	0.399
6760.000	10.000	-82.220	0.400
6770.000	10.000	-81.780	0.397
6780.000	10.000	-82.073	0.399
6790.000	10.000	-82.000	0.405
6800.000	10.000	-83.902	0.396
6810.000	10.000	-82.754	0.399
6820.000	10.000	-82.541	0.401
6830.000	10.000	-82.395	0.400
6840.000	10.000	-82.907	0.402
6850.000	10.000	-82.907	0.396
6860.000	10.000	-83.950	0.397
6870.000	10.000	-84.536	0.400
6880.000	10.000	-84.050	0.399
6890.000	10.000	-84.270	0.401
6900.000	10.000	-83.407	0.396
6910.000	10.000	-83.774	0.396
6920.000	10.000	-84.060	0.399
6930.000	10.000	-84.280	0.396
6940.000	10.000	-84.646	0.393
6950.000	10.000	-84.573	0.399
6960.000	10.000	-83.742	0.400
6970.000	10.000	-84.109	0.397
6980.000	10.000	-84.448	0.394
6990.000	10.000	-84.595	0.386
7000.000	10.000	-85.034	0.397
7010.000	10.000	-84.521	0.396
7020.000	10.000	-84.741	0.396
7030.000	10.000	-85.107	0.399
7040.000	10.000	-85.441	0.396
7050.000	10.000	-85.807	0.399
7060.000	10.000	-85.794	0.395
7070.000	10.000	-84.915	0.399
7080.000	10.000	-85.501	0.395
7090.000	10.000	-85.574	0.394
7100.000	10.000	-85.997	0.400
7110.000	10.000	-86.730	0.399
7120.000	10.000	-86.490	0.397
7130.000	10.000	-86.051	0.395
7140.000	10.000	-85.424	0.390
7150.000	10.000	-85.278	0.399
7160.000	10.000	-86.528	0.397
7170.000	10.000	-87.334	0.393
7180.000	10.000	-86.941	0.401
7190.000	10.000	-86.648	0.405
7200.000	10.000	-86.005	0.396
7210.000	10.000	-86.078	0.395
7220.000	10.000	-87.425	0.399
7230.000	10.000	-87.864	0.395
7240.000	10.000	-87.684	0.386
7250.000	10.000	-87.904	0.397
7260.000	10.000	-87.326	0.395
7270.000	10.000	-88.059	0.399
7280.000	10.000	-88.525	0.395
7290.000	10.000	-89.404	0.397
7300.000	10.000	-89.404	0.397
7310.000	10.000	-89.550	0.395
7320.000	10.000	-89.102	0.396
7330.000	10.000	-89.102	0.396
7340.000	10.000	-89.868	0.396
7350.000	10.000	-90.476	0.399
7360.000	10.000	-90.476	0.399
7370.000	10.000	-90.037	0.399
7380.000	10.000	-90.257	0.391
7390.000	10.000	-90.257	0.391
7400.000	10.000	-90.330	0.397
7410.000	10.000	-90.916	0.397
7420.000	10.000	-90.916	0.397
7430.000	10.000	-91.062	0.396
7440.000	10.000	-92.041	0.399
7450.000	10.000	-92.041	0.399
7460.000	10.000	-91.260	0.396
7470.000	10.000	-91.333	0.396
7480.000	10.000	-91.333	0.396
7490.000	10.000	-91.626	0.393
7500.000	10.000	-91.992	0.396
7510.000	10.000	-91.992	0.396
7520.000	10.000	-92.065	0.393
7530.000	10.000	-92.285	0.399
7540.000	10.000	-92.285	0.399
7550.000	10.000	-92.285	0.399
7560.000	10.000	-92.358	0.397
7570.000	10.000	-92.578	0.396
7580.000	10.000	-92.798	0.399
7590.000	10.000	-92.944	0.397
7600.000	10.000	-92.944	0.397
7610.000	10.000	-93.091	0.400
7620.000	10.000	-93.237	0.396
7630.000	10.000	-93.237	0.396
7640.000	10.000	-93.311	0.404
7650.000	10.000	-93.384	0.399
7660.000	10.000	-93.384	0.399
7670.000	10.000	-93.530	0.396
7680.000	10.000	-93.530	0.390
7690.000	10.000	-93.530	0.390
7700.000	10.000	-93.677	0.395
7710.000	10.000	-92.884	0.395
7720.000	10.000	-92.884	0.395
7730.000	10.000	-93.837	0.395
7740.000	10.000	-93.910	0.404
7750.000	10.000	-93.390	0.397
7760.000	10.000	-93.317	0.397
7770.000	10.000	-93.244	0.397
7780.000	10.000	-93.683	0.397
7790.000	10.000	-93.610	0.402
7800.000	10.000	-93.464	0.397
7810.000	10.000	-93.830	0.396
7820.000	10.000	-94.476	0.397
7830.000	10.000	-93.743	0.400
7840.000	10.000	-94.183	0.400
7850.000	10.000	-94.629	0.394
7860.000	10.000	-94.922	0.399
7870.000	10.000	-95.435	0.396
7880.000	10.000	-95.068	0.401
7890.000	10.000	-95.361	0.399
7900.000	10.000	-95.874	0.395
7910.000	10.000	-95.654	0.396
7920.000	10.000	-96.021	0.397
7930.000	10.000	-96.753	0.399
7940.000	10.000	-96.313	0.400
7950.000	10.000	-96.753	0.399
7960.000	10.000	-97.119	0.397
7970.000	10.000	-96.680	0.400
7980.000	10.000	-97.119	0.390
7990.000	10.000	-97.705	0.395
8000.000	10.000	-97.632	0.397
8010.000	10.000	-97.925	0.397
8020.000	10.000	-98.437	0.395
8030.000	10.000	-97.925	0.397
8040.000	10.000	-98.364	0.395
8050.000	10.000	-98.804	0.399
8060.000	10.000	-98.511	0.396
8070.000	10.000	-98.804	0.393
8080.000	10.000	-99.463	0.396
8090.000	10.000	-99.023	0.397
8100.000	10.000	-99.170	0.397
8110.000	10.000	-99.829	0.397
8120.000	10.000	-99.463	0.397
8130.000	10.000	-99.683	0.396
8140.000	10.000	-99.902	0.399
8150.000	10.000	-99.756	0.397
8160.000	10.000	-100.122	0.395
8170.000	10.000	-100.708	0.397
8180.000	10.000	-100.195	0.394
8190.000	10.000	-100.562	0.406
8200.000	10.000	-100.781	0.396
8210.000	10.000	-100.269	0.396
8220.000	10.000	-100.635	0.397
8230.000	10.000	-100.928	0.401
8240.000	10.000	-100.708	0.402
8250.000	10.000	-100.928	0.397
8260.000	10.000	-101.221	0.399
8270.000	10.000	-100.635	0.399
8280.000	10.000	-100.708	0.397
8290.000	10.000	-101.074	0.408
8300.000	10.000	-100.781	0.396
8310.000	10.000	-101.294	0.397
8320.000	10.000	-101.367	0.400
8330.000	10.000	-101.001	0.394
8340.000	10.000	-101.074	0.395
8350.000	10.000	-101.367	0.397
8360.000	10.000	-101.001	0.396
8370.000	10.000	-101.294	0.397
8380.000	10.000	-101.880	0.397
8390.000	10.000	-101.221	0.406
8400.000	10.000	-101.440	0.399
8410.000	10.000	-101.660	0.396
8420.000	10.000	-101.294	0.401
8430.000	10.000	-101.807	0.395
8440.000	10.000	-102.246	0.390
8450.000	10.000	-101.587	0.396
8460.000	10.000	-102.026	0.397
8470.000	10.000	-102.393	0.393
8480.000	10.000	-101.953	0.396
8490.000	10.000	-102.539	0.402
8500.000	10.000	-102.686	0.397
8510.000	10.000	-103.540	0.395
8520.000	10.000	-103.906	0.397
8530.000	10.000	-103.627	0.396
8540.000	10.000	-103.260	0.400
8550.000	10.000	-103.627	0.397
8560.000	10.000	-103.846	0.396
8570.000	10.000	-104.921	0.394
8580.000	10.000	-105.360	0.394
8590.000	10.000	-104.814	0.397
8600.000	10.000	-104.960	0.396
8610.000	10.000	-104.106	0.399
8620.000	10.000	-104.472	0.399
8630.000	10.000	-105.663	0.397
8640.000	10.000	-106.396	0.399
8650.000	10.000	-106.263	0.396
8660.000	10.000	-105.970	0.396
8670.000	10.000	-105.262	0.400
8680.000	10.000	-105.188	0.400
8690.000	10.000	-107.297	0.394
8700.000	10.000	-107.297	0.394
8710.000	10.000	-106.864	0.397
8720.000	10.000	-106.644	0.395
8730.000	10.000	-106.172	0.397
8740.000	10.000	-105.953	0.397
8750.000	10.000	-107.713	0.401
8760.000	10.000	-108.373	0.395
8770.000	10.000	-107.394	0.395
8780.000	10.000	-107.540	0.391
8790.000	10.000	-106.271	0.393
8800.000	10.000	-106.710	0.396
8810.000	10.000	-108.242	0.399
8820.000	10.000	-108.608	0.397
8830.000	10.000	-108.155	0.395
8840.000	10.000	-107.862	0.389
8850.000	10.000	-107.716	0.396
8860.000	10.000	-107.716	0.396
8870.000	10.000	-107.782	0.399
8880.000	10.000	-107.929	0.402
8890.000	10.000	-108.295	0.402
8900.000	10.000	-108.222	0.394
8910.000	10.000	-106.903	0.395
8920.000	10.000	-107.269	0.397
8930.000	10.000	-107.722	0.396
8940.000	10.000	-107.869	0.395
8950.000	10.000	-108.455	0.400
8960.000	10.000	-107.413	0.397
8970.000	10.000	-107.959	0.399
8980.000	10.000	-108.325	0.393
8990.000	10.000	-108.740	0.397
9000.000	10.000	-108.960	0.400
9010.000	10.000	-108.880	0.397
9020.000	10.000	-108.441	0.399
9030.000	10.000	-108.514	0.397
9040.000	10.000	-109.100	0.396
9050.000	10.000	-109.930	0.396
9060.000	10.000	-109.930	0.396
9070.000	10.000	-109.917	0.397
9080.000	10.000	-109.843	0.395
9090.000	10.000	-109.428	0.394
9100.000	10.000	-109.428	0.394
9110.000	10.000	-111.315	0.395
9120.000	10.000	-111.461	0.397
9130.000	10.000	-111.268	0.394
9140.000	10.000	-111.195	0.391
9150.000	10.000	-110.365	0.397
9160.000	10.000	-110.658	0.393
9170.000	10.000	-112.315	0.396
9180.000	10.000	-112.388	0.399
9190.000	10.000	-112.628	0.394
9200.000	10.000	-112.189	0.397
9210.000	10.000	-111.407	0.399
9220.000	10.000	-111.700	0.397
9230.000	10.000	-113.431	0.400
9240.000	10.000	-113.798	0.395
9250.000	10.000	-113.318	0.397
9260.000	10.000	-113.245	0.400
9270.000	10.000	-112.480	0.397
9280.000	10.000	-112.773	0.400
9290.000	10.000	-114.193	0.399
9300.000	10.000	-114.560	0.395
9310.000	10.000	-114.560	0.395
9320.000	10.000	-114.779	0.399
9330.000	10.000	-113.900	0.396
9340.000	10.000	-113.900	0.396
9350.000	10.000	-114.673	0.399
9360.000	10.000	-114.746	0.396
9370.000	10.000	-114.746	0.396
9380.000	10.000	-114.746	0.396
9390.000	10.000	-114.350	0.396
9400.000	10.000	-114.350	0.396
9410.000	10.000	-114.057	0.397
9420.000	10.000	-114.131	0.396
9430.000	10.000	-113.138	0.397
9440.000	10.000	-113.138	0.396
9450.000	10.000	-113.138	0.400
9460.000	10.000	-113.505	0.399
9470.000	10.000	-114.620	0.399
9480.000	10.000	-114.327	0.396
9490.000	10.000	-114.926	0.395
9500.000	10.000	-112.989	0.399
9510.000	10.000	-113.355	0.399
9520.000	10.000	-113.502	0.396
9530.000	10.000	-115.381	0.395
9540.000	10.000	-115.674	0.396
9550.000	10.000	-115.101	0.397
9560.000	10.000	-114.955	0.399
9570.000	10.000	-113.693	0.397
9580.000	10.000	-114.279	0.397
9590.000	10.000	-115.988	0.397
9600.000	10.000	-116.721	0.399
9610.000	10.000	-116.721	0.399
9620.000	10.000	-116.867	0.400
9630.000	10.000	-116.273	0.396
9640.000	10.000	-116.273	0.396
9650.000	10.000	-117.065	0.397
9660.000	10.000	-118.018	0.399
9670.000	10.000	-118.018	0.399
9680.000	10.000	-118.237	0.396
9690.000	10.000	-117.187	0.395
9700.000	10.000	-117.187	0.395
9710.000	10.000	-117.627	0.396
9720.000	10.000	-118.066	0.399
9730.000	10.000	-118.066	0.399
9740.000	10.000	-118.359	0.394
9750.000	10.000	-118.359	0.396
9760.000	10.000	-118.359	0.396
9770.000	10.000	-118.433	0.399
9780.000	10.000	-118.652	0.399
9790.000	10.000	-118.652	0.399
9800.000	10.000	-118.726	0.397
9810.000	10.000	-119.019	0.400
9820.000	10.000	-119.019	0.400
9830.000	10.000	-119.604	0.395
9840.000	10.000	-118.359	0.394
9850.000	10.000	-118.359	0.394
9860.000	10.000	-119.588	0.400
9870.000	10.000	-119.735	0.397
9880.000	10.000	-119.735	0.397
9890.000	10.000	-118.849	0.394
9900.000	10.000	-118.922	0.397
9910.000	10.000	-119.215	0.397
9920.000	10.000	-118.996	0.399
9930.000	10.000	-118.629	0.395
9940.000	10.000	-119.142	0.395
9950.000	10.000	-119.875	0.394
9960.000	10.000	-118.572	0.397
9970.000	10.000	-119.232	0.402
9980.000	10.000	-118.719	0.397
9990.000	10.000	-119.604	0.399
10000.000	10.000	-120.117	0.400
10010.000	10.000	-119.531	0.399
10020.000	10.000	-119.531	0.396
10030.000	10.000	-119.971	0.393
10040.000	10.000	-119.458	0.397
10050.000	10.000	-119.751	0.399
10060.000	10.000	-120.483	0.396
10070.000	10.000	-119.678	0.396
10080.000	10.000	-120.703	0.396
10090.000	10.000	-120.996	0.388
10100.000	10.000	-120.410	0.395
10110.000	10.000	-121.362	0.399
10120.000	10.000	-121.362	0.399
10130.000	10.000	-122.567	0.399
10140.000	10.000	-122.933	0.396
10150.000	10.000	-122.440	0.399
10160.000	10.000	-122.001	0.397
10170.000	10.000	-122.660	0.402
10180.000	10.000	-122.587	0.397
10190.000	10.000	-123.864	0.395
10200.000	10.000	-124.084	0.397
10210.000	10.000	-124.124	0.397
10220.000	10.000	-123.465	0.399
10230.000	10.000	-122.334	0.397
10240.000	10.000	-123.359	0.390
10250.000	10.000	-123.779	0.399
10260.000	10.000	-123.925	0.399
10270.000	10.000	-124.731	0.396
10280.000	10.000	-124.438	0.402
10290.000	10.000	-123.233	0.395
10300.000	10.000	-124.259	0.399
10310.000	10.000	-124.146	0.404
10320.000	10.000	-124.585	0.396
10330.000	10.000	-125.391	0.395
10340.000	10.000	-124.365	0.401
10350.000	10.000	-124.731	0.397
10360.000	10.000	-125.757	0.396
10370.000	10.000	-124.438	0.397
10380.000	10.000	-124.805	0.397
10390.000	10.000	-125.610	0.402
10400.000	10.000	-124.512	0.396
10410.000	10.000	-124.805	0.399
10420.000	10.000	-125.684	0.396
10430.000	10.000	-124.512	0.395
10440.000	10.000	-124.731	0.399
10450.000	10.000	-125.610	0.396
10460.000	10.000	-124.438	0.401
10470.000	10.000	-124.805	0.397
10480.000	10.000	-125.610	0.399
10490.000	10.000	-124.585	0.397
10500.000	10.000	-124.805	0.396
10510.000	10.000	-125.757	0.397
10520.000	10.000	-124.585	0.399
10530.000	10.000	-125.024	0.394
10540.000	10.000	-125.903	0.395
10550.000	10.000	-124.878	0.399
10560.000	10.000	-125.464	0.400
10570.000	10.000	-126.270	0.400
10580.000	10.000	-125.464	0.396
10590.000	10.000	-126.050	0.396
10600.000	10.000	-126.562	0.397
10610.000	10.000	-126.270	0.397
10620.000	10.000	-126.855	0.397
10630.000	10.000	-127.661	0.397
10640.000	10.000	-126.855	0.396
10650.000	10.000	-127.881	0.396
10660.000	10.000	-128.101	0.395
10670.000	10.000	-127.734	0.395
10680.000	10.000	-128.101	0.394
10690.000	10.000	-128.906	0.388
10700.000	10.000	-128.467	0.399
10710.000	10.000	-128.613	0.396
10720.000	10.000	-129.126	0.396
10730.000	10.000	-128.906	0.396
10740.000	10.000	-129.053	0.397
10750.000	10.000	-129.419	0.397
10760.000	10.000	-129.199	0.397
10770.000	10.000	-129.565	0.396
10780.000	10.000	-130.371	0.395
10790.000	10.000	-129.272	0.397
10800.000	10.000	-129.712	0.397
10810.000	10.000	-130.225	0.396
10820.000	10.000	-130.005	0.397
10830.000	10.000	-129.639	0.395
10840.000	10.000	-130.591	0.388
10850.000	10.000	-129.565	0.397
10860.000	10.000	-130.151	0.400
10870.000	10.000	-130.005	0.397
10880.000	10.000	-129.346	0.397
10890.000	10.000	-129.858	0.399
10900.000	10.000	-130.444	0.396
10910.000	10.000	-129.639	0.397
10920.000	10.000	-129.639	0.396
10930.000	10.000	-130.371	0.399
10940.000	10.000	-129.492	0.397
10950.000	10.000	-130.151	0.397
10960.000	10.000	-130.151	0.396
10970.000	10.000	-129.858	0.395
10980.000	10.000	-129.785	0.400
10990.000	10.000	-130.518	0.394
11000.000	10.000	-129.858	0.399
11010.000	10.000	-130.151	0.401
11020.000	10.000	-130.591	0.397
11030.000	10.000	-130.078	0.396
11040.000	10.000	-130.811	0.341
11050.000	10.000	-131.177	0.252
11060.000	10.000	-130.664	0.187
11070.000	10.000	-131.177	0.137
11080.000	10.000	-131.836	0.101
11090.000	10.000	-131.250	0.074
11100.000	10.000	-131.763	0.057
11110.000	10.000	-132.275	0.042
11120.000	10.000	-131.689	0.032
11130.000	10.000	-131.909	0.028
11140.000	10.000	-132.056	0.017
11150.000	10.000	-131.689	0.014
11160.000	10.000	-131.982	0.009
11170.000	10.000	-132.349	0.009
11180.000	10.000	-131.836	0.007
11190.000	10.000	-131.763	0.004
11200.000	10.000	-132.129	0.007
11210.000	10.000	-131.763	0.004
11220.000	10.000	-131.836	0.006
11230.000	10.000	-132.275	0.001
11240.000	10.000	-131.543	0.006
11250.000	10.000	-131.470	0.004
11260.000	10.000	-132.129	0.004
11270.000	10.000	-131.177	0.002
11280.000	10.000	-131.250	0.006
11290.000	10.000	-131.543	0.006
11300.000	10.000	-130.884	0.001
11310.000	10.000	-130.518	0.002
11320.000	10.000	-130.957	0.003
11330.000	10.000	-129.932	0.002
11340.000	10.000	-130.298	0.007
11350.000	10.000	-130.591	0.004
11360.000	10.000	-129.346	0.002
11370.000	10.000	-129.492	0.004
11380.000	10.000	-129.712	0.003
11390.000	10.000	-129.199	0.004
11400.000	10.000	-128.906	0.018
11410.000	10.000	-129.272	0.006
11420.000	10.000	-128.687	0.006
11430.000	10.000	-128.613	0.008
11440.000	10.000	-128.760	0.004
11450.000	10.000	-127.881	0.006
11460.000	10.000	-128.467	0.004
11470.000	10.000	-128.687	0.007
11480.000	10.000	-128.027	0.002
11490.000	10.000	-127.954	0.003
11500.000	10.000	-128.467	0.002
11510.000	10.000	-127.808	0.006
11520.000	10.000	-127.954	0.006
11530.000	10.000	-128.467	0.004
11540.000	10.000	-129.370	0.007
11550.000	10.000	-129.663	0.001
11560.000	10.000	-129.443	0.002
11570.000	10.000	-128.398	0.004
11580.000	10.000	-128.911	0.003
11590.000	10.000	-129.204	0.003
11600.000	10.000	-128.544	0.007
11610.000	10.000	-129.204	0.004
11620.000	10.000	-129.204	0.004
11630.000	10.000	-130.074	0.006
11640.000	10.000	-128.878	0.002
11650.000	10.000	-128.878	0.002
11660.000	10.000	-128.732	0.003
11670.000	10.000	-129.850	0.004
11680.000	10.000	-128.725	0.006
11690.000	10.000	-128.505	0.007
11700.000	10.000	-128.505	0.006
11710.000	10.000	-128.432	0.006
11720.000	10.000	-129.392	0.007
11730.000	10.000	-128.375	0.006
11740.000	10.000	-127.410	0.006
11750.000	10.000	-126.824	0.003
11760.000	10.000	-127.117	0.003
11770.000	10.000	-126.604	0.008
11780.000	10.000	-128.616	0.006
11790.000	10.000	-128.397	0.007
11800.000	10.000	-127.924	0.003
11810.000	10.000	-127.265	0.006
11820.000	10.000	-125.572	0.004
11830.000	10.000	-125.718	0.007
11840.000	10.000	-127.376	0.007
11850.000	10.000	-127.376	0.009
11860.000	10.000	-126.537	0.004
11870.000	10.000	-126.024	0.006
11880.000	10.000	-124.478	0.006
11890.000	10.000	-124.697	0.002
11900.000	10.000	-126.155	-0.000
11910.000	10.000	-126.228	0.007
11920.000	10.000	-125.975	0.006
11930.000	10.000	-125.023	0.006
11940.000	10.000	-123.819	0.006
11950.000	10.000	-124.258	0.002
11960.000	10.000	-125.715	0.004
11970.000	10.000	-126.155	0.007
11980.000	10.000	-125.689	0.009
11990.000	10.000	-124.956	0.007
12000.000	10.000	-123.825	0.006
12010.000	10.000	-124.484	0.007
12020.000	10.000	-125.860	0.001
