0.3 0.374293 0.81427
0.6 -0.711679 0.979362
0.9 0.366458 -0.105056
1.2 0.179003 -1.15525
1.5 -0.559483 -2.31199
1.8 -0.990993 0.197759
2.1 0.297628 2.23813
2.4 -0.911915 -2.55444
2.7 -0.268419 1.77139
3 -0.924748 1.60021
3.3 0.397277 -0.914724
3.6 0.300796 -2.62396
3.9 0.273907 1.98877
4.2 0.396281 2.50111
4.5 0.182347 -1.94006
4.8 0.289162 -1.06383
5.1 -0.513855 -2.36237
5.4 0.423062 2.23858
5.7 0.188849 2.17055
6 -0.293989 -1.73037
6.3 0.417045 2.64502
6.6 0.102721 -2.82594
6.9 0.342514 -2.29803
7.2 0.413582 -0.320025
7.5 -0.0350028 1.86948
7.8 0.103285 0.559438
8.1 -0.95146 1.01403
8.4 -0.890393 2.5267
8.7 -0.934727 -2.23969
9 -0.931087 -0.0226221
9.3 -0.846403 2.29993
9.6 -0.693537 -1.18411
9.9 -0.930878 0.606522
10.2 -0.90218 -0.993654
10.5 -0.597495 -0.163043
10.8 -0.928311 -0.17234
11.1 -0.740295 -2.88132
11.4 -0.856869 -0.305193
11.7 -0.0122064 1.46823
12 -0.743424 -1.39586
12.3 -0.11739 -0.374986
12.6 -0.337656 0.138589
12.9 -0.741157 0.429782
13.2 -0.815202 -0.462938
13.5 -0.716565 1.31398
13.8 -0.948447 -0.459825
14.1 -0.0784079 0.161418
14.4 0.393009 -0.720474
14.7 0.356359 1.70393
15 0.26421 1.15107
15.3 0.4019 -0.800282
15.6 0.253416 1.34298
15.9 0.233144 -0.514889
16.2 0.445692 -0.81634
16.5 0.420621 2.6161
16.8 0.371117 -1.08867
17.1 0.485572 1.45559
17.4 0.267408 0.479516
17.7 0.439418 -0.202521
18 0.494792 -0.754357
18.3 0.444143 -0.518615
18.6 0.398174 -1.76525
18.9 0.438469 0.669825
19.2 0.325852 -1.54179
19.5 0.449718 -1.10158
19.5 0 0
