0.3 1.60691 -0.200348
0.6 1.67452 -0.121307
0.9 1.95755 -0.166877
1.2 1.88435 -0.0941876
1.5 -0.695146 0.262674
1.8 -0.98165 0.212755
2.1 -1.32362 0.249258
2.4 -1.39247 0.0356146
2.7 -1.15276 0.122855
3 -0.915909 -0.0819806
3.3 -1.18958 -0.252879
3.6 -1.17451 -0.0858462
3.9 -1.43139 -0.179344
4.2 -1.10255 -0.112898
4.5 -1.45435 0.244195
4.8 1.39175 0.299019
5.1 0.121287 0.271137
5.4 0.778858 0.179114
5.7 -0.97578 0.0587482
6 -0.8873 -0.158015
6.3 -0.966005 0.297337
6.6 1.52955 0.201391
6.9 0.856796 0.217315
7.2 -1.1062 0.12029
7.5 -0.428125 -0.241132
7.8 -1.41218 0.21582
8.1 0.350887 -0.168891
8.4 0.757168 -0.182444
8.7 0.365222 -0.28671
9 0.600415 -0.288807
9.3 0.294404 -0.25777
9.6 0.79717 -0.187452
9.9 -1.17073 -0.0106884
10.2 -0.554281 -0.215012
10.5 -1.03157 -0.229361
10.8 -1.34969 -0.203456
11.1 -1.27777 0.0348897
11.4 -1.4675 -0.225307
11.7 -1.36891 -0.0279307
12 -0.000180855 -0.177546
12.3 1.52903 -0.192194
12.6 -1.26915 -0.0884034
12.9 -1.17504 -0.0486203
13.2 0.444446 0.261126
13.5 -0.823124 -0.239184
13.8 0.35072 0.157522
14.1 -1.48522 0.248255
14.4 -0.967005 0.27523
14.7 -0.908546 0.0260485
15 1.7856 0.288386
15.3 0.906509 0.23766
15.6 -0.626278 0.297096
15.9 -0.224195 0.0882443
16.2 1.01011 0.283388
16.5 1.44779 0.25996
16.8 1.27964 -0.24265
17.1 1.98113 -0.105163
17.4 0.814758 -0.0388963
17.7 0.793978 -0.183688
18 1.11072 -0.281481
18.3 0.0327358 -0.294019
18.6 -0.514212 -0.240373
18.9 0.102406 -0.176072
19.2 0.390428 -0.264481
19.5 0.0649627 -0.186888
19.8 0.466701 -0.202419
20.1 -1.05923 -0.268713
20.4 0.463161 -0.0560814
20.7 0.395752 -0.151677
21 0.083037 -0.193173
21.3 0.44376 -0.209561
21.6 -0.303459 0.101604
21.9 0.148136 0.0939149
22.2 0.419908 -0.0887196
22.5 0.559834 0.0635971
22.8 -0.92207 -0.212125
23.1 -0.663053 -0.226383
23.4 -0.0620026 -0.101731
23.7 -0.316708 0.293069
24 0.0220262 0.236033
24.3 -0.971834 0.299205
24.6 0.746423 0.192976
24.9 0.600815 0.0308564
25.2 1.45604 0.215189
25.5 -0.970932 -0.276771
25.8 -0.311043 0.0590884
26.1 0.154338 0.266013
26.4 -0.894164 0.10839
26.4 0 0
