%Time [s]	CH1 [°C]	CH2 [°C]	CH3 [°C]	CH4 [°C]	CH5 [°C]	CH6 [°C]	CH7 [°C]	CH8 [°C]	10/10/2022	11:35 AM
0.0,11.9,11.7,11.5,11.4,11.6,11.4,11.7,11.5
10.0,11.9,11.7,11.5,11.4,11.6,11.4,11.7,11.5
20.0,11.9,11.7,11.5,11.4,11.6,11.4,11.7,11.5
30.0,11.9,11.7,11.5,11.4,11.6,11.4,11.7,11.5
40.0,11.9,11.7,11.5,11.4,11.6,11.4,11.7,11.5
50.0,11.9,11.7,11.5,11.4,11.6,11.4,11.7,11.4
60.0,11.9,11.7,11.5,11.4,11.6,11.4,11.7,11.5
70.0,11.9,11.7,11.5,11.4,11.6,11.4,11.7,11.4
80.0,11.9,11.7,11.5,11.4,11.6,11.4,11.7,11.4
90.0,11.9,11.7,11.5,11.3,11.6,11.4,11.7,11.4
100.0,11.9,11.7,11.5,11.4,11.6,11.4,11.7,11.4
110.0,11.9,11.7,11.5,11.3,11.6,11.4,11.7,11.5
120.0,11.9,11.7,11.5,11.3,11.6,11.4,11.7,11.6
130.0,11.9,11.7,11.5,11.4,11.6,11.5,11.8,11.7
140.0,11.9,11.7,11.5,11.4,11.7,11.6,11.9,11.8
150.0,11.9,11.7,11.5,11.5,11.7,11.7,12.0,12.0
160.0,11.9,11.8,11.6,11.5,11.8,11.8,12.1,12.2
170.0,12.0,11.8,11.6,11.6,11.9,11.9,12.2,12.4
180.0,12.0,11.9,11.7,11.7,12.0,12.0,12.4,12.5
190.0,12.0,11.9,11.8,11.8,12.1,12.2,12.5,12.8
200.0,12.1,12.0,11.9,11.9,12.2,12.3,12.7,12.9
210.0,12.1,12.0,11.9,12.0,12.3,12.5,12.9,13.1
220.0,12.2,12.1,12.0,12.1,12.4,12.6,13.0,13.3
230.0,12.2,12.2,12.1,12.2,12.6,12.8,13.2,13.5
240.0,12.3,12.3,12.2,12.3,12.7,13.0,13.3,13.7
250.0,12.3,12.3,12.3,12.5,12.8,13.1,13.5,13.9
260.0,12.4,12.4,12.4,12.6,12.9,13.2,13.7,14.1
270.0,12.4,12.5,12.5,12.7,13.1,13.4,13.8,14.3
280.0,12.5,12.5,12.6,12.8,13.2,13.5,14.0,14.4
290.0,12.6,12.6,12.7,12.9,13.3,13.7,14.1,14.6
300.0,12.6,12.7,12.8,13.0,13.4,13.8,14.3,14.7
310.0,12.7,12.8,12.9,13.1,13.5,13.9,14.4,14.9
320.0,12.7,12.8,12.9,13.2,13.7,14.1,14.5,15.0
330.0,12.8,12.9,13.0,13.3,13.8,14.2,14.7,15.2
340.0,12.8,12.9,13.1,13.4,13.9,14.3,14.8,15.3
350.0,12.9,13.0,13.2,13.5,14.0,14.4,14.9,15.5
360.0,12.9,13.1,13.2,13.6,14.1,14.5,15.0,15.6
370.0,13.0,13.1,13.3,13.6,14.2,14.6,15.2,15.7
380.0,13.0,13.2,13.4,13.7,14.3,14.7,15.3,15.8
390.0,13.1,13.3,13.5,13.8,14.3,14.8,15.4,15.9
400.0,13.1,13.3,13.5,13.9,14.4,14.9,15.5,16.0
410.0,13.1,13.3,13.6,13.9,14.5,15.0,15.6,16.1
420.0,13.2,13.4,13.6,14.0,14.6,15.1,15.7,16.2
430.0,13.2,13.4,13.7,14.1,14.7,15.2,15.7,16.4
440.0,13.2,13.5,13.8,14.1,14.7,15.3,15.8,16.4
450.0,13.3,13.5,13.8,14.2,14.8,15.3,15.9,16.5
460.0,13.3,13.6,13.9,14.3,14.9,15.4,16.0,16.6
470.0,13.3,13.6,13.9,14.3,14.9,15.5,16.1,16.7
480.0,13.4,13.6,14.0,14.4,15.0,15.6,16.2,16.8
490.0,13.4,13.7,14.0,14.4,15.1,15.6,16.2,16.8
500.0,13.4,13.7,14.0,14.5,15.1,15.7,16.3,16.9
510.0,13.5,13.8,14.1,14.5,15.2,15.8,16.4,17.0
520.0,13.5,13.8,14.1,14.6,15.2,15.8,16.4,17.1
530.0,13.5,13.8,14.2,14.6,15.3,15.9,16.5,17.1
540.0,13.5,13.9,14.2,14.7,15.3,15.9,16.5,17.2
550.0,13.6,13.9,14.2,14.7,15.4,16.0,16.6,17.3
560.0,13.6,13.9,14.3,14.8,15.4,16.0,16.7,17.3
570.0,13.6,13.9,14.3,14.8,15.5,16.1,16.7,17.4
580.0,13.7,14.0,14.3,14.8,15.5,16.1,16.8,17.4
590.0,13.7,14.0,14.4,14.9,15.6,16.2,16.8,17.5
600.0,13.7,14.0,14.4,14.9,15.6,16.2,16.9,17.5
610.0,13.7,14.1,14.4,14.9,15.6,16.2,16.9,17.6
620.0,13.7,14.1,14.5,15.0,15.7,16.3,17.0,17.6
630.0,13.7,14.1,14.5,15.0,15.7,16.3,17.0,17.7
640.0,13.8,14.1,14.5,15.0,15.8,16.4,17.1,17.7
650.0,13.8,14.1,14.5,15.1,15.8,16.4,17.1,17.8
660.0,13.8,14.2,14.6,15.1,15.8,16.4,17.1,17.8
670.0,13.8,14.2,14.6,15.1,15.8,16.5,17.2,17.8
680.0,13.8,14.2,14.6,15.1,15.9,16.5,17.2,17.9
690.0,13.9,14.2,14.6,15.2,15.9,16.5,17.2,17.9
700.0,13.9,14.2,14.6,15.2,15.9,16.6,17.3,18.0
710.0,13.9,14.3,14.7,15.2,16.0,16.6,17.3,18.0
720.0,13.9,14.3,14.7,15.2,16.0,16.6,17.3,18.0
730.0,13.9,14.3,14.7,15.2,16.0,16.6,17.4,18.1
740.0,13.9,14.3,14.7,15.3,16.1,16.7,17.4,18.1
750.0,13.9,14.3,14.7,15.3,16.1,16.7,17.4,18.1
760.0,13.9,14.3,14.8,15.3,16.1,16.7,17.5,18.1
770.0,14.0,14.4,14.8,15.3,16.1,16.8,17.5,18.2
780.0,14.0,14.4,14.8,15.3,16.1,16.8,17.5,18.2
790.0,14.0,14.4,14.8,15.4,16.2,16.8,17.5,18.2
800.0,14.0,14.4,14.8,15.4,16.2,16.8,17.6,18.3
810.0,14.0,14.4,14.8,15.4,16.2,16.8,17.6,18.3
820.0,14.0,14.4,14.8,15.4,16.2,16.8,17.6,18.3
830.0,14.0,14.4,14.9,15.4,16.2,16.9,17.6,18.3
840.0,14.0,14.4,14.9,15.4,16.2,16.9,17.6,18.3
850.0,14.1,14.4,14.9,15.5,16.3,16.9,17.7,18.4
860.0,14.0,14.4,14.9,15.5,16.3,16.9,17.7,18.4
870.0,14.1,14.5,14.9,15.5,16.3,16.9,17.7,18.4
880.0,14.1,14.5,14.9,15.5,16.3,16.9,17.7,18.4
890.0,14.1,14.5,14.9,15.5,16.3,17.0,17.7,18.4
900.0,14.1,14.5,14.9,15.5,16.3,17.0,17.8,18.5
910.0,14.1,14.5,14.9,15.5,16.3,17.0,17.8,18.5
920.0,14.1,14.5,15.0,15.5,16.4,17.0,17.8,18.5
930.0,14.1,14.5,15.0,15.6,16.4,17.0,17.8,18.5
940.0,14.1,14.5,15.0,15.5,16.4,17.0,17.8,18.5
950.0,14.1,14.5,15.0,15.6,16.4,17.0,17.8,18.5
960.0,14.1,14.5,15.0,15.6,16.4,17.1,17.8,18.6
970.0,14.1,14.5,15.0,15.6,16.4,17.1,17.8,18.6
980.0,14.1,14.6,15.0,15.6,16.4,17.1,17.9,18.6
990.0,14.1,14.6,15.0,15.6,16.4,17.1,17.9,18.6
1000.0,14.1,14.6,15.0,15.6,16.4,17.1,17.9,18.6
1010.0,14.1,14.6,15.0,15.6,16.5,17.1,17.9,18.6
1020.0,14.1,14.6,15.0,15.6,16.5,17.1,17.9,18.6
1030.0,14.1,14.6,15.0,15.6,16.5,17.1,17.9,18.6
1040.0,14.2,14.6,15.0,15.6,16.5,17.1,17.9,18.7
1050.0,14.2,14.6,15.0,15.6,16.5,17.1,17.9,18.7
1060.0,14.2,14.6,15.0,15.7,16.5,17.2,17.9,18.7
1070.0,14.2,14.6,15.1,15.7,16.5,17.2,18.0,18.7
1080.0,14.2,14.6,15.1,15.7,16.5,17.2,18.0,18.7
1090.0,14.2,14.6,15.1,15.7,16.5,17.2,18.0,18.7
1100.0,14.2,14.6,15.1,15.7,16.5,17.2,18.0,18.7
1110.0,14.2,14.6,15.1,15.7,16.5,17.2,18.0,18.7
1120.0,14.2,14.6,15.1,15.7,16.5,17.2,18.0,18.7
1130.0,14.2,14.6,15.1,15.7,16.6,17.2,18.0,18.7
1140.0,14.2,14.6,15.1,15.7,16.5,17.2,18.0,18.7
1150.0,14.2,14.6,15.1,15.7,16.6,17.2,18.0,18.8
1160.0,14.2,14.6,15.1,15.7,16.6,17.2,18.0,18.8
1170.0,14.2,14.6,15.1,15.7,16.6,17.2,18.0,18.8
1180.0,14.2,14.6,15.1,15.7,16.6,17.2,18.0,18.8
1190.0,14.2,14.6,15.1,15.7,16.6,17.2,18.1,18.8
1200.0,14.2,14.6,15.1,15.7,16.6,17.2,18.1,18.8
1210.0,14.2,14.6,15.1,15.7,16.6,17.2,18.1,18.8
1220.0,14.2,14.6,15.1,15.7,16.6,17.2,18.1,18.8
1230.0,14.2,14.6,15.1,15.7,16.6,17.2,18.1,18.8
1240.0,14.2,14.6,15.1,15.7,16.6,17.3,18.1,18.8
1250.0,14.2,14.6,15.1,15.7,16.6,17.3,18.1,18.8
1260.0,14.2,14.6,15.1,15.7,16.6,17.3,18.1,18.8
1270.0,14.2,14.6,15.1,15.7,16.6,17.3,18.1,18.8
1280.0,14.2,14.7,15.1,15.7,16.6,17.3,18.1,18.8
1290.0,14.2,14.6,15.1,15.7,16.6,17.3,18.1,18.8
1300.0,14.2,14.7,15.1,15.8,16.6,17.3,18.1,18.8
1310.0,14.2,14.7,15.1,15.8,16.6,17.3,18.1,18.8
1320.0,14.2,14.7,15.1,15.7,16.6,17.3,18.1,18.8
1330.0,14.2,14.7,15.1,15.8,16.6,17.3,18.1,18.8
1340.0,14.2,14.7,15.1,15.8,16.6,17.3,18.1,18.9
1350.0,14.2,14.7,15.1,15.8,16.6,17.3,18.1,18.9
1360.0,14.2,14.7,15.1,15.8,16.6,17.3,18.1,18.9
1370.0,14.2,14.7,15.1,15.8,16.6,17.3,18.1,18.9
1380.0,14.2,14.7,15.2,15.8,16.6,17.3,18.2,18.9
1390.0,14.3,14.7,15.2,15.8,16.6,17.3,18.1,18.9
1400.0,14.2,14.7,15.2,15.8,16.6,17.3,18.1,18.9
1410.0,14.2,14.7,15.2,15.8,16.6,17.3,18.1,18.9
1420.0,14.3,14.7,15.2,15.8,16.6,17.3,18.2,18.9
1430.0,14.2,14.7,15.2,15.8,16.7,17.3,18.1,18.9
1440.0,14.2,14.7,15.2,15.8,16.6,17.3,18.2,18.9
1450.0,14.2,14.7,15.2,15.8,16.6,17.3,18.1,18.9
1460.0,14.2,14.7,15.2,15.8,16.7,17.3,18.2,18.9
1470.0,14.2,14.7,15.2,15.8,16.7,17.3,18.2,18.9
1480.0,14.2,14.7,15.2,15.8,16.7,17.3,18.2,18.9
1490.0,14.2,14.7,15.2,15.8,16.7,17.3,18.2,18.9
1500.0,14.2,14.7,15.2,15.8,16.7,17.3,18.2,18.9
1510.0,14.3,14.7,15.2,15.8,16.7,17.3,18.2,18.9
1520.0,14.2,14.7,15.2,15.8,16.7,17.3,18.2,18.9
1530.0,14.2,14.7,15.2,15.8,16.7,17.3,18.2,18.9
1540.0,14.3,14.7,15.2,15.8,16.7,17.3,18.2,18.9
1550.0,14.2,14.7,15.2,15.8,16.7,17.3,18.2,18.9
1560.0,14.2,14.7,15.2,15.8,16.7,17.3,18.2,18.9
1570.0,14.3,14.7,15.2,15.8,16.7,17.3,18.2,18.9
1580.0,14.2,14.7,15.2,15.8,16.7,17.3,18.2,18.9
1590.0,14.2,14.7,15.2,15.8,16.7,17.3,18.2,18.9
1600.0,14.2,14.7,15.2,15.8,16.7,17.3,18.2,18.9
1610.0,14.3,14.7,15.2,15.8,16.7,17.3,18.2,18.9
1620.0,14.3,14.7,15.2,15.8,16.7,17.3,18.2,18.9
1630.0,14.2,14.7,15.2,15.8,16.7,17.3,18.2,18.9
1640.0,14.2,14.7,15.2,15.8,16.7,17.4,18.2,18.9
1650.0,14.2,14.7,15.2,15.8,16.7,17.3,18.2,18.9
1660.0,14.2,14.7,15.2,15.8,16.7,17.3,18.2,18.9
1670.0,14.2,14.7,15.2,15.8,16.7,17.3,18.2,18.9
1680.0,14.2,14.7,15.2,15.8,16.7,17.3,18.2,18.9
1690.0,14.2,14.7,15.2,15.8,16.7,17.3,18.2,18.9
1700.0,14.3,14.7,15.2,15.8,16.7,17.4,18.2,19.0
1710.0,14.2,14.7,15.2,15.8,16.7,17.3,18.2,18.9
1720.0,14.3,14.7,15.2,15.8,16.7,17.3,18.2,18.9
1730.0,14.3,14.7,15.2,15.8,16.7,17.4,18.2,18.9
1740.0,14.3,14.7,15.2,15.8,16.7,17.4,18.2,18.9
1750.0,14.3,14.7,15.2,15.8,16.7,17.4,18.2,19.0
