%Time (sec)	TC 0 - Near Chiller	TC 1	TC 2	TC 3	TC 4	TC 5	TC 6	TC 7 	TC 8 - Near Heater						7/1/2021	1:18 PM
0.0	12.2	12.0	12.2	12.2	12.3	12.3	12.4	12.6	12.7
10.0	12.2	12.0	12.2	12.2	12.3	12.3	12.4	12.6	12.7
20.0	12.2	12.0	12.2	12.2	12.3	12.3	12.4	12.6	12.7
30.0	12.2	12.0	12.2	12.2	12.3	12.3	12.5	12.6	12.7
40.0	12.2	12.0	12.2	12.2	12.3	12.3	12.4	12.6	12.7
50.0	12.3	12.0	12.2	12.2	12.3	12.3	12.4	12.6	12.7
60.0	12.2	12.0	12.2	12.2	12.3	12.3	12.4	12.6	12.7
70.0	12.3	12.0	12.2	12.2	12.3	12.3	12.4	12.6	12.7
80.0	12.3	12.0	12.2	12.2	12.3	12.4	12.5	12.6	12.8
90.0	12.2	12.0	12.2	12.2	12.3	12.4	12.5	12.7	12.9
100.0	12.2	12.0	12.2	12.2	12.3	12.4	12.6	12.8	13.0
110.0	12.3	12.0	12.2	12.3	12.3	12.5	12.6	12.9	13.1
120.0	12.2	12.0	12.2	12.3	12.4	12.5	12.7	13.0	13.3
130.0	12.3	12.0	12.2	12.3	12.4	12.6	12.8	13.1	13.5
140.0	12.2	12.0	12.3	12.3	12.5	12.7	12.9	13.3	13.6
150.0	12.3	12.1	12.3	12.4	12.6	12.8	13.1	13.5	13.8
160.0	12.3	12.1	12.3	12.4	12.6	12.9	13.2	13.6	14.0
170.0	12.3	12.1	12.4	12.5	12.7	13.0	13.3	13.8	14.2
180.0	12.3	12.1	12.4	12.6	12.8	13.1	13.5	14.0	14.4
190.0	12.3	12.2	12.5	12.6	12.9	13.2	13.6	14.1	14.6
200.0	12.3	12.2	12.5	12.7	13.0	13.3	13.8	14.3	14.8
210.0	12.3	12.3	12.6	12.8	13.1	13.5	13.9	14.5	15.0
220.0	12.3	12.3	12.7	12.9	13.2	13.6	14.1	14.7	15.2
230.0	12.3	12.4	12.7	13.0	13.3	13.7	14.3	14.9	15.4
240.0	12.3	12.4	12.8	13.1	13.4	13.9	14.4	15.0	15.6
250.0	12.3	12.5	12.9	13.2	13.5	14.0	14.6	15.2	15.8
260.0	12.3	12.5	12.9	13.2	13.6	14.1	14.7	15.4	16.0
270.0	12.3	12.6	13.0	13.3	13.7	14.3	14.9	15.5	16.1
280.0	12.3	12.6	13.1	13.4	13.8	14.4	15.0	15.7	16.3
290.0	12.3	12.7	13.1	13.5	13.9	14.5	15.1	15.9	16.5
300.0	12.3	12.7	13.2	13.6	14.1	14.7	15.3	16.0	16.7
310.0	12.3	12.8	13.3	13.7	14.2	14.8	15.4	16.2	16.9
320.0	12.3	12.8	13.3	13.8	14.3	14.9	15.6	16.3	17.0
330.0	12.3	12.9	13.4	13.9	14.4	15.0	15.7	16.5	17.2
340.0	12.3	12.9	13.5	14.0	14.5	15.2	15.9	16.6	17.3
350.0	12.3	13.0	13.6	14.0	14.6	15.3	16.0	16.8	17.5
360.0	12.3	13.1	13.7	14.1	14.7	15.4	16.1	16.9	17.7
370.0	12.3	13.1	13.7	14.2	14.8	15.5	16.3	17.1	17.8
380.0	12.3	13.1	13.8	14.3	14.9	15.6	16.4	17.2	18.0
390.0	12.3	13.2	13.8	14.4	15.0	15.7	16.5	17.4	18.1
400.0	12.3	13.2	13.9	14.5	15.1	15.9	16.6	17.5	18.3
410.0	12.3	13.3	14.0	14.5	15.2	16.0	16.7	17.6	18.4
420.0	12.3	13.4	14.0	14.6	15.3	16.1	16.9	17.8	18.6
430.0	12.3	13.4	14.1	14.7	15.4	16.2	17.0	17.9	18.7
440.0	12.3	13.4	14.1	14.8	15.4	16.3	17.1	18.0	18.8
450.0	12.3	13.5	14.2	14.8	15.5	16.4	17.2	18.1	18.9
460.0	12.3	13.5	14.3	14.9	15.6	16.5	17.3	18.2	19.1
470.0	12.3	13.6	14.3	15.0	15.7	16.6	17.4	18.3	19.2
480.0	12.3	13.6	14.4	15.1	15.8	16.7	17.5	18.5	19.3
490.0	12.3	13.7	14.4	15.1	15.9	16.8	17.6	18.6	19.4
500.0	12.3	13.7	14.5	15.2	16.0	16.9	17.8	18.7	19.6
510.0	12.3	13.7	14.5	15.3	16.0	17.0	17.9	18.8	19.7
520.0	12.3	13.8	14.6	15.3	16.1	17.0	17.9	18.9	19.8
530.0	12.3	13.8	14.6	15.4	16.2	17.1	18.0	19.0	19.9
540.0	12.3	13.9	14.7	15.5	16.3	17.2	18.1	19.1	20.0
550.0	12.3	13.9	14.7	15.5	16.4	17.3	18.2	19.2	20.1
560.0	12.3	13.9	14.8	15.6	16.4	17.4	18.3	19.3	20.2
570.0	12.3	14.0	14.8	15.6	16.5	17.5	18.4	19.4	20.4
580.0	12.3	14.0	14.9	15.7	16.6	17.5	18.5	19.5	20.5
590.0	12.3	14.0	14.9	15.8	16.6	17.6	18.6	19.6	20.6
600.0	12.3	14.1	15.0	15.8	16.7	17.7	18.7	19.7	20.7
610.0	12.3	14.1	15.0	15.9	16.8	17.8	18.8	19.8	20.8
620.0	12.3	14.1	15.0	15.9	16.8	17.8	18.8	19.9	20.9
630.0	12.3	14.2	15.1	16.0	16.9	17.9	18.9	20.0	20.9
640.0	12.3	14.2	15.1	16.0	16.9	18.0	19.0	20.0	21.0
650.0	12.3	14.2	15.2	16.1	17.0	18.1	19.1	20.1	21.1
660.0	12.3	14.3	15.2	16.1	17.1	18.1	19.2	20.2	21.2
670.0	12.3	14.3	15.3	16.2	17.1	18.2	19.2	20.3	21.3
680.0	12.3	14.3	15.3	16.2	17.2	18.3	19.3	20.4	21.4
690.0	12.3	14.4	15.3	16.3	17.2	18.3	19.4	20.4	21.5
700.0	12.3	14.4	15.4	16.3	17.3	18.4	19.4	20.5	21.6
710.0	12.3	14.4	15.4	16.4	17.3	18.4	19.5	20.6	21.6
720.0	12.3	14.4	15.5	16.4	17.4	18.5	19.6	20.7	21.7
730.0	12.3	14.5	15.5	16.5	17.4	18.6	19.6	20.7	21.8
740.0	12.3	14.5	15.5	16.5	17.5	18.6	19.7	20.8	21.9
750.0	12.3	14.5	15.6	16.6	17.5	18.7	19.8	20.9	21.9
760.0	12.3	14.5	15.6	16.6	17.6	18.7	19.8	21.0	22.0
770.0	12.3	14.6	15.6	16.6	17.6	18.8	19.9	21.0	22.1
780.0	12.3	14.6	15.7	16.7	17.7	18.8	19.9	21.1	22.2
790.0	12.3	14.6	15.7	16.7	17.7	18.9	20.0	21.1	22.2
800.0	12.3	14.6	15.7	16.8	17.8	18.9	20.1	21.2	22.3
810.0	12.3	14.7	15.7	16.8	17.8	19.0	20.1	21.3	22.4
820.0	12.3	14.7	15.8	16.8	17.9	19.0	20.2	21.3	22.4
830.0	12.3	14.7	15.8	16.9	17.9	19.1	20.2	21.4	22.5
840.0	12.3	14.7	15.9	16.9	18.0	19.2	20.3	21.4	22.6
850.0	12.3	14.8	15.9	16.9	18.0	19.2	20.3	21.5	22.6
860.0	12.3	14.8	15.9	17.0	18.0	19.2	20.4	21.6	22.7
870.0	12.3	14.8	15.9	17.0	18.1	19.3	20.4	21.6	22.7
880.0	12.3	14.8	16.0	17.0	18.1	19.3	20.5	21.7	22.8
890.0	12.3	14.8	16.0	17.1	18.2	19.4	20.5	21.7	22.9
900.0	12.3	14.9	16.0	17.1	18.2	19.4	20.6	21.8	22.9
910.0	12.3	14.9	16.0	17.1	18.2	19.5	20.6	21.8	23.0
920.0	12.3	14.9	16.1	17.2	18.3	19.5	20.7	21.9	23.0
930.0	12.3	14.9	16.1	17.2	18.3	19.5	20.7	21.9	23.1
940.0	12.3	14.9	16.1	17.2	18.3	19.6	20.8	22.0	23.1
950.0	12.3	15.0	16.1	17.3	18.4	19.6	20.8	22.0	23.2
960.0	12.3	15.0	16.2	17.3	18.4	19.7	20.9	22.1	23.3
970.0	12.3	15.0	16.2	17.3	18.4	19.7	20.9	22.1	23.3
980.0	12.3	15.0	16.2	17.3	18.5	19.7	20.9	22.2	23.3
990.0	12.3	15.0	16.2	17.4	18.5	19.8	21.0	22.2	23.4
1000.0	12.3	15.1	16.2	17.4	18.5	19.8	21.0	22.3	23.4
1010.0	12.3	15.1	16.3	17.4	18.6	19.8	21.1	22.3	23.5
1020.0	12.3	15.1	16.3	17.4	18.6	19.9	21.1	22.3	23.5
1030.0	12.3	15.1	16.3	17.5	18.6	19.9	21.1	22.4	23.6
1040.0	12.3	15.1	16.3	17.5	18.7	19.9	21.2	22.4	23.6
1050.0	12.3	15.1	16.3	17.5	18.7	20.0	21.2	22.5	23.7
1060.0	12.3	15.1	16.4	17.6	18.7	20.0	21.3	22.5	23.7
1070.0	12.3	15.2	16.4	17.6	18.7	20.1	21.3	22.5	23.7
1080.0	12.3	15.2	16.4	17.6	18.8	20.1	21.3	22.6	23.8
1090.0	12.3	15.2	16.4	17.6	18.8	20.1	21.4	22.6	23.8
1100.0	12.3	15.2	16.4	17.6	18.8	20.1	21.4	22.6	23.9
1110.0	12.3	15.2	16.4	17.7	18.9	20.2	21.4	22.7	23.9
1120.0	12.3	15.2	16.5	17.7	18.9	20.2	21.5	22.7	24.0
1130.0	12.3	15.2	16.5	17.7	18.9	20.2	21.5	22.7	24.0
1140.0	12.3	15.2	16.5	17.7	18.9	20.3	21.5	22.8	24.0
1150.0	12.3	15.3	16.5	17.8	19.0	20.3	21.5	22.8	24.1
1160.0	12.3	15.3	16.5	17.8	19.0	20.3	21.6	22.9	24.1
1170.0	12.3	15.3	16.5	17.8	19.0	20.3	21.6	22.9	24.1
1180.0	12.3	15.3	16.6	17.8	19.0	20.4	21.6	22.9	24.2
1190.0	12.3	15.3	16.6	17.8	19.1	20.4	21.7	23.0	24.2
1200.0	12.3	15.3	16.6	17.8	19.1	20.4	21.7	23.0	24.2
1210.0	12.3	15.3	16.6	17.9	19.1	20.4	21.7	23.0	24.3
1220.0	12.3	15.4	16.6	17.9	19.1	20.5	21.8	23.1	24.3
1230.0	12.3	15.4	16.6	17.9	19.1	20.5	21.8	23.1	24.3
1240.0	12.3	15.4	16.6	17.9	19.1	20.5	21.8	23.1	24.4
1250.0	12.3	15.4	16.7	17.9	19.2	20.5	21.8	23.1	24.4
1260.0	12.3	15.4	16.7	18.0	19.2	20.6	21.8	23.1	24.4
1270.0	12.3	15.4	16.7	18.0	19.2	20.6	21.9	23.2	24.5
1280.0	12.3	15.4	16.7	18.0	19.2	20.6	21.9	23.2	24.5
1290.0	12.3	15.4	16.7	18.0	19.3	20.6	21.9	23.2	24.5
1300.0	12.3	15.4	16.7	18.0	19.3	20.6	21.9	23.3	24.6
1310.0	12.3	15.4	16.8	18.0	19.3	20.7	22.0	23.3	24.6
1320.0	12.3	15.5	16.8	18.0	19.3	20.7	22.0	23.3	24.6
1330.0	12.3	15.5	16.8	18.1	19.3	20.7	22.0	23.3	24.6
1340.0	12.3	15.5	16.8	18.1	19.4	20.7	22.0	23.4	24.7
1350.0	12.3	15.5	16.8	18.1	19.4	20.8	22.1	23.4	24.7
1360.0	12.3	15.5	16.8	18.1	19.4	20.8	22.1	23.4	24.7
1370.0	12.3	15.5	16.8	18.1	19.4	20.8	22.1	23.4	24.7
1380.0	12.3	15.5	16.8	18.1	19.4	20.8	22.1	23.4	24.8
1390.0	12.3	15.5	16.8	18.2	19.4	20.8	22.2	23.5	24.8
1400.0	12.3	15.5	16.9	18.2	19.4	20.8	22.2	23.5	24.8
1410.0	12.3	15.5	16.9	18.2	19.5	20.8	22.2	23.5	24.8
1420.0	12.3	15.5	16.9	18.2	19.5	20.9	22.2	23.5	24.8
1430.0	12.3	15.6	16.9	18.2	19.5	20.9	22.2	23.6	24.9
1440.0	12.3	15.6	16.9	18.2	19.5	20.9	22.2	23.6	24.9
1450.0	12.3	15.6	16.9	18.2	19.5	20.9	22.2	23.6	24.9
1460.0	12.3	15.6	16.9	18.2	19.5	20.9	22.3	23.6	24.9
1470.0	12.3	15.6	16.9	18.3	19.5	21.0	22.3	23.6	25.0
1480.0	12.3	15.6	16.9	18.3	19.5	21.0	22.3	23.6	25.0
1490.0	12.3	15.6	16.9	18.3	19.6	21.0	22.3	23.7	25.0
1500.0	12.3	15.6	17.0	18.3	19.6	21.0	22.3	23.7	25.0
1510.0	12.3	15.6	17.0	18.3	19.6	21.0	22.3	23.7	25.0
1520.0	12.3	15.6	17.0	18.3	19.6	21.0	22.4	23.7	25.1
1530.0	12.3	15.6	17.0	18.3	19.6	21.0	22.4	23.7	25.1
1540.0	12.3	15.6	17.0	18.3	19.6	21.1	22.4	23.8	25.1
1550.0	12.3	15.7	17.0	18.3	19.6	21.1	22.4	23.8	25.1
1560.0	12.3	15.6	17.0	18.4	19.7	21.1	22.4	23.8	25.1
1570.0	12.3	15.7	17.0	18.4	19.7	21.1	22.4	23.8	25.2
1580.0	12.3	15.7	17.0	18.4	19.7	21.1	22.4	23.8	25.2
1590.0	12.3	15.7	17.0	18.4	19.7	21.1	22.5	23.8	25.2
1600.0	12.3	15.7	17.0	18.4	19.7	21.1	22.5	23.9	25.2
1610.0	12.3	15.7	17.1	18.4	19.7	21.2	22.5	23.9	25.2
1620.0	12.3	15.7	17.0	18.4	19.7	21.2	22.5	23.9	25.2
1630.0	12.3	15.7	17.1	18.4	19.7	21.2	22.5	23.9	25.3
1640.0	12.3	15.7	17.1	18.4	19.7	21.2	22.5	23.9	25.3
1650.0	12.3	15.7	17.1	18.4	19.8	21.2	22.6	23.9	25.3
1660.0	12.3	15.7	17.1	18.4	19.8	21.2	22.6	23.9	25.3
1670.0	12.3	15.7	17.1	18.4	19.8	21.2	22.6	24.0	25.3
1680.0	12.3	15.7	17.1	18.5	19.8	21.2	22.6	24.0	25.3
1690.0	12.3	15.7	17.1	18.5	19.8	21.2	22.6	24.0	25.3
1700.0	12.3	15.7	17.1	18.5	19.8	21.2	22.6	24.0	25.4
1710.0	12.3	15.7	17.1	18.5	19.8	21.3	22.6	24.0	25.4
1720.0	12.3	15.7	17.1	18.5	19.8	21.3	22.6	24.0	25.4
1730.0	12.3	15.7	17.1	18.5	19.8	21.3	22.7	24.0	25.4
1740.0	12.3	15.8	17.1	18.5	19.8	21.3	22.7	24.0	25.4
1750.0	12.3	15.8	17.2	18.5	19.9	21.3	22.7	24.1	25.4
1760.0	12.3	15.7	17.1	18.5	19.9	21.3	22.7	24.1	25.4
1770.0	12.3	15.8	17.2	18.5	19.9	21.3	22.7	24.1	25.5
1780.0	12.3	15.8	17.2	18.5	19.9	21.3	22.7	24.1	25.5
1790.0	12.3	15.8	17.2	18.6	19.9	21.4	22.7	24.1	25.5
1800.0	12.3	15.8	17.2	18.6	19.9	21.4	22.7	24.1	25.5
1810.0	12.3	15.8	17.2	18.6	19.9	21.4	22.7	24.1	25.5
1820.0	12.3	15.8	17.2	18.6	19.9	21.4	22.7	24.1	25.5
1830.0	12.3	15.8	17.2	18.6	19.9	21.4	22.8	24.1	25.5
1840.0	12.3	15.8	17.2	18.6	19.9	21.4	22.8	24.1	25.5
1850.0	12.3	15.8	17.2	18.6	19.9	21.4	22.8	24.2	25.6
1860.0	12.4	15.8	17.2	18.6	19.9	21.4	22.8	24.2	25.6
1870.0	12.3	15.8	17.2	18.6	19.9	21.4	22.8	24.2	25.6
1880.0	12.3	15.8	17.2	18.6	20.0	21.4	22.8	24.2	25.6
1890.0	12.3	15.8	17.2	18.6	20.0	21.4	22.8	24.2	25.6
1900.0	12.3	15.8	17.2	18.6	20.0	21.4	22.8	24.2	25.6
1910.0	12.3	15.8	17.2	18.6	20.0	21.5	22.8	24.2	25.6
1920.0	12.3	15.8	17.2	18.6	20.0	21.4	22.8	24.2	25.6
1930.0	12.3	15.8	17.2	18.6	20.0	21.5	22.8	24.2	25.6
1940.0	12.3	15.8	17.2	18.6	20.0	21.5	22.8	24.3	25.6
1950.0	12.3	15.8	17.2	18.6	20.0	21.5	22.9	24.3	25.6
1960.0	12.3	15.8	17.2	18.6	20.0	21.5	22.9	24.3	25.7
1970.0	12.4	15.8	17.3	18.7	20.0	21.5	22.9	24.3	25.7
1980.0	12.3	15.9	17.3	18.7	20.0	21.5	22.9	24.3	25.7
1990.0	12.3	15.9	17.3	18.7	20.0	21.5	22.9	24.3	25.7
2000.0	12.3	15.8	17.3	18.7	20.0	21.5	22.9	24.3	25.7
2010.0	12.3	15.8	17.3	18.7	20.0	21.5	22.9	24.3	25.7
2020.0	12.3	15.9	17.3	18.7	20.0	21.5	22.9	24.3	25.7
2030.0	12.3	15.9	17.3	18.7	20.0	21.5	22.9	24.3	25.7
2040.0	12.3	15.9	17.3	18.7	20.1	21.5	22.9	24.3	25.7
2050.0	12.3	15.8	17.3	18.7	20.0	21.5	22.9	24.3	25.7
2060.0	12.3	15.9	17.3	18.7	20.1	21.5	22.9	24.4	25.8
2070.0	12.3	15.9	17.3	18.7	20.1	21.5	22.9	24.4	25.7
2080.0	12.3	15.9	17.3	18.7	20.1	21.6	22.9	24.4	25.8
2090.0	12.3	15.9	17.3	18.7	20.1	21.6	23.0	24.4	25.8
2100.0	12.3	15.9	17.3	18.7	20.1	21.6	23.0	24.4	25.8
2110.0	12.3	15.9	17.3	18.7	20.1	21.6	23.0	24.4	25.8
2120.0	12.3	15.9	17.3	18.7	20.1	21.6	23.0	24.4	25.8
2130.0	12.3	15.9	17.3	18.7	20.1	21.6	23.0	24.4	25.8
2140.0	12.3	15.9	17.3	18.7	20.1	21.6	23.0	24.4	25.8
2150.0	12.3	15.9	17.3	18.7	20.1	21.6	23.0	24.4	25.8
2160.0	12.3	15.9	17.3	18.7	20.1	21.6	23.0	24.4	25.8
2170.0	12.3	15.9	17.3	18.8	20.1	21.6	23.0	24.4	25.8
2180.0	12.3	15.9	17.3	18.7	20.1	21.6	23.0	24.4	25.8
2190.0	12.3	15.9	17.3	18.7	20.1	21.6	23.0	24.4	25.8
2200.0	12.3	15.9	17.3	18.7	20.1	21.6	23.0	24.4	25.8
2210.0	12.3	15.9	17.3	18.8	20.1	21.6	23.0	24.4	25.8
2220.0	12.3	15.9	17.3	18.7	20.1	21.6	23.0	24.4	25.9
2230.0	12.3	15.9	17.3	18.8	20.1	21.6	23.0	24.5	25.9
2240.0	12.3	15.9	17.3	18.8	20.1	21.6	23.0	24.5	25.9
2250.0	12.3	15.9	17.3	18.8	20.1	21.6	23.0	24.5	25.9
2260.0	12.4	15.9	17.4	18.8	20.2	21.6	23.0	24.5	25.9
2270.0	12.4	15.9	17.4	18.8	20.2	21.7	23.1	24.5	25.9
2280.0	12.3	15.9	17.4	18.8	20.2	21.6	23.0	24.5	25.9
2290.0	12.3	15.9	17.4	18.8	20.2	21.7	23.1	24.5	25.9
2300.0	12.3	15.9	17.4	18.8	20.2	21.7	23.1	24.5	25.9
2310.0	12.3	15.9	17.3	18.8	20.2	21.7	23.1	24.5	25.9
2320.0	12.3	15.9	17.4	18.8	20.2	21.7	23.1	24.5	25.9
2330.0	12.3	15.9	17.4	18.8	20.2	21.7	23.1	24.5	25.9
2340.0	12.3	15.9	17.4	18.8	20.2	21.7	23.1	24.5	25.9
2350.0	12.3	15.9	17.4	18.8	20.2	21.7	23.1	24.5	25.9
2360.0	12.3	15.9	17.4	18.8	20.2	21.7	23.1	24.5	25.9
2370.0	12.3	15.9	17.4	18.8	20.2	21.7	23.1	24.5	25.9
2380.0	12.3	15.9	17.4	18.8	20.2	21.7	23.1	24.5	25.9
2390.0	12.3	15.9	17.4	18.8	20.2	21.7	23.1	24.5	25.9
2400.0	12.3	15.9	17.4	18.8	20.2	21.7	23.1	24.5	26.0
2410.0	12.3	15.9	17.4	18.8	20.2	21.7	23.1	24.5	26.0
2420.0	12.3	15.9	17.4	18.8	20.2	21.7	23.1	24.5	26.0
2430.0	12.3	15.9	17.4	18.8	20.2	21.7	23.1	24.5	26.0
2440.0	12.3	15.9	17.4	18.8	20.2	21.7	23.1	24.6	26.0
2450.0	12.3	16.0	17.4	18.8	20.2	21.7	23.1	24.6	26.0
2460.0	12.3	15.9	17.4	18.8	20.2	21.7	23.1	24.6	26.0
2470.0	12.3	15.9	17.4	18.8	20.2	21.7	23.1	24.6	26.0
2480.0	12.3	15.9	17.4	18.8	20.2	21.7	23.1	24.6	26.0
2490.0	12.3	16.0	17.4	18.8	20.2	21.7	23.1	24.6	26.0
2500.0	12.3	16.0	17.4	18.8	20.2	21.7	23.1	24.6	26.0
2510.0	12.3	16.0	17.4	18.8	20.2	21.7	23.1	24.6	26.0
2520.0	12.3	16.0	17.4	18.8	20.2	21.7	23.1	24.6	26.0
2530.0	12.3	16.0	17.4	18.8	20.2	21.7	23.1	24.6	26.0
2540.0	12.3	16.0	17.4	18.8	20.2	21.7	23.1	24.6	26.0
2550.0	12.3	16.0	17.4	18.8	20.2	21.7	23.1	24.6	26.0
2560.0	12.3	16.0	17.4	18.8	20.2	21.7	23.2	24.6	26.0
2570.0	12.3	16.0	17.4	18.9	20.2	21.8	23.2	24.6	26.0
2580.0	12.3	16.0	17.4	18.8	20.2	21.7	23.2	24.6	26.0
2590.0	12.3	16.0	17.4	18.8	20.2	21.7	23.2	24.6	26.0
2600.0	12.3	16.0	17.4	18.8	20.2	21.7	23.2	24.6	26.0
2610.0	12.3	16.0	17.4	18.9	20.2	21.8	23.2	24.6	26.0
2620.0	12.3	16.0	17.4	18.8	20.2	21.8	23.2	24.6	26.0
2630.0	12.3	16.0	17.4	18.9	20.3	21.8	23.2	24.6	26.0
2640.0	12.3	16.0	17.4	18.9	20.2	21.8	23.2	24.6	26.0
2650.0	12.3	16.0	17.4	18.9	20.3	21.8	23.2	24.6	26.0
2660.0	12.3	16.0	17.4	18.9	20.3	21.8	23.2	24.6	26.1
2670.0	12.3	16.0	17.4	18.9	20.3	21.8	23.2	24.6	26.1
2680.0	12.3	16.0	17.4	18.9	20.3	21.8	23.2	24.6	26.1
2690.0	12.3	16.0	17.4	18.9	20.3	21.8	23.2	24.6	26.1
2700.0	12.3	16.0	17.4	18.9	20.3	21.8	23.2	24.6	26.1
2710.0	12.3	16.0	17.4	18.9	20.3	21.8	23.2	24.6	26.1
2720.0	12.3	16.0	17.4	18.9	20.3	21.8	23.2	24.6	26.1
2730.0	12.3	16.0	17.4	18.9	20.3	21.8	23.2	24.6	26.1
2740.0	12.3	16.0	17.4	18.9	20.3	21.8	23.2	24.6	26.1
2750.0	12.3	16.0	17.4	18.9	20.3	21.8	23.2	24.6	26.1
2760.0	12.3	16.0	17.4	18.9	20.3	21.8	23.2	24.6	26.1
2770.0	12.3	16.0	17.4	18.9	20.3	21.8	23.2	24.7	26.1
2780.0	12.3	16.0	17.4	18.9	20.3	21.8	23.2	24.7	26.1
2790.0	12.3	16.0	17.4	18.9	20.3	21.8	23.2	24.7	26.1
2800.0	12.3	16.0	17.4	18.9	20.3	21.8	23.2	24.7	26.1
2810.0	12.3	16.0	17.4	18.9	20.3	21.8	23.2	24.7	26.1
2820.0	12.3	16.0	17.4	18.9	20.3	21.8	23.2	24.7	26.1
2830.0	12.3	16.0	17.4	18.9	20.3	21.8	23.2	24.7	26.1
2840.0	12.3	16.0	17.5	18.9	20.3	21.8	23.2	24.7	26.1
2850.0	12.3	16.0	17.5	18.9	20.3	21.8	23.2	24.7	26.1
2860.0	12.3	16.0	17.5	18.9	20.3	21.8	23.2	24.7	26.1
2870.0	12.3	16.0	17.5	18.9	20.3	21.8	23.2	24.7	26.1
2880.0	12.3	16.0	17.5	18.9	20.3	21.8	23.2	24.7	26.1
2890.0	12.3	16.0	17.5	18.9	20.3	21.8	23.2	24.7	26.1
2900.0	12.3	16.0	17.5	18.9	20.3	21.8	23.3	24.7	26.1
2910.0	12.3	16.0	17.5	18.9	20.3	21.8	23.2	24.7	26.1
2920.0	12.3	16.0	17.5	18.9	20.3	21.8	23.2	24.7	26.1
2930.0	12.3	16.0	17.5	18.9	20.3	21.8	23.2	24.7	26.1
2940.0	12.3	16.0	17.5	18.9	20.3	21.8	23.2	24.7	26.1
2950.0	12.3	16.0	17.5	18.9	20.3	21.8	23.2	24.7	26.1
2960.0	12.3	16.0	17.5	18.9	20.3	21.8	23.2	24.7	26.1
2970.0	12.3	16.0	17.5	18.9	20.3	21.8	23.2	24.7	26.1
2980.0	12.3	16.0	17.5	18.9	20.3	21.8	23.3	24.7	26.1
2990.0	12.3	16.0	17.5	18.9	20.3	21.8	23.3	24.7	26.1
3000.0	12.3	16.0	17.5	18.9	20.3	21.8	23.3	24.7	26.1
3010.0	12.3	16.0	17.5	18.9	20.3	21.8	23.3	24.7	26.1
3020.0	12.3	16.0	17.5	18.9	20.3	21.8	23.3	24.7	26.1
3030.0	12.3	16.0	17.5	18.9	20.3	21.8	23.3	24.7	26.1
3040.0	12.3	16.0	17.5	18.9	20.3	21.8	23.3	24.7	26.1
3050.0	12.3	16.0	17.5	18.9	20.3	21.8	23.3	24.7	26.2
3060.0	12.3	16.0	17.5	18.9	20.3	21.8	23.3	24.7	26.2
3070.0	12.3	16.0	17.5	18.9	20.3	21.8	23.3	24.7	26.1
3080.0	12.3	16.0	17.5	18.9	20.3	21.8	23.3	24.7	26.2
3090.0	12.3	16.0	17.5	18.9	20.3	21.8	23.3	24.7	26.2
3100.0	12.3	16.0	17.5	18.9	20.3	21.8	23.3	24.7	26.2
3110.0	12.3	16.0	17.5	18.9	20.3	21.8	23.3	24.7	26.2
3120.0	12.3	16.0	17.5	18.9	20.3	21.8	23.3	24.7	26.1
3130.0	12.3	16.0	17.5	18.9	20.3	21.9	23.3	24.7	26.1
3140.0	12.3	16.0	17.5	18.9	20.3	21.9	23.3	24.7	26.2
3150.0	12.3	16.0	17.5	18.9	20.3	21.8	23.3	24.7	26.2
3160.0	12.3	16.0	17.5	18.9	20.3	21.8	23.3	24.7	26.2
3170.0	12.3	16.0	17.5	18.9	20.3	21.8	23.3	24.7	26.2
3180.0	12.3	16.0	17.5	18.9	20.3	21.9	23.3	24.7	26.2
3190.0	12.3	16.0	17.5	18.9	20.3	21.9	23.3	24.7	26.2
3200.0	12.3	16.0	17.5	18.9	20.3	21.9	23.3	24.7	26.2
3210.0	12.3	16.0	17.5	18.9	20.3	21.8	23.3	24.7	26.2
3220.0	12.3	16.0	17.5	18.9	20.3	21.8	23.3	24.7	26.2
3230.0	12.3	16.0	17.5	18.9	20.3	21.9	23.3	24.7	26.2
3240.0	12.3	16.0	17.5	18.9	20.3	21.8	23.3	24.7	26.2
3250.0	12.3	16.0	17.5	18.9	20.3	21.9	23.3	24.7	26.2
3260.0	12.3	16.0	17.5	18.9	20.3	21.9	23.3	24.7	26.2
3270.0	12.3	16.0	17.5	18.9	20.3	21.9	23.3	24.7	26.2
3280.0	12.3	16.0	17.5	18.9	20.3	21.9	23.3	24.7	26.2
3290.0	12.3	16.0	17.5	18.9	20.3	21.9	23.3	24.7	26.2
3300.0	12.3	16.0	17.5	18.9	20.3	21.9	23.3	24.7	26.2
3310.0	12.3	16.0	17.5	18.9	20.3	21.9	23.3	24.7	26.2
3320.0	12.3	16.0	17.5	18.9	20.3	21.9	23.3	24.7	26.2
3330.0	12.3	16.0	17.5	18.9	20.3	21.9	23.3	24.7	26.2
3340.0	12.3	16.0	17.5	18.9	20.3	21.9	23.3	24.7	26.2
3350.0	12.3	16.0	17.5	18.9	20.3	21.9	23.3	24.7	26.2
3360.0	12.3	16.0	17.5	18.9	20.3	21.9	23.3	24.7	26.2
3370.0	12.3	16.0	17.5	18.9	20.3	21.9	23.3	24.7	26.2
3380.0	12.3	16.0	17.5	18.9	20.3	21.9	23.3	24.7	26.2
3390.0	12.3	16.0	17.5	18.9	20.3	21.9	23.3	24.7	26.2
3400.0	12.3	16.0	17.5	18.9	20.3	21.9	23.3	24.7	26.2
3410.0	12.3	16.0	17.5	18.9	20.3	21.9	23.3	24.7	26.2
3420.0	12.3	16.0	17.5	18.9	20.3	21.9	23.3	24.8	26.2
3430.0	12.3	16.0	17.5	18.9	20.3	21.9	23.3	24.7	26.2
3440.0	12.3	16.0	17.5	19.0	20.3	21.9	23.3	24.8	26.2
3450.0	12.3	16.0	17.5	18.9	20.3	21.9	23.3	24.7	26.2
3460.0	12.3	16.0	17.5	18.9	20.3	21.9	23.3	24.7	26.2
3470.0	12.3	16.0	17.5	18.9	20.3	21.9	23.3	24.7	26.2
3480.0	12.3	16.0	17.5	18.9	20.4	21.9	23.3	24.8	26.2
3490.0	12.3	16.0	17.5	18.9	20.4	21.9	23.3	24.8	26.2
3500.0	12.3	16.0	17.5	18.9	20.3	21.9	23.3	24.8	26.2
3510.0	12.3	16.0	17.5	18.9	20.3	21.9	23.3	24.7	26.2
3520.0	12.3	16.0	17.5	18.9	20.3	21.9	23.3	24.8	26.2
3530.0	12.3	16.0	17.5	18.9	20.3	21.9	23.3	24.7	26.2
3540.0	12.3	16.0	17.5	18.9	20.4	21.9	23.3	24.8	26.2
3550.0	12.3	16.0	17.5	18.9	20.3	21.9	23.3	24.7	26.2
3560.0	12.3	16.0	17.5	19.0	20.4	21.9	23.3	24.8	26.2
3570.0	12.3	16.0	17.5	18.9	20.4	21.9	23.3	24.8	26.2
3580.0	12.3	16.0	17.5	19.0	20.4	21.9	23.3	24.8	26.2
3590.0	12.3	16.0	17.5	19.0	20.4	21.9	23.3	24.8	26.2
3600.0	12.3	16.0	17.5	18.9	20.4	21.9	23.3	24.8	26.2
3610.0	12.3	16.0	17.5	18.9	20.3	21.9	23.3	24.7	26.2
3620.0	12.3	16.0	17.5	18.9	20.4	21.9	23.3	24.8	26.2
3630.0	12.3	16.0	17.5	18.9	20.4	21.9	23.3	24.8	26.2
3640.0	12.3	16.0	17.5	19.0	20.4	21.9	23.3	24.8	26.2
3650.0	12.3	16.0	17.5	18.9	20.4	21.9	23.3	24.8	26.2
3660.0	12.3	16.0	17.5	18.9	20.4	21.9	23.3	24.8	26.2
3670.0	12.3	16.0	17.5	18.9	20.4	21.9	23.3	24.8	26.2
3680.0	12.3	16.0	17.5	18.9	20.4	21.9	23.3	24.8	26.2
3690.0	12.3	16.0	17.5	19.0	20.4	21.9	23.3	24.8	26.2
3700.0	12.3	16.0	17.5	18.9	20.4	21.9	23.3	24.8	26.2
3710.0	12.3	16.0	17.5	18.9	20.4	21.9	23.3	24.8	26.2
3720.0	12.3	16.0	17.5	19.0	20.4	21.9	23.3	24.8	26.2
3730.0	12.3	16.0	17.5	19.0	20.4	21.9	23.3	24.8	26.2
3740.0	12.3	16.0	17.5	19.0	20.4	21.9	23.3	24.8	26.2
3750.0	12.3	16.0	17.5	18.9	20.4	21.9	23.3	24.8	26.2
3760.0	12.3	16.0	17.5	18.9	20.3	21.9	23.3	24.8	26.2
3770.0	12.3	16.0	17.5	18.9	20.4	21.9	23.3	24.8	26.2
3780.0	12.3	16.0	17.5	18.9	20.4	21.9	23.3	24.8	26.2
3790.0	12.3	16.0	17.5	19.0	20.4	21.9	23.3	24.8	26.2
3800.0	12.3	16.0	17.5	18.9	20.3	21.9	23.3	24.8	26.2
3810.0	12.3	16.0	17.5	19.0	20.4	21.9	23.3	24.8	26.2
3820.0	12.3	16.0	17.5	19.0	20.4	21.9	23.3	24.8	26.2
3830.0	12.3	16.0	17.5	18.9	20.4	21.9	23.3	24.8	26.2
3840.0	12.3	16.0	17.5	19.0	20.4	21.9	23.3	24.8	26.2
3850.0	12.3	16.0	17.5	19.0	20.4	21.9	23.3	24.8	26.2
3860.0	12.3	16.0	17.5	19.0	20.4	21.9	23.3	24.8	26.2
3870.0	12.3	16.0	17.5	19.0	20.4	21.9	23.3	24.8	26.2
3880.0	12.3	16.0	17.5	18.9	20.4	21.9	23.3	24.8	26.2
3890.0	12.3	16.0	17.5	19.0	20.4	21.9	23.3	24.8	26.2
3900.0	12.3	16.0	17.5	19.0	20.4	21.9	23.3	24.8	26.2
3910.0	12.3	16.0	17.5	19.0	20.4	21.9	23.3	24.8	26.2
3920.0	12.3	16.0	17.5	19.0	20.4	21.9	23.3	24.8	26.2
3930.0	12.3	16.0	17.5	19.0	20.4	21.9	23.3	24.8	26.2
3940.0	12.3	16.0	17.5	19.0	20.4	21.9	23.3	24.8	26.2
3950.0	12.3	16.0	17.5	19.0	20.4	21.9	23.3	24.8	26.2
3960.0	12.3	16.0	17.5	19.0	20.4	21.9	23.3	24.8	26.2
3970.0	12.3	16.0	17.5	19.0	20.4	21.9	23.3	24.8	26.2
3980.0	12.3	16.0	17.5	19.0	20.4	21.9	23.3	24.8	26.2
3990.0	12.3	16.0	17.5	19.0	20.4	21.9	23.3	24.8	26.2
4000.0	12.3	16.0	17.5	19.0	20.4	21.9	23.3	24.8	26.2
4010.0	12.3	16.0	17.5	19.0	20.4	21.9	23.3	24.8	26.2
4020.0	12.3	16.0	17.5	19.0	20.4	21.9	23.3	24.8	26.2
4030.0	12.3	16.0	17.5	18.9	20.4	21.9	23.3	24.8	26.2
4040.0	12.3	16.0	17.5	19.0	20.4	21.9	23.3	24.8	26.2
4050.0	12.3	16.0	17.5	19.0	20.4	21.9	23.3	24.8	26.2
4060.0	12.3	16.0	17.5	18.9	20.4	21.9	23.3	24.8	26.2
4070.0	12.3	16.0	17.5	19.0	20.4	21.9	23.3	24.8	26.2
4080.0	12.3	16.0	17.5	18.9	20.4	21.9	23.3	24.8	26.2
4090.0	12.3	16.0	17.5	19.0	20.4	21.9	23.3	24.8	26.2
4100.0	12.3	16.0	17.5	19.0	20.4	21.9	23.3	24.8	26.2
4110.0	12.3	16.0	17.5	19.0	20.4	21.9	23.3	24.8	26.2
4120.0	12.3	16.0	17.5	19.0	20.4	21.9	23.3	24.8	26.2
4130.0	12.3	16.0	17.5	19.0	20.4	21.9	23.3	24.8	26.2
4140.0	12.3	16.0	17.5	18.9	20.4	21.9	23.3	24.8	26.2
4150.0	12.3	16.0	17.5	19.0	20.4	21.9	23.3	24.8	26.2
4160.0	12.3	16.0	17.5	19.0	20.4	21.9	23.3	24.8	26.2
4170.0	12.3	16.0	17.5	19.0	20.4	21.9	23.3	24.8	26.2
4180.0	12.3	16.0	17.5	18.9	20.4	21.9	23.3	24.8	26.2
4190.0	12.3	16.0	17.5	18.9	20.4	21.9	23.3	24.8	26.2
4200.0	12.3	16.0	17.5	19.0	20.4	21.9	23.3	24.8	26.2
4210.0	12.3	16.0	17.5	19.0	20.4	21.9	23.3	24.8	26.2
4220.0	12.3	16.0	17.5	19.0	20.4	21.9	23.3	24.8	26.2
4230.0	12.3	16.0	17.5	19.0	20.4	21.9	23.3	24.8	26.2
4240.0	12.3	16.0	17.5	18.9	20.4	21.9	23.3	24.8	26.2
4250.0	12.3	16.0	17.5	19.0	20.4	21.9	23.3	24.8	26.2
4260.0	12.3	16.0	17.5	19.0	20.4	21.9	23.3	24.8	26.2
4270.0	12.3	16.0	17.5	19.0	20.4	21.9	23.3	24.8	26.2
4280.0	12.3	16.0	17.5	18.9	20.4	21.9	23.3	24.8	26.2
4290.0	12.3	16.0	17.5	19.0	20.4	21.9	23.3	24.8	26.2
4300.0	12.3	16.0	17.5	19.0	20.4	21.9	23.3	24.8	26.2
4310.0	12.3	16.0	17.5	19.0	20.4	21.9	23.3	24.8	26.2
4320.0	12.3	16.0	17.5	19.0	20.4	21.9	23.3	24.8	26.2
4330.0	12.3	16.0	17.5	19.0	20.4	21.9	23.3	24.8	26.2
4340.0	12.3	16.0	17.5	19.0	20.4	21.9	23.3	24.8	26.2
4350.0	12.3	16.0	17.5	19.0	20.4	21.9	23.3	24.8	26.2
4360.0	12.3	16.0	17.5	19.0	20.4	21.9	23.3	24.8	26.2
4370.0	12.3	16.0	17.5	19.0	20.4	21.9	23.3	24.8	26.2
4380.0	12.3	16.0	17.5	18.9	20.4	21.9	23.3	24.8	26.2
4390.0	12.3	16.0	17.5	19.0	20.4	21.9	23.3	24.8	26.2
4400.0	12.3	16.0	17.5	19.0	20.4	21.9	23.3	24.8	26.2
4410.0	12.3	16.0	17.5	18.9	20.4	21.9	23.3	24.8	26.2
4420.0	12.3	16.0	17.5	19.0	20.4	21.9	23.3	24.8	26.2
4430.0	12.3	16.0	17.5	19.0	20.4	21.9	23.3	24.8	26.2
4440.0	12.3	16.0	17.5	19.0	20.4	21.9	23.3	24.8	26.2
4450.0	12.3	16.0	17.5	19.0	20.4	21.9	23.3	24.8	26.2
4460.0	12.3	16.0	17.5	19.0	20.4	21.9	23.3	24.8	26.2
4470.0	12.3	16.0	17.5	19.0	20.4	21.9	23.3	24.8	26.2
4480.0	12.3	16.0	17.5	19.0	20.4	21.9	23.3	24.8	26.2
4490.0	12.3	16.0	17.5	19.0	20.4	21.9	23.3	24.8	26.2
4500.0	12.3	16.0	17.5	19.0	20.4	21.9	23.3	24.8	26.2
4510.0	12.3	16.0	17.5	19.0	20.4	21.9	23.3	24.8	26.2
4520.0	12.3	16.0	17.5	19.0	20.4	21.9	23.3	24.8	26.2
4530.0	12.3	16.0	17.5	19.0	20.4	21.9	23.3	24.8	26.3
4540.0	12.3	16.0	17.5	19.0	20.4	21.9	23.3	24.8	26.2
4550.0	12.3	16.0	17.5	19.0	20.4	21.9	23.3	24.8	26.2
4560.0	12.3	16.0	17.5	19.0	20.4	21.9	23.3	24.8	26.2
4570.0	12.3	16.0	17.5	19.0	20.4	21.9	23.3	24.8	26.2
4580.0	12.3	16.0	17.5	19.0	20.4	21.9	23.3	24.8	26.2
4590.0	12.3	16.0	17.5	19.0	20.4	21.9	23.3	24.8	26.2
4600.0	12.3	16.0	17.5	19.0	20.4	21.9	23.3	24.8	26.2
4610.0	12.3	16.0	17.5	18.9	20.4	21.9	23.3	24.8	26.2
4620.0	12.3	16.0	17.5	19.0	20.4	21.9	23.3	24.8	26.2
4630.0	12.3	16.0	17.5	19.0	20.4	21.9	23.3	24.8	26.2
4640.0	12.3	16.0	17.5	19.0	20.4	21.9	23.3	24.8	26.2
4650.0	12.3	16.0	17.5	19.0	20.4	21.9	23.3	24.8	26.2
4660.0	12.3	16.1	17.5	19.0	20.4	21.9	23.3	24.8	26.2
4670.0	12.3	16.0	17.5	19.0	20.4	21.9	23.3	24.8	26.2
4680.0	12.3	16.0	17.5	19.0	20.4	21.9	23.3	24.8	26.2
4690.0	12.3	16.0	17.5	18.9	20.4	21.9	23.3	24.8	26.2
4700.0	12.3	16.0	17.5	19.0	20.4	21.9	23.3	24.8	26.2
4710.0	12.3	16.0	17.5	19.0	20.4	21.9	23.3	24.8	26.2
4720.0	12.3	16.0	17.5	19.0	20.4	21.9	23.3	24.8	26.2
4730.0	12.3	16.0	17.5	19.0	20.4	21.9	23.3	24.8	26.2
4740.0	12.3	16.0	17.5	19.0	20.4	21.9	23.3	24.8	26.2
4750.0	12.3	16.0	17.5	19.0	20.4	21.9	23.3	24.8	26.2
4760.0	12.3	16.0	17.5	19.0	20.4	21.9	23.3	24.8	26.2
4770.0	12.3	16.0	17.5	19.0	20.4	21.9	23.3	24.8	26.2
4780.0	12.3	16.0	17.5	19.0	20.4	21.9	23.3	24.8	26.2
4790.0	12.3	16.0	17.5	19.0	20.4	21.9	23.3	24.8	26.2
4800.0	12.3	16.0	17.5	19.0	20.4	21.9	23.3	24.8	26.2
4810.0	12.3	16.0	17.5	19.0	20.4	21.9	23.3	24.8	26.2
4820.0	12.3	16.0	17.5	19.0	20.4	21.9	23.3	24.8	26.2
4830.0	12.3	16.0	17.5	19.0	20.4	21.9	23.3	24.8	26.2
4840.0	12.3	16.0	17.5	19.0	20.4	21.9	23.3	24.8	26.2
4850.0	12.3	16.0	17.5	19.0	20.4	21.9	23.3	24.8	26.2
4860.0	12.3	16.0	17.5	19.0	20.4	21.9	23.3	24.8	26.2
4870.0	12.3	16.0	17.5	19.0	20.4	21.9	23.3	24.8	26.2
4880.0	12.3	16.0	17.5	19.0	20.4	21.9	23.3	24.8	26.2
4890.0	12.3	16.0	17.5	19.0	20.4	21.9	23.3	24.8	26.2
4900.0	12.3	16.0	17.5	19.0	20.4	21.9	23.3	24.8	26.2
4910.0	12.3	16.0	17.5	19.0	20.4	21.9	23.3	24.8	26.2
4920.0	12.3	16.0	17.5	19.0	20.4	21.9	23.3	24.8	26.2
4930.0	12.3	16.1	17.5	19.0	20.4	21.9	23.3	24.8	26.2
4940.0	12.3	16.0	17.5	19.0	20.4	21.9	23.3	24.8	26.2
4950.0	12.3	16.0	17.5	19.0	20.4	21.9	23.3	24.8	26.3
4960.0	12.3	16.1	17.5	19.0	20.4	21.9	23.3	24.8	26.2
4970.0	12.3	16.0	17.5	19.0	20.4	21.9	23.3	24.8	26.2
4980.0	12.3	16.0	17.5	19.0	20.4	21.9	23.3	24.8	26.2
4990.0	12.3	16.0	17.5	19.0	20.4	21.9	23.3	24.8	26.2
5000.0	12.3	16.1	17.5	19.0	20.4	21.9	23.3	24.8	26.2
