%Time (sec)	TC 0 - Near Chiller	TC 1	TC 2	TC 3	TC 4	TC 5	TC 6	TC 7 	TC 8 - Near Heater						7/2/2021	12:47 PM
0.0	11.9	13.7	14.3	14.9	15.3	15.8	16.3	16.4	16.8
10.0	11.9	13.7	14.3	14.9	15.3	15.7	16.3	16.4	16.8
20.0	11.9	13.7	14.3	14.9	15.3	15.7	16.3	16.4	16.8
30.0	11.9	13.7	14.3	14.9	15.3	15.8	16.3	16.4	16.8
40.0	11.9	13.7	14.3	14.9	15.4	15.8	16.3	16.4	16.8
50.0	11.9	13.7	14.3	14.9	15.3	15.7	16.3	16.4	16.8
60.0	11.9	13.7	14.3	14.9	15.3	15.8	16.3	16.4	16.8
70.0	12.0	13.7	14.3	14.9	15.3	15.7	16.3	16.4	16.8
80.0	12.0	13.7	14.3	14.9	15.4	15.8	16.3	16.4	16.8
90.0	12.0	13.6	14.3	14.9	15.3	15.7	16.3	16.4	16.8
100.0	11.9	13.6	14.3	14.9	15.3	15.7	16.3	16.4	16.8
110.0	11.9	13.6	14.3	14.9	15.3	15.7	16.3	16.4	16.8
120.0	12.0	13.7	14.3	14.9	15.3	15.8	16.3	16.4	16.9
130.0	11.9	13.7	14.3	14.9	15.3	15.7	16.3	16.5	16.9
140.0	12.0	13.7	14.3	14.9	15.3	15.7	16.3	16.5	17.0
150.0	11.9	13.6	14.3	14.9	15.3	15.7	16.3	16.5	17.0
160.0	11.9	13.6	14.3	14.9	15.3	15.7	16.3	16.5	17.1
170.0	11.9	13.7	14.3	14.9	15.3	15.7	16.3	16.5	17.2
180.0	11.9	13.7	14.3	14.9	15.3	15.8	16.3	16.6	17.2
190.0	11.9	13.7	14.3	14.9	15.3	15.8	16.3	16.6	17.3
200.0	11.9	13.7	14.3	14.9	15.3	15.8	16.4	16.7	17.4
210.0	11.9	13.7	14.3	14.9	15.4	15.8	16.4	16.7	17.5
220.0	11.9	13.6	14.3	14.9	15.4	15.8	16.4	16.8	17.6
230.0	11.9	13.7	14.3	14.9	15.4	15.8	16.4	16.8	17.7
240.0	11.9	13.6	14.3	14.9	15.4	15.8	16.5	16.9	17.8
250.0	11.9	13.7	14.3	14.9	15.4	15.9	16.5	17.0	17.9
260.0	11.9	13.7	14.3	14.9	15.4	15.9	16.5	17.0	18.1
270.0	11.9	13.7	14.3	14.9	15.4	15.9	16.5	17.1	18.2
280.0	11.9	13.7	14.3	14.9	15.4	15.9	16.6	17.2	18.3
290.0	11.9	13.7	14.3	14.9	15.4	15.9	16.6	17.2	18.4
300.0	11.9	13.7	14.3	14.9	15.4	16.0	16.7	17.3	18.5
310.0	11.9	13.7	14.3	14.9	15.5	16.0	16.7	17.4	18.6
320.0	11.9	13.7	14.3	14.9	15.5	16.0	16.8	17.5	18.7
330.0	11.9	13.7	14.3	14.9	15.5	16.0	16.8	17.6	18.9
340.0	11.9	13.7	14.3	15.0	15.5	16.1	16.9	17.7	19.0
350.0	11.9	13.7	14.3	15.0	15.5	16.1	16.9	17.8	19.1
360.0	11.9	13.7	14.3	15.0	15.5	16.1	17.0	17.8	19.2
370.0	11.9	13.7	14.3	15.0	15.6	16.2	17.0	17.9	19.4
380.0	11.9	13.7	14.4	15.0	15.6	16.2	17.1	18.0	19.5
390.0	11.9	13.7	14.4	15.0	15.6	16.3	17.2	18.1	19.6
400.0	11.9	13.7	14.4	15.0	15.6	16.3	17.2	18.2	19.7
410.0	11.9	13.7	14.4	15.1	15.7	16.4	17.3	18.3	19.9
420.0	11.9	13.7	14.4	15.1	15.7	16.4	17.3	18.4	20.0
430.0	11.9	13.7	14.4	15.1	15.7	16.5	17.4	18.5	20.1
440.0	11.9	13.7	14.4	15.1	15.8	16.5	17.5	18.6	20.2
450.0	11.9	13.7	14.4	15.1	15.8	16.6	17.5	18.7	20.4
460.0	11.9	13.7	14.4	15.2	15.8	16.6	17.6	18.8	20.5
470.0	11.9	13.7	14.5	15.2	15.9	16.7	17.7	18.9	20.6
480.0	11.9	13.7	14.5	15.2	15.9	16.7	17.7	18.9	20.7
490.0	11.9	13.7	14.5	15.2	15.9	16.8	17.8	19.0	20.8
500.0	11.9	13.7	14.5	15.2	16.0	16.8	17.9	19.1	21.0
510.0	11.9	13.8	14.5	15.3	16.0	16.9	18.0	19.2	21.1
520.0	11.9	13.8	14.5	15.3	16.1	16.9	18.0	19.4	21.2
530.0	11.9	13.8	14.5	15.3	16.1	17.0	18.1	19.4	21.3
540.0	11.9	13.8	14.6	15.3	16.1	17.0	18.2	19.5	21.5
550.0	11.9	13.8	14.6	15.4	16.2	17.1	18.2	19.6	21.6
560.0	11.9	13.8	14.6	15.4	16.2	17.2	18.3	19.7	21.7
570.0	11.9	13.8	14.6	15.4	16.3	17.2	18.4	19.8	21.8
580.0	11.9	13.8	14.6	15.5	16.3	17.3	18.5	19.9	21.9
590.0	11.9	13.9	14.7	15.5	16.3	17.3	18.5	20.0	22.1
600.0	11.9	13.9	14.7	15.5	16.4	17.4	18.6	20.1	22.2
610.0	11.9	13.9	14.7	15.6	16.4	17.4	18.7	20.2	22.3
620.0	11.9	13.9	14.7	15.6	16.5	17.5	18.8	20.3	22.4
630.0	11.9	13.9	14.7	15.6	16.5	17.6	18.8	20.4	22.5
640.0	11.9	13.9	14.8	15.6	16.6	17.6	18.9	20.5	22.6
650.0	11.9	13.9	14.8	15.7	16.6	17.7	19.0	20.6	22.8
660.0	11.9	14.0	14.8	15.7	16.7	17.8	19.1	20.7	22.9
670.0	11.9	14.0	14.8	15.8	16.7	17.8	19.2	20.8	23.0
680.0	11.9	14.0	14.9	15.8	16.8	17.9	19.2	20.9	23.1
690.0	11.9	14.0	14.9	15.8	16.8	17.9	19.3	21.0	23.2
700.0	11.9	14.0	14.9	15.9	16.9	18.0	19.4	21.1	23.3
710.0	11.9	14.0	14.9	15.9	16.9	18.1	19.5	21.2	23.4
720.0	11.9	14.1	15.0	16.0	17.0	18.1	19.5	21.3	23.6
730.0	11.9	14.1	15.0	16.0	17.0	18.2	19.6	21.4	23.7
740.0	11.9	14.1	15.0	16.0	17.1	18.3	19.7	21.5	23.8
750.0	11.9	14.1	15.0	16.1	17.1	18.3	19.8	21.6	23.9
760.0	11.9	14.1	15.1	16.1	17.2	18.4	19.8	21.7	24.0
770.0	11.9	14.2	15.1	16.2	17.2	18.5	19.9	21.8	24.1
780.0	11.9	14.2	15.1	16.2	17.3	18.5	20.0	21.9	24.2
790.0	11.9	14.2	15.2	16.2	17.3	18.6	20.1	22.0	24.3
800.0	11.9	14.2	15.2	16.3	17.4	18.7	20.2	22.1	24.4
810.0	11.9	14.2	15.2	16.3	17.4	18.7	20.2	22.1	24.5
820.0	12.0	14.3	15.2	16.3	17.5	18.8	20.3	22.2	24.6
830.0	11.9	14.3	15.3	16.4	17.5	18.8	20.4	22.3	24.8
840.0	12.0	14.3	15.3	16.4	17.6	18.9	20.5	22.4	24.9
850.0	11.9	14.3	15.3	16.5	17.6	19.0	20.5	22.5	25.0
860.0	11.9	14.3	15.4	16.5	17.7	19.0	20.6	22.6	25.1
870.0	11.9	14.4	15.4	16.6	17.7	19.1	20.7	22.7	25.2
880.0	11.9	14.4	15.4	16.6	17.8	19.2	20.8	22.8	25.3
890.0	11.9	14.4	15.5	16.6	17.8	19.2	20.8	22.9	25.4
900.0	11.9	14.4	15.5	16.7	17.9	19.3	20.9	23.0	25.5
910.0	11.9	14.5	15.5	16.7	17.9	19.4	21.0	23.1	25.6
920.0	11.9	14.5	15.6	16.8	18.0	19.4	21.1	23.2	25.7
930.0	11.9	14.5	15.6	16.8	18.0	19.5	21.1	23.2	25.8
940.0	11.9	14.5	15.6	16.8	18.1	19.6	21.2	23.3	25.9
950.0	11.9	14.5	15.6	16.9	18.1	19.6	21.3	23.4	26.0
960.0	12.0	14.6	15.7	16.9	18.2	19.7	21.4	23.5	26.1
970.0	11.9	14.6	15.7	17.0	18.3	19.8	21.4	23.6	26.2
980.0	11.9	14.6	15.7	17.0	18.3	19.8	21.5	23.7	26.3
990.0	12.0	14.6	15.8	17.1	18.4	19.9	21.6	23.8	26.4
1000.0	12.0	14.7	15.8	17.1	18.4	20.0	21.7	23.9	26.5
1010.0	12.0	14.7	15.8	17.2	18.5	20.0	21.7	23.9	26.6
1020.0	12.0	14.7	15.9	17.2	18.5	20.1	21.8	24.0	26.7
1030.0	12.0	14.7	15.9	17.2	18.6	20.1	21.9	24.1	26.8
1040.0	12.0	14.7	15.9	17.3	18.6	20.2	22.0	24.2	26.9
1050.0	12.0	14.8	16.0	17.3	18.7	20.3	22.0	24.3	27.0
1060.0	12.0	14.8	16.0	17.4	18.7	20.3	22.1	24.4	27.0
1070.0	12.0	14.8	16.0	17.4	18.8	20.4	22.2	24.5	27.1
1080.0	12.0	14.8	16.1	17.4	18.8	20.5	22.2	24.5	27.2
1090.0	12.0	14.9	16.1	17.5	18.9	20.5	22.3	24.6	27.4
1100.0	12.0	14.9	16.1	17.5	19.0	20.6	22.4	24.7	27.4
1110.0	12.0	14.9	16.2	17.6	19.0	20.7	22.5	24.8	27.5
1120.0	12.0	14.9	16.2	17.6	19.1	20.7	22.5	24.9	27.6
1130.0	12.0	15.0	16.2	17.7	19.1	20.8	22.6	25.0	27.7
1140.0	12.0	15.0	16.3	17.7	19.2	20.9	22.7	25.0	27.8
1150.0	11.9	15.0	16.3	17.7	19.2	20.9	22.8	25.1	27.9
1160.0	12.0	15.0	16.3	17.8	19.3	21.0	22.8	25.2	28.0
1170.0	12.0	15.1	16.4	17.8	19.3	21.0	22.9	25.3	28.1
1180.0	12.0	15.1	16.4	17.9	19.4	21.1	23.0	25.4	28.2
1190.0	12.0	15.1	16.5	17.9	19.4	21.2	23.0	25.4	28.2
1200.0	12.0	15.1	16.5	18.0	19.5	21.2	23.1	25.5	28.3
1210.0	12.0	15.2	16.5	18.0	19.5	21.3	23.2	25.6	28.4
1220.0	12.0	15.2	16.5	18.1	19.6	21.3	23.2	25.7	28.5
1230.0	12.0	15.2	16.6	18.1	19.6	21.4	23.3	25.8	28.6
1240.0	12.0	15.2	16.6	18.1	19.7	21.5	23.4	25.8	28.7
1250.0	12.0	15.3	16.6	18.2	19.7	21.5	23.4	25.9	28.8
1260.0	12.0	15.3	16.7	18.2	19.8	21.6	23.5	26.0	28.8
1270.0	12.0	15.3	16.7	18.3	19.8	21.7	23.6	26.1	28.9
1280.0	12.0	15.3	16.8	18.3	19.9	21.7	23.7	26.2	29.0
1290.0	12.0	15.4	16.8	18.4	20.0	21.8	23.7	26.2	29.1
1300.0	12.0	15.4	16.8	18.4	20.0	21.8	23.8	26.3	29.2
1310.0	12.0	15.4	16.8	18.4	20.1	21.9	23.9	26.4	29.3
1320.0	12.0	15.4	16.9	18.5	20.1	22.0	23.9	26.5	29.3
1330.0	12.0	15.5	16.9	18.5	20.2	22.0	24.0	26.5	29.4
1340.0	12.0	15.5	16.9	18.6	20.2	22.1	24.1	26.6	29.5
1350.0	12.0	15.5	17.0	18.6	20.3	22.1	24.1	26.7	29.6
1360.0	12.0	15.5	17.0	18.7	20.3	22.2	24.2	26.8	29.7
1370.0	11.9	15.6	17.0	18.7	20.4	22.3	24.2	26.8	29.7
1380.0	12.0	15.6	17.1	18.7	20.4	22.3	24.3	26.9	29.8
1390.0	12.0	15.6	17.1	18.8	20.5	22.4	24.4	27.0	29.9
1400.0	11.9	15.6	17.1	18.8	20.5	22.4	24.4	27.1	30.0
1410.0	12.0	15.6	17.2	18.9	20.6	22.5	24.5	27.1	30.1
1420.0	12.0	15.7	17.2	18.9	20.6	22.6	24.6	27.2	30.2
1430.0	12.0	15.7	17.2	19.0	20.7	22.6	24.6	27.3	30.2
1440.0	12.0	15.7	17.3	19.0	20.7	22.7	24.7	27.4	30.3
1450.0	12.0	15.7	17.3	19.0	20.8	22.7	24.8	27.4	30.4
1460.0	12.0	15.8	17.3	19.1	20.8	22.8	24.8	27.5	30.5
1470.0	12.0	15.8	17.4	19.1	20.9	22.8	24.9	27.6	30.5
1480.0	12.0	15.8	17.4	19.1	20.9	22.9	25.0	27.6	30.6
1490.0	12.0	15.8	17.4	19.2	21.0	22.9	25.0	27.7	30.7
1500.0	12.0	15.8	17.4	19.2	21.0	23.0	25.1	27.8	30.8
1510.0	12.0	15.9	17.5	19.3	21.0	23.1	25.1	27.8	30.8
1520.0	12.0	15.9	17.5	19.3	21.1	23.1	25.2	27.9	30.9
1530.0	12.0	15.9	17.5	19.3	21.1	23.2	25.3	28.0	31.0
1540.0	12.0	16.0	17.6	19.4	21.2	23.2	25.3	28.1	31.1
1550.0	12.0	16.0	17.6	19.4	21.2	23.3	25.4	28.1	31.1
1560.0	12.0	16.0	17.6	19.5	21.3	23.3	25.4	28.2	31.2
1570.0	12.0	16.0	17.7	19.5	21.3	23.4	25.5	28.3	31.3
1580.0	11.9	16.0	17.7	19.5	21.4	23.4	25.6	28.3	31.4
1590.0	12.0	16.1	17.7	19.6	21.4	23.5	25.6	28.4	31.4
1600.0	12.0	16.1	17.8	19.6	21.5	23.6	25.7	28.5	31.5
1610.0	12.0	16.1	17.8	19.7	21.5	23.6	25.7	28.5	31.6
1620.0	12.0	16.1	17.8	19.7	21.6	23.6	25.8	28.6	31.6
1630.0	11.9	16.1	17.8	19.7	21.6	23.7	25.8	28.6	31.7
1640.0	12.0	16.2	17.9	19.8	21.7	23.8	25.9	28.7	31.8
1650.0	12.0	16.2	17.9	19.8	21.7	23.8	26.0	28.8	31.9
1660.0	12.0	16.2	18.0	19.9	21.8	23.9	26.0	28.8	31.9
1670.0	12.0	16.3	18.0	19.9	21.8	23.9	26.1	28.9	32.0
1680.0	12.0	16.3	18.0	19.9	21.8	24.0	26.2	29.0	32.1
1690.0	11.9	16.3	18.0	20.0	21.9	24.0	26.2	29.0	32.1
1700.0	12.0	16.3	18.1	20.0	21.9	24.1	26.3	29.1	32.2
1710.0	12.0	16.3	18.1	20.0	22.0	24.1	26.3	29.2	32.3
1720.0	12.0	16.4	18.1	20.1	22.0	24.2	26.4	29.2	32.3
1730.0	12.0	16.4	18.2	20.1	22.1	24.2	26.4	29.3	32.4
1740.0	12.0	16.4	18.2	20.2	22.1	24.3	26.5	29.4	32.5
1750.0	12.0	16.4	18.2	20.2	22.1	24.3	26.5	29.4	32.6
1760.0	12.0	16.4	18.2	20.2	22.2	24.4	26.6	29.5	32.6
1770.0	12.0	16.5	18.3	20.3	22.2	24.4	26.6	29.5	32.7
1780.0	12.0	16.5	18.3	20.3	22.3	24.5	26.7	29.6	32.7
1790.0	12.0	16.5	18.3	20.3	22.3	24.5	26.8	29.7	32.8
1800.0	12.0	16.5	18.4	20.4	22.4	24.6	26.8	29.7	32.9
1810.0	12.0	16.6	18.4	20.4	22.4	24.6	26.9	29.8	32.9
1820.0	12.0	16.6	18.4	20.5	22.4	24.7	26.9	29.8	33.0
1830.0	12.0	16.6	18.5	20.5	22.5	24.7	27.0	29.9	33.1
1840.0	12.0	16.6	18.5	20.5	22.5	24.8	27.0	30.0	33.1
1850.0	12.0	16.6	18.5	20.5	22.6	24.8	27.1	30.0	33.2
1860.0	12.0	16.7	18.5	20.6	22.6	24.9	27.1	30.1	33.3
1870.0	12.0	16.7	18.6	20.6	22.7	24.9	27.2	30.1	33.3
1880.0	12.0	16.7	18.6	20.7	22.7	25.0	27.2	30.2	33.4
1890.0	12.0	16.7	18.6	20.7	22.8	25.0	27.3	30.3	33.5
1900.0	12.0	16.7	18.6	20.7	22.8	25.1	27.3	30.3	33.5
1910.0	12.0	16.8	18.7	20.8	22.8	25.1	27.4	30.4	33.6
1920.0	12.0	16.8	18.7	20.8	22.9	25.2	27.4	30.4	33.6
1930.0	12.0	16.8	18.7	20.8	22.9	25.2	27.5	30.5	33.7
1940.0	12.0	16.8	18.8	20.9	22.9	25.2	27.5	30.5	33.8
1950.0	12.0	16.8	18.8	20.9	23.0	25.3	27.6	30.6	33.8
1960.0	12.0	16.9	18.8	20.9	23.0	25.3	27.6	30.6	33.9
1970.0	12.0	16.9	18.8	21.0	23.1	25.4	27.7	30.7	33.9
1980.0	12.0	16.9	18.9	21.0	23.1	25.4	27.7	30.8	34.0
1990.0	12.0	16.9	18.9	21.0	23.1	25.5	27.8	30.8	34.0
2000.0	12.0	16.9	18.9	21.1	23.2	25.5	27.9	30.9	34.1
2010.0	12.0	17.0	18.9	21.1	23.2	25.6	27.9	30.9	34.2
2020.0	12.0	17.0	19.0	21.1	23.3	25.6	27.9	31.0	34.2
2030.0	12.0	17.0	19.0	21.2	23.3	25.6	28.0	31.0	34.3
2040.0	12.0	17.0	19.0	21.2	23.3	25.7	28.0	31.1	34.3
2050.0	12.0	17.0	19.0	21.2	23.4	25.7	28.1	31.1	34.4
2060.0	12.0	17.1	19.1	21.3	23.4	25.8	28.1	31.2	34.5
2070.0	12.0	17.1	19.1	21.3	23.5	25.8	28.2	31.3	34.5
2080.0	12.0	17.1	19.1	21.3	23.5	25.9	28.2	31.3	34.6
2090.0	11.9	17.1	19.1	21.4	23.5	25.9	28.3	31.4	34.6
2100.0	12.0	17.1	19.2	21.4	23.6	26.0	28.3	31.4	34.7
2110.0	12.0	17.1	19.2	21.4	23.6	26.0	28.4	31.5	34.7
2120.0	11.9	17.2	19.2	21.4	23.6	26.0	28.4	31.5	34.8
2130.0	12.0	17.2	19.2	21.5	23.7	26.1	28.5	31.6	34.8
2140.0	12.0	17.2	19.3	21.5	23.7	26.1	28.5	31.6	34.9
2150.0	12.0	17.2	19.3	21.5	23.8	26.2	28.5	31.7	35.0
2160.0	12.0	17.2	19.3	21.6	23.8	26.2	28.6	31.7	35.0
2170.0	12.0	17.3	19.3	21.6	23.8	26.3	28.6	31.8	35.1
2180.0	12.0	17.3	19.4	21.6	23.9	26.3	28.7	31.8	35.1
2190.0	12.0	17.3	19.4	21.7	23.9	26.3	28.7	31.9	35.2
2200.0	12.0	17.3	19.4	21.7	23.9	26.4	28.8	31.9	35.2
2210.0	12.0	17.3	19.4	21.7	24.0	26.4	28.8	32.0	35.3
2220.0	12.0	17.4	19.5	21.8	24.0	26.4	28.9	32.0	35.3
2230.0	12.0	17.4	19.5	21.8	24.0	26.5	28.9	32.1	35.4
2240.0	12.0	17.4	19.5	21.8	24.1	26.5	29.0	32.1	35.4
2250.0	12.0	17.4	19.5	21.8	24.1	26.6	29.0	32.2	35.5
2260.0	12.0	17.4	19.6	21.9	24.2	26.6	29.1	32.2	35.5
2270.0	12.0	17.4	19.6	21.9	24.2	26.7	29.1	32.3	35.6
2280.0	12.0	17.5	19.6	21.9	24.2	26.7	29.1	32.3	35.6
2290.0	12.0	17.5	19.6	22.0	24.2	26.7	29.2	32.4	35.7
2300.0	12.0	17.5	19.6	22.0	24.3	26.8	29.2	32.4	35.7
2310.0	12.0	17.5	19.7	22.0	24.3	26.8	29.2	32.4	35.8
2320.0	12.0	17.5	19.7	22.1	24.4	26.8	29.3	32.5	35.9
2330.0	12.0	17.6	19.7	22.1	24.4	26.9	29.3	32.5	35.9
2340.0	12.0	17.6	19.7	22.1	24.4	26.9	29.4	32.6	35.9
2350.0	12.0	17.6	19.8	22.1	24.4	26.9	29.4	32.6	36.0
2360.0	12.0	17.6	19.8	22.2	24.5	27.0	29.5	32.7	36.1
2370.0	12.0	17.6	19.8	22.2	24.5	27.0	29.5	32.7	36.1
2380.0	12.0	17.6	19.8	22.2	24.6	27.1	29.5	32.8	36.1
2390.0	12.0	17.6	19.9	22.3	24.6	27.1	29.6	32.8	36.2
2400.0	12.0	17.7	19.9	22.3	24.6	27.1	29.6	32.9	36.2
2410.0	12.0	17.7	19.9	22.3	24.7	27.2	29.7	32.9	36.3
2420.0	12.0	17.7	19.9	22.3	24.7	27.2	29.7	32.9	36.3
2430.0	12.0	17.7	19.9	22.4	24.7	27.3	29.7	33.0	36.4
2440.0	12.0	17.7	20.0	22.4	24.7	27.3	29.8	33.1	36.4
2450.0	12.0	17.8	20.0	22.4	24.8	27.3	29.8	33.1	36.5
2460.0	12.0	17.8	20.0	22.5	24.8	27.4	29.9	33.1	36.5
2470.0	12.0	17.8	20.0	22.5	24.8	27.4	29.9	33.2	36.6
2480.0	12.0	17.8	20.1	22.5	24.9	27.4	29.9	33.2	36.6
2490.0	12.0	17.8	20.1	22.5	24.9	27.5	30.0	33.3	36.7
2500.0	12.0	17.8	20.1	22.6	24.9	27.5	30.0	33.3	36.7
2510.0	12.0	17.8	20.1	22.6	25.0	27.5	30.1	33.3	36.7
2520.0	12.0	17.8	20.1	22.6	25.0	27.6	30.1	33.4	36.8
2530.0	12.0	17.9	20.2	22.6	25.0	27.6	30.1	33.4	36.8
2540.0	12.0	17.9	20.2	22.6	25.1	27.6	30.2	33.5	36.9
2550.0	12.0	17.9	20.2	22.7	25.1	27.7	30.2	33.5	36.9
2560.0	12.0	17.9	20.2	22.7	25.1	27.7	30.3	33.6	37.0
2570.0	12.0	17.9	20.2	22.7	25.1	27.7	30.3	33.6	37.0
2580.0	12.0	18.0	20.3	22.8	25.2	27.8	30.3	33.6	37.1
2590.0	12.0	18.0	20.3	22.8	25.2	27.8	30.4	33.7	37.1
2600.0	12.0	18.0	20.3	22.8	25.2	27.9	30.4	33.7	37.1
2610.0	12.0	18.0	20.3	22.8	25.3	27.9	30.4	33.8	37.2
2620.0	12.0	18.0	20.3	22.9	25.3	27.9	30.5	33.8	37.2
2630.0	12.0	18.0	20.4	22.9	25.3	27.9	30.5	33.9	37.3
2640.0	12.0	18.0	20.4	22.9	25.4	28.0	30.5	33.9	37.3
2650.0	12.0	18.1	20.4	22.9	25.4	28.0	30.6	33.9	37.4
2660.0	12.0	18.1	20.4	23.0	25.4	28.1	30.6	34.0	37.4
2670.0	12.0	18.1	20.4	23.0	25.4	28.1	30.6	34.0	37.5
2680.0	12.0	18.1	20.5	23.0	25.5	28.1	30.7	34.0	37.5
2690.0	12.0	18.1	20.5	23.0	25.5	28.2	30.7	34.1	37.5
2700.0	12.0	18.1	20.5	23.1	25.5	28.2	30.8	34.1	37.6
2710.0	12.0	18.1	20.5	23.1	25.6	28.2	30.8	34.2	37.6
2720.0	12.0	18.2	20.5	23.1	25.6	28.2	30.8	34.2	37.7
2730.0	12.0	18.2	20.5	23.1	25.6	28.3	30.9	34.2	37.7
2740.0	12.0	18.2	20.6	23.2	25.7	28.3	30.9	34.3	37.7
2750.0	12.0	18.2	20.6	23.2	25.7	28.3	30.9	34.3	37.8
2760.0	12.0	18.2	20.6	23.2	25.7	28.4	31.0	34.4	37.8
2770.0	12.0	18.2	20.6	23.2	25.7	28.4	31.0	34.4	37.9
2780.0	12.0	18.3	20.7	23.2	25.7	28.4	31.0	34.4	37.9
2790.0	12.0	18.3	20.7	23.3	25.8	28.4	31.1	34.5	37.9
2800.0	12.0	18.3	20.7	23.3	25.8	28.5	31.1	34.5	38.0
2810.0	12.0	18.3	20.7	23.3	25.8	28.5	31.1	34.5	38.0
2820.0	12.0	18.3	20.7	23.3	25.9	28.6	31.2	34.6	38.1
2830.0	12.0	18.3	20.7	23.4	25.9	28.6	31.2	34.6	38.1
2840.0	12.0	18.3	20.8	23.4	25.9	28.6	31.2	34.6	38.1
2850.0	12.0	18.3	20.8	23.4	25.9	28.6	31.3	34.7	38.2
2860.0	12.0	18.4	20.8	23.4	26.0	28.7	31.3	34.7	38.2
2870.0	12.0	18.4	20.8	23.5	26.0	28.7	31.3	34.8	38.3
2880.0	12.0	18.4	20.8	23.5	26.0	28.7	31.4	34.8	38.3
2890.0	12.0	18.4	20.8	23.5	26.1	28.8	31.4	34.8	38.3
2900.0	12.0	18.4	20.9	23.5	26.1	28.8	31.4	34.9	38.4
2910.0	12.0	18.4	20.9	23.5	26.1	28.8	31.4	34.9	38.4
2920.0	12.0	18.4	20.9	23.5	26.1	28.8	31.5	34.9	38.4
2930.0	12.0	18.4	20.9	23.6	26.1	28.9	31.5	35.0	38.5
2940.0	12.0	18.5	20.9	23.6	26.2	28.9	31.5	35.0	38.5
2950.0	12.0	18.5	20.9	23.6	26.2	28.9	31.6	35.0	38.5
2960.0	12.0	18.5	21.0	23.6	26.2	29.0	31.6	35.1	38.6
2970.0	12.0	18.5	21.0	23.7	26.2	29.0	31.6	35.1	38.6
2980.0	12.0	18.5	21.0	23.7	26.3	29.0	31.7	35.1	38.7
2990.0	12.0	18.5	21.0	23.7	26.3	29.0	31.7	35.2	38.7
3000.0	12.0	18.5	21.0	23.7	26.3	29.1	31.7	35.2	38.7
3010.0	12.0	18.6	21.0	23.7	26.3	29.1	31.7	35.2	38.8
3020.0	12.0	18.6	21.1	23.8	26.4	29.1	31.8	35.3	38.8
3030.0	12.0	18.6	21.1	23.8	26.4	29.2	31.8	35.3	38.8
3040.0	12.0	18.6	21.1	23.8	26.4	29.2	31.8	35.3	38.9
3050.0	12.0	18.6	21.1	23.8	26.4	29.2	31.9	35.4	38.9
3060.0	12.0	18.6	21.1	23.8	26.5	29.2	31.9	35.4	38.9
3070.0	12.0	18.6	21.1	23.9	26.5	29.3	31.9	35.4	39.0
3080.0	12.0	18.6	21.2	23.9	26.5	29.3	32.0	35.5	39.0
3090.0	12.0	18.7	21.2	23.9	26.5	29.3	32.0	35.5	39.0
3100.0	12.0	18.7	21.2	23.9	26.6	29.3	32.0	35.5	39.1
3110.0	12.0	18.7	21.2	23.9	26.6	29.4	32.0	35.6	39.1
3120.0	12.0	18.7	21.2	24.0	26.6	29.4	32.1	35.6	39.1
3130.0	12.0	18.7	21.3	24.0	26.6	29.4	32.1	35.6	39.2
3140.0	12.0	18.7	21.2	24.0	26.6	29.4	32.1	35.6	39.2
3150.0	12.0	18.7	21.3	24.0	26.7	29.5	32.2	35.7	39.2
3160.0	12.0	18.7	21.3	24.0	26.7	29.5	32.2	35.7	39.3
3170.0	12.0	18.7	21.3	24.1	26.7	29.5	32.2	35.8	39.3
3180.0	12.0	18.8	21.3	24.1	26.7	29.5	32.2	35.8	39.3
3190.0	12.0	18.8	21.3	24.1	26.8	29.6	32.3	35.8	39.4
3200.0	12.0	18.8	21.4	24.1	26.8	29.6	32.3	35.8	39.4
3210.0	12.0	18.8	21.4	24.1	26.8	29.6	32.3	35.9	39.4
3220.0	12.0	18.8	21.4	24.2	26.8	29.6	32.4	35.9	39.5
3230.0	12.0	18.8	21.4	24.2	26.8	29.7	32.4	35.9	39.5
3240.0	12.0	18.8	21.4	24.2	26.9	29.7	32.4	36.0	39.5
3250.0	12.0	18.8	21.4	24.2	26.9	29.7	32.4	36.0	39.6
3260.0	12.0	18.8	21.4	24.2	26.9	29.7	32.5	36.0	39.6
3270.0	12.0	18.8	21.5	24.2	26.9	29.8	32.5	36.0	39.6
3280.0	12.0	18.9	21.5	24.3	26.9	29.8	32.5	36.1	39.7
3290.0	12.0	18.9	21.5	24.3	27.0	29.8	32.5	36.1	39.7
3300.0	12.0	18.9	21.5	24.3	27.0	29.8	32.6	36.1	39.7
3310.0	12.0	18.9	21.5	24.3	27.0	29.9	32.6	36.2	39.7
3320.0	12.0	18.9	21.5	24.3	27.0	29.9	32.6	36.2	39.8
3330.0	12.0	18.9	21.5	24.3	27.0	29.9	32.6	36.2	39.8
3340.0	12.0	18.9	21.6	24.4	27.1	29.9	32.7	36.3	39.8
3350.0	12.0	19.0	21.6	24.4	27.1	30.0	32.7	36.3	39.9
3360.0	12.0	18.9	21.6	24.4	27.1	30.0	32.7	36.3	39.9
3370.0	12.0	19.0	21.6	24.4	27.1	30.0	32.7	36.3	39.9
3380.0	12.0	19.0	21.6	24.4	27.2	30.0	32.8	36.4	40.0
3390.0	12.0	19.0	21.6	24.5	27.2	30.0	32.8	36.4	40.0
3400.0	12.0	19.0	21.6	24.5	27.2	30.1	32.8	36.4	40.0
3410.0	12.0	19.0	21.7	24.5	27.2	30.1	32.8	36.4	40.1
3420.0	12.0	19.0	21.7	24.5	27.2	30.1	32.9	36.5	40.1
3430.0	12.0	19.0	21.7	24.5	27.3	30.1	32.9	36.5	40.1
3440.0	12.0	19.0	21.7	24.6	27.3	30.2	32.9	36.5	40.1
3450.0	12.0	19.1	21.7	24.6	27.3	30.2	32.9	36.6	40.2
3460.0	12.0	19.1	21.7	24.6	27.3	30.2	33.0	36.6	40.2
3470.0	12.0	19.1	21.7	24.6	27.3	30.2	33.0	36.6	40.2
3480.0	12.0	19.1	21.8	24.6	27.4	30.3	33.0	36.6	40.3
3490.0	12.0	19.1	21.8	24.6	27.4	30.3	33.0	36.7	40.3
3500.0	12.0	19.1	21.8	24.6	27.4	30.3	33.1	36.7	40.3
3510.0	12.0	19.1	21.8	24.7	27.4	30.3	33.1	36.7	40.3
3520.0	12.0	19.1	21.8	24.7	27.4	30.3	33.1	36.7	40.4
3530.0	12.0	19.1	21.8	24.7	27.5	30.4	33.1	36.8	40.4
3540.0	12.0	19.1	21.8	24.7	27.5	30.4	33.1	36.8	40.4
3550.0	12.0	19.1	21.8	24.7	27.5	30.4	33.2	36.8	40.4
3560.0	12.0	19.2	21.8	24.7	27.5	30.4	33.2	36.8	40.5
3570.0	12.0	19.2	21.9	24.8	27.5	30.5	33.2	36.9	40.5
3580.0	12.0	19.2	21.9	24.8	27.5	30.5	33.2	36.9	40.5
3590.0	12.0	19.2	21.9	24.8	27.6	30.5	33.3	36.9	40.6
3600.0	12.0	19.2	21.9	24.8	27.6	30.5	33.3	36.9	40.6
3610.0	12.0	19.2	21.9	24.8	27.6	30.5	33.3	37.0	40.6
3620.0	12.0	19.2	21.9	24.8	27.6	30.5	33.3	37.0	40.6
3630.0	12.0	19.2	21.9	24.8	27.6	30.6	33.4	37.0	40.6
3640.0	12.0	19.2	22.0	24.9	27.7	30.6	33.4	37.0	40.7
3650.0	12.0	19.2	22.0	24.9	27.7	30.6	33.4	37.1	40.7
3660.0	12.0	19.3	22.0	24.9	27.7	30.6	33.4	37.1	40.7
3670.0	12.0	19.3	22.0	24.9	27.7	30.6	33.4	37.1	40.8
3680.0	12.0	19.3	22.0	24.9	27.7	30.7	33.5	37.1	40.8
3690.0	12.0	19.3	22.0	24.9	27.7	30.7	33.5	37.2	40.8
3700.0	12.0	19.3	22.0	25.0	27.7	30.7	33.5	37.2	40.8
3710.0	12.0	19.3	22.0	25.0	27.8	30.7	33.5	37.2	40.9
3720.0	12.0	19.3	22.1	25.0	27.8	30.7	33.5	37.2	40.9
3730.0	12.0	19.3	22.1	25.0	27.8	30.8	33.6	37.3	40.9
3740.0	12.0	19.3	22.1	25.0	27.8	30.8	33.6	37.3	40.9
3750.0	12.0	19.3	22.1	25.0	27.8	30.8	33.6	37.3	41.0
3760.0	12.0	19.3	22.1	25.0	27.9	30.8	33.6	37.3	41.0
3770.0	12.0	19.3	22.1	25.1	27.9	30.8	33.6	37.3	41.0
3780.0	12.0	19.4	22.1	25.1	27.9	30.9	33.7	37.4	41.0
3790.0	12.0	19.4	22.1	25.1	27.9	30.9	33.7	37.4	41.1
3800.0	12.0	19.4	22.1	25.1	27.9	30.9	33.7	37.4	41.1
3810.0	12.0	19.4	22.1	25.1	27.9	30.9	33.7	37.4	41.1
3820.0	12.0	19.4	22.2	25.1	28.0	30.9	33.8	37.5	41.1
3830.0	12.0	19.4	22.2	25.2	28.0	30.9	33.8	37.5	41.2
3840.0	12.0	19.4	22.2	25.2	28.0	31.0	33.8	37.5	41.2
3850.0	12.0	19.4	22.2	25.2	28.0	31.0	33.8	37.5	41.2
3860.0	12.0	19.4	22.2	25.2	28.0	31.0	33.8	37.6	41.2
3870.0	12.0	19.4	22.2	25.2	28.0	31.0	33.9	37.6	41.2
3880.0	12.0	19.4	22.2	25.2	28.1	31.0	33.9	37.6	41.3
3890.0	12.0	19.4	22.3	25.2	28.1	31.1	33.9	37.6	41.3
3900.0	12.0	19.5	22.2	25.2	28.1	31.1	33.9	37.6	41.3
3910.0	12.0	19.5	22.3	25.3	28.1	31.1	33.9	37.6	41.3
3920.0	12.0	19.5	22.3	25.3	28.1	31.1	33.9	37.7	41.4
3930.0	12.0	19.5	22.3	25.3	28.1	31.1	34.0	37.7	41.4
3940.0	12.0	19.5	22.3	25.3	28.1	31.1	34.0	37.7	41.4
3950.0	12.0	19.5	22.3	25.3	28.2	31.2	34.0	37.7	41.4
3960.0	12.0	19.5	22.3	25.3	28.2	31.2	34.0	37.8	41.4
3970.0	12.0	19.5	22.3	25.3	28.2	31.2	34.0	37.8	41.5
3980.0	12.0	19.5	22.4	25.3	28.2	31.2	34.1	37.8	41.5
3990.0	12.0	19.5	22.3	25.4	28.2	31.2	34.1	37.8	41.5
4000.0	12.0	19.5	22.4	25.4	28.2	31.3	34.1	37.8	41.5
4010.0	12.0	19.6	22.4	25.4	28.2	31.3	34.1	37.9	41.6
4020.0	12.0	19.6	22.4	25.4	28.3	31.3	34.1	37.9	41.6
4030.0	12.0	19.6	22.4	25.4	28.3	31.3	34.1	37.9	41.6
4040.0	12.0	19.6	22.4	25.4	28.3	31.3	34.2	37.9	41.6
4050.0	12.0	19.6	22.4	25.4	28.3	31.3	34.2	37.9	41.6
4060.0	12.0	19.6	22.4	25.4	28.3	31.3	34.2	38.0	41.7
4070.0	12.0	19.6	22.4	25.4	28.4	31.4	34.2	38.0	41.7
4080.0	12.0	19.6	22.4	25.5	28.4	31.4	34.2	38.0	41.7
4090.0	12.0	19.6	22.5	25.5	28.4	31.4	34.3	38.0	41.7
4100.0	12.0	19.6	22.5	25.5	28.4	31.4	34.3	38.0	41.7
4110.0	12.0	19.6	22.5	25.5	28.4	31.4	34.3	38.1	41.8
4120.0	12.0	19.6	22.5	25.5	28.4	31.4	34.3	38.1	41.8
4130.0	12.0	19.6	22.5	25.5	28.4	31.5	34.3	38.1	41.8
4140.0	12.0	19.6	22.5	25.5	28.4	31.5	34.3	38.1	41.8
4150.0	12.0	19.7	22.5	25.5	28.4	31.5	34.4	38.1	41.9
4160.0	12.0	19.7	22.5	25.6	28.5	31.5	34.4	38.2	41.9
4170.0	12.0	19.7	22.5	25.6	28.5	31.5	34.4	38.2	41.9
4180.0	12.0	19.7	22.5	25.6	28.5	31.5	34.4	38.2	41.9
4190.0	12.0	19.7	22.5	25.6	28.5	31.5	34.4	38.2	41.9
4200.0	12.0	19.7	22.6	25.6	28.5	31.6	34.4	38.2	42.0
4210.0	12.0	19.7	22.6	25.6	28.5	31.6	34.5	38.2	42.0
4220.0	12.0	19.7	22.6	25.6	28.5	31.6	34.5	38.3	42.0
4230.0	12.0	19.7	22.6	25.6	28.6	31.6	34.5	38.3	42.0
4240.0	12.0	19.7	22.6	25.6	28.6	31.6	34.5	38.3	42.0
4250.0	12.0	19.7	22.6	25.7	28.6	31.7	34.5	38.3	42.1
4260.0	12.0	19.7	22.6	25.7	28.6	31.7	34.5	38.3	42.1
4270.0	12.0	19.7	22.6	25.7	28.6	31.7	34.5	38.3	42.1
4280.0	12.0	19.7	22.6	25.7	28.6	31.7	34.6	38.4	42.1
4290.0	12.0	19.8	22.6	25.7	28.7	31.7	34.6	38.4	42.1
4300.0	12.0	19.8	22.7	25.7	28.6	31.7	34.6	38.4	42.1
4310.0	12.0	19.8	22.7	25.7	28.7	31.7	34.6	38.4	42.1
4320.0	12.0	19.8	22.7	25.7	28.7	31.7	34.6	38.4	42.2
4330.0	12.0	19.8	22.7	25.8	28.7	31.8	34.6	38.5	42.2
4340.0	12.0	19.8	22.7	25.8	28.7	31.8	34.6	38.5	42.2
4350.0	12.0	19.8	22.7	25.8	28.7	31.8	34.7	38.5	42.2
4360.0	12.0	19.8	22.7	25.8	28.7	31.8	34.7	38.5	42.3
4370.0	12.0	19.8	22.7	25.8	28.7	31.8	34.7	38.5	42.3
4380.0	12.0	19.8	22.7	25.8	28.7	31.8	34.7	38.5	42.3
4390.0	12.0	19.8	22.7	25.8	28.8	31.8	34.7	38.6	42.3
4400.0	12.0	19.8	22.7	25.8	28.8	31.9	34.7	38.6	42.3
4410.0	12.0	19.8	22.7	25.8	28.8	31.9	34.8	38.6	42.3
4420.0	12.0	19.8	22.8	25.9	28.8	31.9	34.8	38.6	42.4
4430.0	12.0	19.8	22.7	25.8	28.8	31.9	34.8	38.6	42.4
4440.0	12.0	19.8	22.8	25.9	28.8	31.9	34.8	38.6	42.4
4450.0	12.0	19.9	22.8	25.9	28.8	31.9	34.8	38.7	42.4
4460.0	12.0	19.8	22.8	25.9	28.8	31.9	34.8	38.7	42.4
4470.0	12.0	19.9	22.8	25.9	28.9	32.0	34.9	38.7	42.4
4480.0	12.0	19.9	22.8	25.9	28.9	32.0	34.9	38.7	42.5
4490.0	12.0	19.9	22.8	25.9	28.9	32.0	34.9	38.7	42.5
4500.0	12.0	19.9	22.8	25.9	28.9	32.0	34.9	38.7	42.5
4510.0	12.0	19.9	22.8	25.9	28.9	32.0	34.9	38.8	42.5
4520.0	12.0	19.9	22.8	25.9	28.9	32.0	34.9	38.8	42.5
4530.0	12.0	19.9	22.8	26.0	28.9	32.0	34.9	38.8	42.5
4540.0	12.0	19.9	22.8	26.0	28.9	32.0	34.9	38.8	42.6
4550.0	12.0	19.9	22.8	26.0	29.0	32.1	35.0	38.8	42.6
4560.0	12.0	19.9	22.9	26.0	29.0	32.1	35.0	38.8	42.6
4570.0	12.0	19.9	22.9	26.0	29.0	32.1	35.0	38.9	42.6
4580.0	12.0	19.9	22.9	26.0	29.0	32.1	35.0	38.9	42.6
4590.0	12.0	19.9	22.9	26.0	29.0	32.1	35.0	38.9	42.6
4600.0	12.0	19.9	22.9	26.0	29.0	32.1	35.0	38.9	42.7
4610.0	12.0	19.9	22.9	26.0	29.0	32.1	35.0	38.9	42.7
4620.0	12.0	19.9	22.9	26.1	29.0	32.1	35.1	38.9	42.7
4630.0	12.0	20.0	22.9	26.0	29.0	32.2	35.1	39.0	42.7
4640.0	12.0	20.0	22.9	26.1	29.1	32.2	35.1	39.0	42.7
4650.0	12.0	20.0	22.9	26.1	29.0	32.2	35.1	39.0	42.7
4660.0	12.0	20.0	22.9	26.1	29.1	32.2	35.1	39.0	42.8
4670.0	12.0	20.0	22.9	26.1	29.1	32.2	35.1	39.0	42.8
4680.0	12.0	20.0	22.9	26.1	29.1	32.2	35.1	39.0	42.8
4690.0	12.1	20.0	23.0	26.1	29.1	32.2	35.1	39.0	42.8
4700.0	12.0	20.0	23.0	26.1	29.1	32.3	35.2	39.0	42.8
4710.0	12.1	20.0	23.0	26.1	29.1	32.3	35.2	39.1	42.8
4720.0	12.0	20.0	23.0	26.1	29.1	32.3	35.2	39.1	42.8
4730.0	12.0	20.0	23.0	26.1	29.2	32.3	35.2	39.1	42.9
4740.0	12.0	20.0	23.0	26.1	29.1	32.3	35.2	39.1	42.9
4750.0	12.0	20.0	23.0	26.2	29.2	32.3	35.2	39.1	42.9
4760.0	12.0	20.0	23.0	26.2	29.2	32.3	35.2	39.1	42.9
4770.0	12.0	20.0	23.0	26.2	29.2	32.3	35.2	39.1	42.9
4780.0	12.0	20.0	23.0	26.2	29.2	32.3	35.3	39.2	42.9
4790.0	12.0	20.0	23.0	26.2	29.2	32.3	35.3	39.2	42.9
4800.0	12.0	20.0	23.0	26.2	29.2	32.3	35.3	39.2	43.0
4810.0	12.0	20.0	23.0	26.2	29.2	32.4	35.3	39.2	43.0
4820.0	12.0	20.1	23.0	26.2	29.2	32.4	35.3	39.2	43.0
4830.0	12.0	20.1	23.0	26.2	29.2	32.4	35.3	39.2	43.0
4840.0	12.0	20.1	23.1	26.2	29.3	32.4	35.3	39.2	43.0
4850.0	12.0	20.1	23.1	26.2	29.3	32.4	35.3	39.2	43.0
4860.0	12.0	20.1	23.1	26.2	29.3	32.4	35.3	39.2	43.0
4870.0	12.0	20.1	23.1	26.3	29.3	32.4	35.4	39.3	43.1
4880.0	12.0	20.1	23.1	26.3	29.3	32.4	35.4	39.3	43.1
4890.0	12.0	20.1	23.1	26.3	29.3	32.5	35.4	39.3	43.1
4900.0	12.0	20.1	23.1	26.3	29.3	32.5	35.4	39.3	43.1
4910.0	12.0	20.1	23.1	26.3	29.3	32.5	35.4	39.3	43.1
4920.0	12.0	20.1	23.1	26.3	29.3	32.5	35.4	39.3	43.1
4930.0	12.0	20.1	23.1	26.3	29.3	32.5	35.4	39.4	43.1
4940.0	12.0	20.1	23.1	26.3	29.3	32.5	35.4	39.4	43.2
4950.0	12.0	20.1	23.1	26.3	29.4	32.5	35.5	39.4	43.2
4960.0	12.0	20.1	23.1	26.3	29.4	32.5	35.5	39.4	43.2
4970.0	12.0	20.1	23.1	26.3	29.4	32.5	35.5	39.4	43.2
4980.0	12.0	20.1	23.2	26.4	29.4	32.6	35.5	39.4	43.2
4990.0	12.0	20.1	23.2	26.4	29.4	32.6	35.5	39.4	43.2
5000.0	12.1	20.1	23.2	26.4	29.4	32.6	35.5	39.4	43.2
5010.0	12.0	20.1	23.2	26.4	29.4	32.6	35.5	39.5	43.2
5020.0	12.0	20.2	23.2	26.4	29.4	32.6	35.5	39.5	43.3
5030.0	12.0	20.2	23.2	26.4	29.4	32.6	35.5	39.5	43.3
5040.0	12.0	20.2	23.2	26.4	29.4	32.6	35.5	39.5	43.3
5050.0	12.0	20.2	23.2	26.4	29.4	32.6	35.6	39.5	43.3
5060.0	12.0	20.2	23.2	26.4	29.5	32.6	35.6	39.5	43.3
5070.0	12.0	20.2	23.2	26.4	29.5	32.6	35.6	39.5	43.3
5080.0	12.0	20.2	23.2	26.4	29.5	32.6	35.6	39.5	43.3
5090.0	12.0	20.2	23.2	26.4	29.5	32.7	35.6	39.6	43.3
5100.0	12.0	20.2	23.2	26.4	29.5	32.7	35.6	39.6	43.4
5110.0	12.1	20.2	23.2	26.4	29.5	32.7	35.6	39.6	43.4
5120.0	12.1	20.2	23.2	26.4	29.5	32.7	35.6	39.6	43.4
5130.0	12.1	20.2	23.2	26.5	29.5	32.7	35.6	39.6	43.4
5140.0	12.1	20.2	23.2	26.5	29.5	32.7	35.7	39.6	43.4
5150.0	12.1	20.2	23.2	26.5	29.5	32.7	35.7	39.6	43.4
5160.0	12.1	20.2	23.3	26.5	29.5	32.7	35.7	39.6	43.4
5170.0	12.1	20.2	23.3	26.5	29.6	32.7	35.7	39.7	43.5
5180.0	12.0	20.2	23.3	26.5	29.6	32.7	35.7	39.6	43.5
5190.0	12.1	20.2	23.3	26.5	29.6	32.8	35.7	39.7	43.5
5200.0	12.1	20.2	23.3	26.5	29.6	32.8	35.7	39.7	43.5
5210.0	12.1	20.2	23.3	26.5	29.6	32.8	35.7	39.7	43.5
5220.0	12.1	20.2	23.3	26.5	29.6	32.8	35.7	39.7	43.5
5230.0	12.1	20.2	23.3	26.5	29.6	32.8	35.7	39.7	43.5
5240.0	12.0	20.2	23.3	26.5	29.6	32.8	35.7	39.7	43.5
5250.0	12.0	20.2	23.3	26.5	29.6	32.8	35.8	39.7	43.5
5260.0	12.1	20.3	23.3	26.5	29.6	32.8	35.8	39.7	43.6
5270.0	12.0	20.3	23.3	26.6	29.6	32.8	35.8	39.8	43.6
5280.0	12.0	20.3	23.3	26.6	29.6	32.8	35.8	39.8	43.6
5290.0	12.0	20.3	23.3	26.6	29.6	32.9	35.8	39.8	43.6
5300.0	12.0	20.3	23.3	26.6	29.6	32.9	35.8	39.8	43.6
5310.0	12.0	20.3	23.3	26.6	29.7	32.9	35.8	39.8	43.6
5320.0	12.0	20.3	23.3	26.6	29.7	32.9	35.8	39.8	43.6
5330.0	12.0	20.3	23.3	26.6	29.7	32.9	35.8	39.8	43.6
5340.0	12.0	20.3	23.4	26.6	29.7	32.9	35.8	39.8	43.6
5350.0	12.0	20.3	23.4	26.6	29.7	32.9	35.9	39.8	43.6
5360.0	12.0	20.3	23.4	26.6	29.7	32.9	35.9	39.8	43.7
5370.0	12.0	20.3	23.4	26.6	29.7	32.9	35.9	39.9	43.7
5380.0	12.0	20.3	23.4	26.6	29.7	32.9	35.9	39.9	43.7
5390.0	12.0	20.3	23.4	26.6	29.7	32.9	35.9	39.9	43.7
5400.0	12.0	20.3	23.4	26.6	29.7	32.9	35.9	39.9	43.7
5410.0	12.0	20.3	23.4	26.6	29.7	32.9	35.9	39.9	43.7
5420.0	12.0	20.3	23.4	26.7	29.7	33.0	35.9	39.9	43.7
5430.0	12.0	20.3	23.4	26.7	29.8	33.0	35.9	39.9	43.7
5440.0	12.0	20.3	23.4	26.7	29.8	33.0	35.9	39.9	43.8
5450.0	12.0	20.3	23.4	26.7	29.8	33.0	36.0	39.9	43.8
5460.0	12.0	20.3	23.4	26.7	29.8	33.0	36.0	40.0	43.8
5470.0	12.0	20.3	23.4	26.7	29.8	33.0	36.0	40.0	43.8
5480.0	12.0	20.3	23.4	26.7	29.8	33.0	36.0	40.0	43.8
5490.0	12.0	20.3	23.4	26.7	29.8	33.0	36.0	40.0	43.8
5500.0	12.0	20.3	23.4	26.7	29.8	33.0	36.0	40.0	43.8
5510.0	12.0	20.4	23.4	26.7	29.8	33.0	36.0	40.0	43.8
5520.0	12.0	20.4	23.4	26.7	29.8	33.0	36.0	40.0	43.8
5530.0	12.0	20.4	23.4	26.7	29.8	33.0	36.0	40.0	43.9
5540.0	12.0	20.4	23.5	26.7	29.8	33.1	36.0	40.0	43.9
5550.0	12.0	20.4	23.4	26.7	29.8	33.1	36.0	40.0	43.9
5560.0	12.0	20.4	23.5	26.7	29.8	33.1	36.0	40.1	43.9
5570.0	12.0	20.4	23.5	26.7	29.8	33.1	36.1	40.0	43.9
5580.0	12.0	20.4	23.5	26.7	29.9	33.1	36.1	40.1	43.9
5590.0	12.0	20.4	23.5	26.8	29.9	33.1	36.1	40.1	43.9
5600.0	12.0	20.4	23.5	26.8	29.9	33.1	36.1	40.1	43.9
5610.0	12.0	20.4	23.5	26.8	29.9	33.1	36.1	40.1	43.9
5620.0	12.0	20.4	23.5	26.8	29.9	33.1	36.1	40.1	43.9
5630.0	12.0	20.4	23.5	26.8	29.9	33.1	36.1	40.1	43.9
5640.0	12.0	20.4	23.5	26.8	29.9	33.1	36.1	40.1	44.0
5650.0	12.1	20.4	23.5	26.8	29.9	33.1	36.1	40.1	44.0
5660.0	12.0	20.4	23.5	26.8	29.9	33.1	36.1	40.1	44.0
5670.0	12.0	20.4	23.5	26.8	29.9	33.2	36.1	40.2	44.0
5680.0	12.0	20.4	23.5	26.8	29.9	33.2	36.1	40.1	44.0
5690.0	12.0	20.4	23.5	26.8	29.9	33.2	36.1	40.2	44.0
5700.0	12.0	20.4	23.5	26.8	29.9	33.2	36.2	40.2	44.0
5710.0	12.0	20.4	23.5	26.8	29.9	33.2	36.2	40.2	44.0
5720.0	12.0	20.4	23.5	26.8	29.9	33.2	36.2	40.2	44.0
5730.0	12.0	20.4	23.5	26.8	29.9	33.2	36.2	40.2	44.0
5740.0	12.0	20.4	23.5	26.8	30.0	33.2	36.2	40.2	44.0
5750.0	12.0	20.4	23.5	26.8	30.0	33.2	36.2	40.2	44.0
5760.0	12.0	20.4	23.5	26.8	30.0	33.2	36.2	40.2	44.1
5770.0	12.0	20.4	23.5	26.8	30.0	33.2	36.2	40.2	44.1
5780.0	12.1	20.4	23.6	26.9	30.0	33.2	36.2	40.2	44.1
5790.0	12.1	20.5	23.6	26.9	30.0	33.2	36.2	40.2	44.1
5800.0	12.1	20.4	23.6	26.9	30.0	33.2	36.2	40.2	44.1
5810.0	12.1	20.5	23.6	26.9	30.0	33.3	36.2	40.3	44.1
5820.0	12.1	20.5	23.6	26.9	30.0	33.3	36.3	40.3	44.1
5830.0	12.1	20.5	23.6	26.9	30.0	33.3	36.3	40.3	44.1
5840.0	12.1	20.5	23.6	26.9	30.0	33.3	36.3	40.3	44.1
5850.0	12.1	20.5	23.6	26.9	30.0	33.3	36.3	40.3	44.1
5860.0	12.1	20.5	23.6	26.9	30.0	33.3	36.3	40.3	44.1
5870.0	12.1	20.5	23.6	26.9	30.0	33.3	36.3	40.3	44.2
5880.0	12.1	20.5	23.6	26.9	30.0	33.3	36.3	40.3	44.2
5890.0	12.1	20.5	23.6	26.9	30.1	33.3	36.3	40.3	44.2
5900.0	12.0	20.5	23.6	26.9	30.0	33.3	36.3	40.3	44.2
5910.0	12.0	20.5	23.6	26.9	30.0	33.3	36.3	40.3	44.2
5920.0	12.0	20.5	23.6	26.9	30.1	33.3	36.3	40.4	44.2
5930.0	12.0	20.5	23.6	26.9	30.1	33.3	36.3	40.4	44.2
5940.0	12.1	20.5	23.6	26.9	30.1	33.3	36.3	40.4	44.2
5950.0	12.1	20.5	23.6	26.9	30.1	33.3	36.3	40.4	44.2
5960.0	12.1	20.5	23.6	26.9	30.1	33.3	36.4	40.4	44.2
5970.0	12.1	20.5	23.6	27.0	30.1	33.4	36.4	40.4	44.2
5980.0	12.1	20.5	23.6	27.0	30.1	33.4	36.4	40.4	44.2
5990.0	12.0	20.5	23.6	27.0	30.1	33.4	36.4	40.4	44.3
6000.0	12.0	20.5	23.6	27.0	30.1	33.4	36.4	40.4	44.3
6010.0	12.0	20.5	23.7	27.0	30.1	33.4	36.4	40.4	44.3
6020.0	12.0	20.5	23.7	27.0	30.1	33.4	36.4	40.4	44.3
6030.0	12.0	20.5	23.7	27.0	30.1	33.4	36.4	40.4	44.3
6040.0	12.0	20.5	23.7	27.0	30.1	33.4	36.4	40.4	44.3
6050.0	12.0	20.5	23.7	27.0	30.1	33.4	36.4	40.4	44.3
6060.0	12.1	20.5	23.7	27.0	30.1	33.4	36.4	40.5	44.3
6070.0	12.0	20.5	23.7	27.0	30.1	33.4	36.4	40.4	44.3
6080.0	12.1	20.5	23.7	27.0	30.2	33.4	36.4	40.5	44.3
6090.0	12.0	20.5	23.7	27.0	30.2	33.4	36.4	40.5	44.3
6100.0	12.0	20.5	23.7	27.0	30.2	33.4	36.4	40.5	44.3
6110.0	12.0	20.5	23.7	27.0	30.2	33.4	36.4	40.5	44.3
6120.0	12.0	20.5	23.7	27.0	30.2	33.5	36.5	40.5	44.4
6130.0	12.0	20.6	23.7	27.0	30.2	33.5	36.5	40.5	44.4
6140.0	12.0	20.6	23.7	27.0	30.2	33.5	36.5	40.5	44.4
6150.0	12.0	20.6	23.7	27.0	30.2	33.5	36.5	40.5	44.4
6160.0	12.0	20.6	23.7	27.0	30.2	33.5	36.5	40.5	44.4
6170.0	12.0	20.6	23.7	27.0	30.2	33.5	36.5	40.5	44.4
6180.0	12.0	20.5	23.7	27.0	30.2	33.5	36.5	40.5	44.4
6190.0	12.0	20.6	23.7	27.0	30.2	33.5	36.5	40.5	44.4
6200.0	12.0	20.6	23.7	27.1	30.2	33.5	36.5	40.6	44.4
6210.0	12.0	20.6	23.7	27.1	30.2	33.5	36.5	40.5	44.4
6220.0	12.0	20.6	23.7	27.1	30.2	33.5	36.5	40.6	44.4
6230.0	12.0	20.6	23.7	27.1	30.2	33.5	36.5	40.6	44.4
6240.0	12.1	20.6	23.7	27.1	30.2	33.5	36.5	40.6	44.4
6250.0	12.0	20.6	23.7	27.1	30.2	33.5	36.5	40.6	44.4
6260.0	12.1	20.6	23.7	27.1	30.2	33.5	36.5	40.6	44.5
6270.0	12.0	20.6	23.7	27.1	30.2	33.5	36.5	40.6	44.5
6280.0	12.0	20.6	23.7	27.1	30.2	33.5	36.5	40.6	44.5
6290.0	12.1	20.6	23.7	27.1	30.3	33.5	36.6	40.6	44.5
6300.0	12.1	20.6	23.7	27.1	30.3	33.5	36.6	40.6	44.5
6310.0	12.0	20.6	23.7	27.1	30.3	33.5	36.6	40.6	44.5
6320.0	12.0	20.6	23.8	27.1	30.3	33.6	36.6	40.6	44.5
6330.0	12.1	20.6	23.8	27.1	30.3	33.6	36.6	40.6	44.5
6340.0	12.1	20.6	23.8	27.1	30.3	33.6	36.6	40.6	44.5
6350.0	12.1	20.6	23.8	27.1	30.3	33.6	36.6	40.6	44.5
6360.0	12.1	20.6	23.8	27.1	30.3	33.6	36.6	40.6	44.5
6370.0	12.1	20.6	23.8	27.1	30.3	33.6	36.6	40.6	44.5
6380.0	12.1	20.6	23.8	27.1	30.3	33.6	36.6	40.7	44.5
6390.0	12.1	20.6	23.8	27.1	30.3	33.6	36.6	40.7	44.5
6400.0	12.1	20.6	23.8	27.1	30.3	33.6	36.6	40.7	44.5
6410.0	12.1	20.6	23.8	27.1	30.3	33.6	36.6	40.7	44.5
6420.0	12.1	20.6	23.8	27.1	30.3	33.6	36.6	40.7	44.6
6430.0	12.1	20.6	23.8	27.1	30.3	33.6	36.6	40.7	44.6
6440.0	12.0	20.6	23.8	27.1	30.3	33.6	36.6	40.7	44.6
6450.0	12.0	20.6	23.8	27.1	30.3	33.6	36.6	40.7	44.6
6460.0	12.1	20.6	23.8	27.1	30.3	33.6	36.6	40.7	44.6
6470.0	12.0	20.6	23.8	27.2	30.3	33.6	36.6	40.7	44.6
6480.0	12.0	20.6	23.8	27.2	30.3	33.6	36.6	40.7	44.6
6490.0	12.0	20.6	23.8	27.2	30.3	33.6	36.7	40.7	44.6
6500.0	12.0	20.6	23.8	27.2	30.3	33.6	36.7	40.7	44.6
6510.0	12.0	20.6	23.8	27.2	30.3	33.6	36.7	40.7	44.6
6520.0	12.0	20.6	23.8	27.2	30.3	33.6	36.7	40.7	44.6
6530.0	12.0	20.6	23.8	27.2	30.4	33.7	36.7	40.7	44.6
6540.0	12.0	20.7	23.8	27.2	30.4	33.7	36.7	40.8	44.6
6550.0	12.0	20.7	23.8	27.2	30.4	33.7	36.7	40.8	44.6
6560.0	12.0	20.6	23.8	27.2	30.4	33.7	36.7	40.8	44.6
6570.0	12.1	20.7	23.8	27.2	30.4	33.7	36.7	40.8	44.6
6580.0	12.0	20.6	23.8	27.2	30.4	33.7	36.7	40.8	44.7
6590.0	12.0	20.6	23.8	27.2	30.4	33.7	36.7	40.8	44.6
6600.0	12.0	20.7	23.8	27.2	30.4	33.7	36.7	40.8	44.7
6610.0	12.1	20.7	23.8	27.2	30.4	33.7	36.7	40.8	44.7
6620.0	12.0	20.7	23.8	27.2	30.4	33.7	36.7	40.8	44.7
6630.0	12.1	20.7	23.8	27.2	30.4	33.7	36.7	40.8	44.7
6640.0	12.1	20.7	23.9	27.2	30.4	33.7	36.7	40.8	44.7
6650.0	12.0	20.7	23.8	27.2	30.4	33.7	36.7	40.8	44.7
6660.0	12.1	20.7	23.9	27.2	30.4	33.7	36.7	40.8	44.7
6670.0	12.1	20.7	23.9	27.2	30.4	33.7	36.7	40.8	44.7
6680.0	12.1	20.7	23.9	27.2	30.4	33.7	36.8	40.8	44.7
6690.0	12.1	20.7	23.9	27.2	30.4	33.7	36.7	40.8	44.7
6700.0	12.1	20.7	23.9	27.2	30.4	33.7	36.8	40.8	44.7
6710.0	12.0	20.7	23.9	27.2	30.4	33.7	36.8	40.8	44.7
6720.0	12.0	20.7	23.9	27.2	30.4	33.7	36.8	40.8	44.7
6730.0	12.1	20.7	23.9	27.2	30.4	33.7	36.8	40.9	44.7
6740.0	12.1	20.7	23.9	27.2	30.4	33.8	36.8	40.9	44.7
6750.0	12.1	20.7	23.9	27.2	30.4	33.7	36.8	40.9	44.7
6760.0	12.1	20.7	23.9	27.3	30.4	33.8	36.8	40.9	44.8
6770.0	12.1	20.7	23.9	27.3	30.4	33.8	36.8	40.9	44.8
6780.0	12.1	20.7	23.9	27.3	30.5	33.8	36.8	40.9	44.8
6790.0	12.1	20.7	23.9	27.3	30.5	33.8	36.8	40.9	44.8
6800.0	12.1	20.7	23.9	27.3	30.5	33.8	36.8	40.9	44.8
6810.0	12.1	20.7	23.9	27.3	30.5	33.8	36.8	40.9	44.8
6820.0	12.1	20.7	23.9	27.3	30.5	33.8	36.8	40.9	44.8
6830.0	12.1	20.7	23.9	27.3	30.5	33.8	36.8	40.9	44.8
6840.0	12.1	20.7	23.9	27.3	30.5	33.8	36.8	40.9	44.8
6850.0	12.1	20.7	23.9	27.3	30.5	33.8	36.8	40.9	44.8
6860.0	12.1	20.7	23.9	27.3	30.5	33.8	36.8	40.9	44.8
6870.0	12.1	20.7	23.9	27.3	30.5	33.8	36.8	40.9	44.8
6880.0	12.1	20.7	23.9	27.3	30.5	33.8	36.8	40.9	44.8
6890.0	12.1	20.7	23.9	27.3	30.5	33.8	36.9	40.9	44.8
6900.0	12.1	20.7	23.9	27.3	30.5	33.8	36.8	40.9	44.8
6910.0	12.1	20.7	23.9	27.3	30.5	33.8	36.9	40.9	44.8
6920.0	12.1	20.7	23.9	27.3	30.5	33.8	36.8	40.9	44.8
6930.0	12.0	20.7	23.9	27.3	30.5	33.8	36.9	40.9	44.8
6940.0	12.1	20.7	23.9	27.3	30.5	33.8	36.9	41.0	44.9
6950.0	12.0	20.7	23.9	27.3	30.5	33.8	36.9	41.0	44.9
6960.0	12.0	20.7	23.9	27.3	30.5	33.8	36.9	41.0	44.8
6970.0	12.0	20.7	23.9	27.3	30.5	33.8	36.9	41.0	44.9
6980.0	12.0	20.7	23.9	27.3	30.5	33.8	36.9	41.0	44.9
6990.0	12.0	20.7	23.9	27.3	30.5	33.8	36.9	41.0	44.9
7000.0	12.0	20.7	24.0	27.3	30.5	33.9	36.9	41.0	44.9
7010.0	12.1	20.7	23.9	27.3	30.5	33.9	36.9	41.0	44.9
7020.0	12.0	20.7	23.9	27.3	30.5	33.9	36.9	41.0	44.9
7030.0	12.0	20.7	23.9	27.3	30.5	33.9	36.9	41.0	44.9
7040.0	12.0	20.7	23.9	27.3	30.5	33.9	36.9	41.0	44.9
7050.0	12.1	20.7	24.0	27.3	30.5	33.9	36.9	41.0	44.9
7060.0	12.1	20.7	23.9	27.3	30.5	33.9	36.9	41.0	44.9
7070.0	12.1	20.7	23.9	27.3	30.6	33.9	36.9	41.0	44.9
7080.0	12.1	20.7	24.0	27.3	30.5	33.9	36.9	41.0	44.9
7090.0	12.1	20.7	24.0	27.3	30.6	33.9	36.9	41.0	44.9
7100.0	12.1	20.8	24.0	27.4	30.6	33.9	36.9	41.0	44.9
7110.0	12.1	20.8	24.0	27.4	30.6	33.9	36.9	41.0	44.9
7120.0	12.0	20.8	24.0	27.4	30.6	33.9	36.9	41.0	44.9
7130.0	12.1	20.8	24.0	27.4	30.6	33.9	36.9	41.0	44.9
7140.0	12.1	20.7	24.0	27.4	30.6	33.9	37.0	41.0	44.9
7150.0	12.1	20.8	24.0	27.4	30.6	33.9	37.0	41.0	44.9
7160.0	12.1	20.8	24.0	27.4	30.6	33.9	36.9	41.1	44.9
7170.0	12.1	20.8	24.0	27.4	30.6	33.9	37.0	41.1	45.0
7180.0	12.1	20.8	24.0	27.4	30.6	33.9	37.0	41.1	45.0
7190.0	12.1	20.8	24.0	27.4	30.6	33.9	37.0	41.1	45.0
7200.0	12.0	20.8	24.0	27.4	30.6	33.9	37.0	41.1	45.0
7210.0	12.1	20.8	24.0	27.4	30.6	33.9	37.0	41.1	45.0
7220.0	12.1	20.8	24.0	27.4	30.6	33.9	37.0	41.1	45.0
7230.0	12.1	20.8	24.0	27.4	30.6	33.9	37.0	41.1	45.0
7240.0	12.1	20.8	24.0	27.4	30.6	33.9	37.0	41.1	45.0
7250.0	12.1	20.8	24.0	27.4	30.6	33.9	37.0	41.1	45.0
7260.0	12.1	20.8	24.0	27.4	30.6	34.0	37.0	41.1	45.0
7270.0	12.1	20.8	24.0	27.4	30.6	33.9	37.0	41.1	45.0
7280.0	12.1	20.8	24.0	27.4	30.6	33.9	37.0	41.1	45.0
7290.0	12.1	20.8	24.0	27.4	30.6	34.0	37.0	41.1	45.0
7300.0	12.1	20.8	24.0	27.4	30.6	34.0	37.0	41.1	45.0
7310.0	12.1	20.8	24.0	27.4	30.6	34.0	37.0	41.1	45.0
7320.0	12.1	20.8	24.0	27.4	30.6	34.0	37.0	41.1	45.0
7330.0	12.1	20.8	24.0	27.4	30.6	34.0	37.0	41.1	45.0
7340.0	12.1	20.8	24.0	27.4	30.6	34.0	37.0	41.1	45.0
7350.0	12.1	20.8	24.0	27.4	30.6	34.0	37.0	41.1	45.0
7360.0	12.1	20.8	24.0	27.4	30.6	34.0	37.0	41.1	45.0
7370.0	12.1	20.8	24.0	27.4	30.6	34.0	37.0	41.1	45.0
7380.0	12.1	20.8	24.0	27.4	30.6	34.0	37.0	41.1	45.0
7390.0	12.1	20.8	24.0	27.4	30.7	34.0	37.0	41.1	45.1
7400.0	12.1	20.8	24.0	27.4	30.6	34.0	37.0	41.1	45.1
7410.0	12.1	20.8	24.0	27.4	30.6	34.0	37.0	41.2	45.1
7420.0	12.1	20.8	24.0	27.4	30.6	34.0	37.0	41.2	45.1
7430.0	12.1	20.8	24.0	27.4	30.7	34.0	37.0	41.2	45.1
7440.0	12.1	20.8	24.0	27.4	30.7	34.0	37.1	41.2	45.1
7450.0	12.1	20.8	24.0	27.4	30.7	34.0	37.1	41.2	45.1
7460.0	12.1	20.8	24.0	27.4	30.7	34.0	37.1	41.2	45.1
7470.0	12.1	20.8	24.0	27.4	30.7	34.0	37.1	41.2	45.1
7480.0	12.1	20.8	24.0	27.4	30.7	34.0	37.1	41.2	45.1
7490.0	12.1	20.8	24.0	27.4	30.7	34.0	37.1	41.2	45.1
7500.0	12.1	20.8	24.0	27.5	30.7	34.0	37.1	41.2	45.1
7510.0	12.1	20.8	24.0	27.4	30.7	34.0	37.1	41.2	45.1
7520.0	12.1	20.8	24.0	27.5	30.7	34.0	37.1	41.2	45.1
7530.0	12.1	20.8	24.0	27.5	30.7	34.0	37.1	41.2	45.1
7540.0	12.1	20.8	24.0	27.5	30.7	34.0	37.1	41.2	45.1
7550.0	12.1	20.8	24.0	27.5	30.7	34.0	37.1	41.2	45.1
7560.0	12.1	20.8	24.1	27.5	30.7	34.0	37.1	41.2	45.1
7570.0	12.1	20.8	24.1	27.5	30.7	34.0	37.1	41.2	45.1
7580.0	12.1	20.8	24.0	27.5	30.7	34.0	37.1	41.2	45.1
7590.0	12.1	20.8	24.1	27.5	30.7	34.0	37.1	41.2	45.1
7600.0	12.1	20.8	24.1	27.5	30.7	34.1	37.1	41.2	45.1
7610.0	12.1	20.8	24.1	27.5	30.7	34.1	37.1	41.2	45.1
7620.0	12.1	20.8	24.1	27.5	30.7	34.0	37.1	41.2	45.1
7630.0	12.1	20.8	24.1	27.5	30.7	34.1	37.1	41.2	45.1
7640.0	12.1	20.8	24.1	27.5	30.7	34.1	37.1	41.2	45.2
7650.0	12.1	20.8	24.1	27.5	30.7	34.1	37.1	41.2	45.1
7660.0	12.1	20.8	24.1	27.5	30.7	34.1	37.1	41.3	45.2
7670.0	12.1	20.8	24.1	27.5	30.7	34.1	37.1	41.2	45.2
7680.0	12.1	20.8	24.1	27.5	30.7	34.1	37.1	41.3	45.2
7690.0	12.1	20.8	24.1	27.5	30.7	34.1	37.1	41.3	45.2
7700.0	12.1	20.8	24.1	27.5	30.7	34.1	37.1	41.3	45.2
7710.0	12.1	20.8	24.1	27.5	30.7	34.1	37.1	41.3	45.2
7720.0	12.1	20.8	24.1	27.5	30.7	34.1	37.1	41.3	45.2
7730.0	12.1	20.8	24.1	27.5	30.7	34.1	37.2	41.3	45.2
7740.0	12.1	20.8	24.1	27.5	30.7	34.1	37.1	41.3	45.2
7750.0	12.1	20.8	24.1	27.5	30.7	34.1	37.2	41.3	45.2
7760.0	12.1	20.9	24.1	27.5	30.7	34.1	37.2	41.3	45.2
7770.0	12.1	20.9	24.1	27.5	30.7	34.1	37.2	41.3	45.2
7780.0	12.1	20.9	24.1	27.5	30.8	34.1	37.2	41.3	45.2
7790.0	12.2	20.9	24.1	27.5	30.7	34.1	37.2	41.3	45.2
7800.0	12.2	20.9	24.1	27.5	30.8	34.1	37.2	41.3	45.2
7810.0	12.2	20.9	24.1	27.5	30.8	34.1	37.2	41.3	45.2
7820.0	12.2	20.9	24.1	27.5	30.8	34.1	37.2	41.3	45.2
7830.0	12.2	20.8	24.1	27.5	30.8	34.1	37.2	41.3	45.2
7840.0	12.2	20.9	24.1	27.5	30.8	34.1	37.2	41.3	45.2
7850.0	12.2	20.9	24.1	27.5	30.8	34.1	37.2	41.3	45.2
7860.0	12.2	20.9	24.1	27.5	30.8	34.1	37.2	41.3	45.2
7870.0	12.2	20.9	24.1	27.5	30.8	34.1	37.2	41.3	45.2
7880.0	12.2	20.9	24.1	27.5	30.8	34.1	37.2	41.3	45.2
7890.0	12.2	20.9	24.1	27.5	30.8	34.1	37.2	41.3	45.2
7900.0	12.2	20.9	24.1	27.5	30.8	34.1	37.2	41.3	45.2
7910.0	12.2	20.9	24.1	27.5	30.8	34.1	37.2	41.3	45.2
7920.0	12.2	20.9	24.1	27.6	30.8	34.1	37.2	41.3	45.3
7930.0	12.1	20.9	24.1	27.5	30.8	34.1	37.2	41.3	45.2
7940.0	12.1	20.9	24.1	27.5	30.8	34.1	37.2	41.3	45.2
7950.0	12.1	20.9	24.1	27.6	30.8	34.2	37.2	41.3	45.3
7960.0	12.1	20.9	24.1	27.6	30.8	34.2	37.2	41.3	45.3
7970.0	12.1	20.9	24.1	27.6	30.8	34.2	37.2	41.3	45.3
7980.0	12.1	20.9	24.1	27.6	30.8	34.1	37.2	41.3	45.3
7990.0	12.2	20.9	24.1	27.6	30.8	34.2	37.2	41.4	45.3
8000.0	12.2	20.9	24.1	27.6	30.8	34.2	37.2	41.4	45.3
8010.0	12.2	20.9	24.1	27.6	30.8	34.2	37.2	41.4	45.3
8020.0	12.1	20.9	24.1	27.6	30.8	34.2	37.2	41.4	45.3
8030.0	12.2	20.9	24.1	27.6	30.8	34.2	37.2	41.4	45.3
8040.0	12.2	20.9	24.1	27.6	30.8	34.2	37.2	41.4	45.3
8050.0	12.2	20.9	24.1	27.6	30.8	34.2	37.3	41.4	45.3
8060.0	12.2	20.9	24.1	27.6	30.8	34.2	37.2	41.4	45.3
8070.0	12.2	20.9	24.1	27.6	30.8	34.2	37.2	41.4	45.3
8080.0	12.2	20.9	24.1	27.6	30.8	34.2	37.3	41.4	45.3
8090.0	12.2	20.9	24.1	27.6	30.8	34.2	37.3	41.4	45.3
8100.0	12.2	20.9	24.2	27.6	30.8	34.2	37.3	41.4	45.3
8110.0	12.2	20.9	24.2	27.6	30.8	34.2	37.3	41.4	45.3
8120.0	12.2	20.9	24.1	27.6	30.8	34.2	37.3	41.4	45.3
8130.0	12.2	20.9	24.2	27.6	30.8	34.2	37.3	41.4	45.3
8140.0	12.2	20.9	24.2	27.6	30.8	34.2	37.3	41.4	45.3
8150.0	12.1	20.9	24.2	27.6	30.8	34.2	37.3	41.4	45.3
8160.0	12.2	20.9	24.2	27.6	30.9	34.2	37.3	41.4	45.3
8170.0	12.2	20.9	24.2	27.6	30.8	34.2	37.3	41.4	45.3
8180.0	12.2	20.9	24.2	27.6	30.8	34.2	37.3	41.4	45.3
8190.0	12.2	20.9	24.2	27.6	30.8	34.2	37.3	41.4	45.3
8200.0	12.2	20.9	24.2	27.6	30.8	34.2	37.3	41.4	45.3
8210.0	12.2	20.9	24.2	27.6	30.9	34.2	37.3	41.4	45.3
8220.0	12.2	20.9	24.2	27.6	30.9	34.2	37.3	41.4	45.3
8230.0	12.1	20.9	24.2	27.6	30.9	34.2	37.3	41.4	45.3
8240.0	12.2	20.9	24.2	27.6	30.9	34.2	37.3	41.4	45.3
8250.0	12.1	20.9	24.2	27.6	30.9	34.2	37.3	41.4	45.3
8260.0	12.1	20.9	24.2	27.6	30.9	34.2	37.3	41.4	45.4
8270.0	12.1	20.9	24.2	27.6	30.9	34.2	37.3	41.4	45.4
8280.0	12.1	20.9	24.2	27.6	30.9	34.2	37.3	41.4	45.4
8290.0	12.1	20.9	24.2	27.6	30.9	34.2	37.3	41.4	45.4
8300.0	12.1	20.9	24.2	27.6	30.9	34.2	37.3	41.4	45.4
8310.0	12.1	20.9	24.2	27.6	30.9	34.2	37.3	41.4	45.4
8320.0	12.1	20.9	24.2	27.6	30.9	34.2	37.3	41.4	45.4
8330.0	12.1	20.9	24.2	27.6	30.9	34.2	37.3	41.4	45.4
8340.0	12.1	20.9	24.2	27.6	30.9	34.2	37.3	41.4	45.4
8350.0	12.1	20.9	24.2	27.6	30.9	34.2	37.3	41.5	45.4
8360.0	12.1	20.9	24.2	27.6	30.9	34.2	37.3	41.5	45.4
8370.0	12.1	20.9	24.2	27.6	30.9	34.2	37.3	41.5	45.4
8380.0	12.1	20.9	24.2	27.6	30.9	34.3	37.3	41.5	45.4
8390.0	12.1	20.9	24.2	27.6	30.9	34.3	37.3	41.5	45.4
8400.0	12.1	20.9	24.2	27.6	30.9	34.3	37.3	41.5	45.4
8410.0	12.1	20.9	24.2	27.6	30.9	34.3	37.3	41.5	45.4
8420.0	12.1	20.9	24.2	27.7	30.9	34.3	37.3	41.5	45.4
8430.0	12.1	20.9	24.2	27.6	30.9	34.3	37.3	41.5	45.4
8440.0	12.1	20.9	24.2	27.6	30.9	34.3	37.3	41.5	45.4
8450.0	12.1	20.9	24.2	27.7	30.9	34.3	37.3	41.5	45.4
8460.0	12.1	20.9	24.2	27.7	30.9	34.3	37.3	41.5	45.4
8470.0	12.1	20.9	24.2	27.6	30.9	34.3	37.3	41.5	45.4
8480.0	12.1	20.9	24.2	27.7	30.9	34.3	37.4	41.5	45.4
8490.0	12.1	20.9	24.2	27.7	30.9	34.3	37.4	41.5	45.4
8500.0	12.1	20.9	24.2	27.7	30.9	34.3	37.4	41.5	45.4
8510.0	12.1	20.9	24.2	27.7	30.9	34.3	37.4	41.5	45.4
8520.0	12.1	21.0	24.2	27.7	30.9	34.3	37.4	41.5	45.4
8530.0	12.1	20.9	24.2	27.7	30.9	34.3	37.4	41.5	45.4
8540.0	12.2	20.9	24.2	27.7	30.9	34.3	37.4	41.5	45.4
8550.0	12.1	21.0	24.2	27.7	30.9	34.3	37.4	41.5	45.4
8560.0	12.2	21.0	24.2	27.7	30.9	34.3	37.4	41.5	45.4
8570.0	12.1	20.9	24.2	27.7	30.9	34.3	37.4	41.5	45.4
8580.0	12.1	20.9	24.2	27.7	30.9	34.3	37.4	41.5	45.4
8590.0	12.1	20.9	24.2	27.7	30.9	34.3	37.4	41.5	45.4
8600.0	12.1	21.0	24.2	27.7	30.9	34.3	37.4	41.5	45.4
8610.0	12.1	21.0	24.2	27.7	30.9	34.3	37.4	41.5	45.5
8620.0	12.1	20.9	24.2	27.7	30.9	34.3	37.4	41.5	45.4
8630.0	12.1	21.0	24.2	27.7	30.9	34.3	37.4	41.5	45.5
8640.0	12.1	21.0	24.2	27.7	30.9	34.3	37.4	41.5	45.5
8650.0	12.1	21.0	24.2	27.7	30.9	34.3	37.4	41.6	45.5
8660.0	12.1	21.0	24.2	27.7	30.9	34.3	37.4	41.5	45.5
8670.0	12.1	21.0	24.2	27.7	30.9	34.3	37.4	41.6	45.5
8680.0	12.1	21.0	24.2	27.7	30.9	34.3	37.4	41.5	45.5
8690.0	12.1	21.0	24.2	27.7	31.0	34.3	37.4	41.5	45.5
8700.0	12.1	21.0	24.2	27.7	30.9	34.3	37.4	41.6	45.5
8710.0	12.1	21.0	24.2	27.7	30.9	34.3	37.4	41.6	45.5
8720.0	12.1	21.0	24.2	27.7	31.0	34.3	37.4	41.6	45.5
8730.0	12.1	21.0	24.3	27.7	31.0	34.3	37.4	41.6	45.5
8740.0	12.1	21.0	24.2	27.7	31.0	34.3	37.4	41.6	45.5
8750.0	12.1	21.0	24.3	27.7	31.0	34.3	37.4	41.6	45.5
8760.0	12.1	21.0	24.2	27.7	31.0	34.3	37.4	41.6	45.5
8770.0	12.1	21.0	24.3	27.7	31.0	34.3	37.4	41.6	45.5
8780.0	12.1	21.0	24.2	27.7	31.0	34.3	37.4	41.6	45.5
8790.0	12.1	21.0	24.2	27.7	31.0	34.3	37.4	41.6	45.5
8800.0	12.1	21.0	24.3	27.7	31.0	34.3	37.4	41.6	45.5
8810.0	12.1	21.0	24.3	27.7	31.0	34.3	37.4	41.6	45.5
8820.0	12.1	21.0	24.3	27.7	31.0	34.4	37.4	41.6	45.5
8830.0	12.1	21.0	24.2	27.7	31.0	34.4	37.4	41.6	45.5
8840.0	12.1	21.0	24.3	27.7	31.0	34.4	37.5	41.6	45.5
8850.0	12.1	21.0	24.3	27.7	31.0	34.4	37.4	41.6	45.5
8860.0	12.1	21.0	24.3	27.7	31.0	34.4	37.5	41.6	45.5
8870.0	12.1	21.0	24.3	27.7	31.0	34.3	37.4	41.6	45.5
8880.0	12.1	21.0	24.3	27.7	31.0	34.4	37.4	41.6	45.5
8890.0	12.1	21.0	24.3	27.7	31.0	34.4	37.5	41.6	45.5
8900.0	12.1	21.0	24.3	27.7	31.0	34.4	37.5	41.6	45.5
8910.0	12.1	21.0	24.3	27.7	31.0	34.4	37.5	41.6	45.5
8920.0	12.1	21.0	24.3	27.7	31.0	34.4	37.5	41.6	45.5
8930.0	12.1	21.0	24.3	27.7	31.0	34.4	37.5	41.6	45.6
8940.0	12.1	21.0	24.3	27.7	31.0	34.4	37.5	41.6	45.6
8950.0	12.1	21.0	24.3	27.7	31.0	34.4	37.5	41.6	45.5
8960.0	12.1	21.0	24.3	27.7	31.0	34.4	37.5	41.6	45.6
8970.0	12.1	21.0	24.3	27.7	31.0	34.4	37.5	41.6	45.6
8980.0	12.1	21.0	24.3	27.7	31.0	34.4	37.5	41.6	45.6
8990.0	12.1	21.0	24.3	27.7	31.0	34.4	37.5	41.6	45.6
9000.0	12.1	21.0	24.3	27.7	31.0	34.4	37.5	41.6	45.6
9010.0	12.1	21.0	24.3	27.7	31.0	34.4	37.5	41.6	45.6
9020.0	12.1	21.0	24.3	27.7	31.0	34.4	37.5	41.6	45.6
9030.0	12.1	21.0	24.3	27.8	31.0	34.4	37.5	41.6	45.6
9040.0	12.1	21.0	24.3	27.8	31.0	34.4	37.5	41.6	45.6
9050.0	12.1	21.0	24.3	27.7	31.0	34.4	37.5	41.6	45.6
9060.0	12.1	21.0	24.3	27.8	31.0	34.4	37.5	41.6	45.6
9070.0	12.1	21.0	24.3	27.8	31.0	34.4	37.5	41.6	45.6
9080.0	12.1	21.0	24.3	27.8	31.0	34.4	37.5	41.7	45.6
9090.0	12.1	21.0	24.3	27.8	31.0	34.4	37.5	41.7	45.6
9100.0	12.1	21.0	24.3	27.8	31.0	34.4	37.5	41.7	45.6
9110.0	12.1	21.0	24.3	27.8	31.0	34.4	37.5	41.7	45.6
9120.0	12.1	21.0	24.3	27.8	31.0	34.4	37.5	41.7	45.6
9130.0	12.1	21.0	24.3	27.8	31.0	34.4	37.5	41.7	45.6
9140.0	12.1	21.0	24.3	27.8	31.0	34.4	37.5	41.7	45.6
9150.0	12.1	21.0	24.3	27.8	31.0	34.4	37.5	41.7	45.6
9160.0	12.1	21.0	24.3	27.8	31.0	34.4	37.5	41.7	45.6
9170.0	12.1	21.0	24.3	27.8	31.0	34.4	37.5	41.7	45.6
9180.0	12.1	21.0	24.3	27.8	31.0	34.4	37.5	41.7	45.6
9190.0	12.1	21.0	24.3	27.8	31.0	34.4	37.5	41.7	45.6
9200.0	12.1	21.0	24.3	27.8	31.0	34.4	37.5	41.7	45.6
9210.0	12.1	21.0	24.3	27.8	31.0	34.4	37.5	41.7	45.6
9220.0	12.2	21.0	24.3	27.8	31.1	34.4	37.5	41.7	45.6
9230.0	12.1	21.0	24.3	27.8	31.0	34.4	37.5	41.7	45.6
9240.0	12.1	21.0	24.3	27.8	31.1	34.4	37.5	41.7	45.6
9250.0	12.1	21.0	24.3	27.8	31.0	34.4	37.5	41.7	45.6
9260.0	12.1	21.0	24.3	27.8	31.1	34.4	37.5	41.7	45.6
9270.0	12.1	21.0	24.3	27.8	31.1	34.4	37.5	41.7	45.6
9280.0	12.1	21.0	24.3	27.8	31.1	34.4	37.5	41.7	45.6
9290.0	12.1	21.0	24.3	27.8	31.1	34.5	37.5	41.7	45.6
9300.0	12.1	21.0	24.3	27.8	31.1	34.5	37.5	41.7	45.6
9310.0	12.1	21.0	24.3	27.8	31.1	34.5	37.5	41.7	45.6
9320.0	12.1	21.0	24.3	27.8	31.1	34.5	37.5	41.7	45.7
9330.0	12.1	21.0	24.3	27.8	31.1	34.5	37.5	41.7	45.7
9340.0	12.1	21.0	24.3	27.8	31.1	34.5	37.6	41.7	45.6
9350.0	12.1	21.0	24.3	27.8	31.1	34.5	37.6	41.7	45.7
9360.0	12.1	21.0	24.3	27.8	31.1	34.5	37.6	41.7	45.6
9370.0	12.1	21.0	24.3	27.8	31.1	34.5	37.6	41.7	45.7
9380.0	12.1	21.0	24.3	27.8	31.1	34.5	37.6	41.7	45.7
9390.0	12.1	21.0	24.3	27.8	31.1	34.5	37.6	41.7	45.7
9400.0	12.1	21.0	24.3	27.8	31.1	34.5	37.6	41.7	45.7
9410.0	12.1	21.0	24.3	27.8	31.1	34.5	37.6	41.7	45.7
9420.0	12.1	21.0	24.3	27.8	31.1	34.5	37.6	41.7	45.7
9430.0	12.1	21.0	24.3	27.8	31.1	34.5	37.6	41.7	45.7
9440.0	12.1	21.0	24.3	27.8	31.1	34.5	37.6	41.7	45.7
9450.0	12.1	21.0	24.3	27.8	31.1	34.5	37.6	41.7	45.7
9460.0	12.1	21.0	24.3	27.8	31.1	34.5	37.6	41.7	45.7
9470.0	12.2	21.1	24.3	27.8	31.1	34.5	37.6	41.7	45.7
9480.0	12.1	21.0	24.3	27.8	31.1	34.5	37.6	41.7	45.7
9490.0	12.2	21.0	24.3	27.8	31.1	34.5	37.6	41.8	45.7
9500.0	12.2	21.1	24.3	27.8	31.1	34.5	37.6	41.8	45.7
9510.0	12.1	21.0	24.3	27.8	31.1	34.5	37.6	41.7	45.7
9520.0	12.1	21.0	24.3	27.8	31.1	34.5	37.6	41.7	45.7
9530.0	12.1	21.0	24.3	27.8	31.1	34.5	37.6	41.7	45.7
9540.0	12.1	21.1	24.4	27.8	31.1	34.5	37.6	41.8	45.7
9550.0	12.2	21.1	24.4	27.8	31.1	34.5	37.6	41.8	45.7
9560.0	12.1	21.1	24.4	27.8	31.1	34.5	37.6	41.8	45.7
9570.0	12.2	21.1	24.4	27.8	31.1	34.5	37.6	41.8	45.7
9580.0	12.1	21.1	24.4	27.8	31.1	34.5	37.6	41.8	45.7
9590.0	12.1	21.1	24.4	27.8	31.1	34.5	37.6	41.8	45.7
9600.0	12.1	21.1	24.4	27.8	31.1	34.5	37.6	41.8	45.7
9610.0	12.1	21.1	24.4	27.8	31.1	34.5	37.6	41.8	45.7
9620.0	12.1	21.1	24.4	27.8	31.1	34.5	37.6	41.8	45.7
9630.0	12.1	21.1	24.4	27.8	31.1	34.5	37.6	41.8	45.7
9640.0	12.1	21.1	24.4	27.9	31.1	34.5	37.6	41.8	45.7
9650.0	12.1	21.1	24.4	27.8	31.1	34.5	37.6	41.8	45.7
9660.0	12.1	21.0	24.4	27.9	31.1	34.5	37.6	41.8	45.7
9670.0	12.1	21.1	24.4	27.8	31.1	34.5	37.6	41.8	45.7
9680.0	12.2	21.1	24.4	27.8	31.1	34.5	37.6	41.8	45.7
9690.0	12.2	21.1	24.4	27.8	31.1	34.5	37.6	41.8	45.7
9700.0	12.1	21.1	24.4	27.8	31.1	34.5	37.6	41.8	45.7
9710.0	12.2	21.1	24.4	27.8	31.1	34.5	37.6	41.8	45.7
9720.0	12.1	21.1	24.4	27.9	31.1	34.5	37.6	41.8	45.7
9730.0	12.1	21.1	24.4	27.9	31.1	34.5	37.6	41.8	45.7
9740.0	12.2	21.1	24.4	27.9	31.1	34.5	37.6	41.8	45.7
9750.0	12.2	21.1	24.4	27.9	31.1	34.5	37.6	41.8	45.7
9760.0	12.2	21.1	24.4	27.9	31.1	34.5	37.6	41.8	45.8
9770.0	12.2	21.1	24.4	27.9	31.1	34.5	37.6	41.8	45.7
9780.0	12.2	21.1	24.4	27.9	31.1	34.5	37.6	41.8	45.7
9790.0	12.2	21.1	24.4	27.9	31.1	34.5	37.6	41.8	45.8
9800.0	12.2	21.1	24.4	27.9	31.1	34.6	37.7	41.8	45.8
9810.0	12.2	21.1	24.4	27.9	31.1	34.5	37.6	41.8	45.7
9820.0	12.2	21.1	24.4	27.9	31.2	34.5	37.6	41.8	45.8
9830.0	12.2	21.1	24.4	27.9	31.2	34.6	37.7	41.8	45.8
9840.0	12.2	21.1	24.4	27.9	31.1	34.5	37.6	41.8	45.8
9850.0	12.2	21.1	24.4	27.9	31.2	34.6	37.6	41.8	45.8
9860.0	12.2	21.1	24.4	27.9	31.2	34.6	37.7	41.8	45.8
9870.0	12.2	21.1	24.4	27.9	31.1	34.6	37.7	41.8	45.8
9880.0	12.2	21.1	24.4	27.9	31.2	34.6	37.7	41.8	45.8
9890.0	12.2	21.1	24.4	27.9	31.2	34.6	37.7	41.8	45.8
9900.0	12.2	21.1	24.4	27.9	31.2	34.6	37.7	41.8	45.8
9910.0	12.2	21.1	24.4	27.9	31.2	34.6	37.7	41.8	45.8
9920.0	12.2	21.1	24.4	27.9	31.2	34.6	37.7	41.8	45.8
9930.0	12.2	21.1	24.4	27.9	31.2	34.6	37.7	41.8	45.8
9940.0	12.2	21.1	24.4	27.9	31.2	34.6	37.7	41.8	45.8
9950.0	12.2	21.1	24.4	27.9	31.2	34.6	37.7	41.9	45.8
9960.0	12.2	21.1	24.4	27.9	31.2	34.6	37.7	41.8	45.8
9970.0	12.2	21.1	24.4	27.9	31.2	34.6	37.7	41.8	45.8
9980.0	12.2	21.1	24.4	27.9	31.2	34.6	37.7	41.9	45.8
9990.0	12.2	21.1	24.4	27.9	31.2	34.6	37.7	41.9	45.8
10000.0	12.2	21.1	24.4	27.9	31.2	34.6	37.7	41.8	45.8
10010.0	12.2	21.1	24.4	27.9	31.2	34.6	37.7	41.9	45.8
10020.0	12.2	21.1	24.4	27.9	31.2	34.6	37.7	41.9	45.8
10030.0	12.2	21.1	24.4	27.9	31.2	34.6	37.7	41.8	45.8
10040.0	12.2	21.1	24.4	27.9	31.2	34.6	37.7	41.9	45.8
10050.0	12.2	21.1	24.4	27.9	31.2	34.6	37.7	41.9	45.8
10060.0	12.2	21.1	24.4	27.9	31.2	34.6	37.7	41.9	45.8
10070.0	12.2	21.1	24.4	27.9	31.2	34.6	37.7	41.9	45.8
10080.0	12.2	21.1	24.4	27.9	31.2	34.6	37.7	41.9	45.8
10090.0	12.2	21.1	24.4	27.9	31.2	34.6	37.7	41.9	45.8
10100.0	12.2	21.1	24.4	27.9	31.2	34.6	37.7	41.9	45.8
10110.0	12.2	21.1	24.4	27.9	31.2	34.6	37.7	41.9	45.8
10120.0	12.2	21.1	24.4	27.9	31.2	34.6	37.7	41.9	45.8
10130.0	12.2	21.1	24.4	27.9	31.2	34.6	37.7	41.9	45.8
10140.0	12.2	21.1	24.4	27.9	31.2	34.6	37.7	41.9	45.8
10150.0	12.2	21.1	24.4	27.9	31.2	34.6	37.7	41.9	45.8
10160.0	12.2	21.1	24.4	27.9	31.2	34.6	37.7	41.9	45.8
10170.0	12.2	21.1	24.4	27.9	31.2	34.6	37.7	41.9	45.8
10180.0	12.2	21.1	24.4	27.9	31.2	34.6	37.7	41.9	45.8
10190.0	12.2	21.1	24.4	27.9	31.2	34.6	37.7	41.9	45.8
10200.0	12.2	21.1	24.4	27.9	31.2	34.6	37.7	41.9	45.8
10210.0	12.2	21.1	24.4	27.9	31.2	34.6	37.7	41.9	45.8
10220.0	12.2	21.1	24.4	27.9	31.2	34.6	37.7	41.9	45.9
10230.0	12.2	21.1	24.4	27.9	31.2	34.6	37.7	41.9	45.8
10240.0	12.2	21.1	24.4	27.9	31.2	34.6	37.7	41.9	45.8
10250.0	12.2	21.1	24.4	27.9	31.2	34.6	37.7	41.9	45.8
10260.0	12.2	21.1	24.4	27.9	31.2	34.6	37.7	41.9	45.9
10270.0	12.2	21.1	24.4	27.9	31.2	34.6	37.7	41.9	45.8
10280.0	12.2	21.1	24.4	27.9	31.2	34.6	37.7	41.9	45.8
10290.0	12.2	21.1	24.4	27.9	31.2	34.6	37.7	41.9	45.8
10300.0	12.2	21.1	24.4	27.9	31.2	34.6	37.7	41.9	45.9
10310.0	12.2	21.1	24.4	27.9	31.2	34.6	37.7	41.9	45.9
10320.0	12.2	21.1	24.4	27.9	31.2	34.6	37.7	41.9	45.9
10330.0	12.2	21.1	24.4	27.9	31.2	34.6	37.7	41.9	45.9
10340.0	12.2	21.1	24.4	27.9	31.2	34.6	37.7	41.9	45.9
10350.0	12.2	21.1	24.4	27.9	31.2	34.6	37.7	41.9	45.9
10360.0	12.2	21.1	24.4	27.9	31.2	34.6	37.8	41.9	45.9
10370.0	12.2	21.1	24.4	27.9	31.2	34.6	37.7	41.9	45.9
10380.0	12.2	21.1	24.4	27.9	31.2	34.6	37.7	41.9	45.9
10390.0	12.2	21.1	24.4	27.9	31.2	34.6	37.7	41.9	45.9
10400.0	12.2	21.1	24.4	27.9	31.2	34.6	37.7	41.9	45.9
10410.0	12.2	21.1	24.5	27.9	31.2	34.6	37.8	41.9	45.9
10420.0	12.2	21.1	24.5	27.9	31.2	34.7	37.8	41.9	45.9
10430.0	12.2	21.1	24.4	27.9	31.2	34.6	37.8	41.9	45.9
10440.0	12.2	21.1	24.5	27.9	31.2	34.6	37.8	41.9	45.9
10450.0	12.2	21.1	24.5	27.9	31.2	34.6	37.8	41.9	45.9
10460.0	12.2	21.1	24.4	27.9	31.2	34.6	37.8	41.9	45.9
10470.0	12.2	21.1	24.4	28.0	31.2	34.6	37.8	41.9	45.9
10480.0	12.2	21.1	24.5	28.0	31.2	34.7	37.8	41.9	45.9
10490.0	12.2	21.1	24.4	27.9	31.2	34.7	37.8	41.9	45.9
10500.0	12.2	21.1	24.4	27.9	31.2	34.7	37.8	41.9	45.9
10510.0	12.2	21.1	24.5	28.0	31.2	34.7	37.8	41.9	45.9
10520.0	12.2	21.1	24.5	27.9	31.3	34.7	37.8	41.9	45.9
10530.0	12.2	21.1	24.5	27.9	31.2	34.6	37.8	41.9	45.9
10540.0	12.2	21.1	24.5	28.0	31.3	34.7	37.8	41.9	45.9
10550.0	12.2	21.1	24.5	28.0	31.2	34.7	37.8	41.9	45.9
10560.0	12.2	21.1	24.5	28.0	31.2	34.7	37.8	41.9	45.9
10570.0	12.2	21.2	24.5	28.0	31.3	34.7	37.8	42.0	45.9
10580.0	12.2	21.1	24.5	28.0	31.2	34.7	37.8	42.0	45.9
10590.0	12.2	21.1	24.5	28.0	31.2	34.7	37.8	42.0	45.9
10600.0	12.2	21.1	24.5	28.0	31.3	34.7	37.8	42.0	45.9
10610.0	12.2	21.1	24.5	28.0	31.3	34.7	37.8	42.0	45.9
10620.0	12.2	21.1	24.5	28.0	31.3	34.7	37.8	42.0	45.9
10630.0	12.2	21.1	24.5	28.0	31.3	34.7	37.8	42.0	45.9
10640.0	12.2	21.1	24.5	28.0	31.3	34.7	37.8	42.0	45.9
10650.0	12.2	21.1	24.5	28.0	31.3	34.7	37.8	42.0	45.9
10660.0	12.2	21.2	24.5	28.0	31.3	34.7	37.8	42.0	45.9
10670.0	12.2	21.1	24.5	28.0	31.3	34.7	37.8	42.0	45.9
10680.0	12.2	21.1	24.5	28.0	31.3	34.7	37.8	42.0	45.9
10690.0	12.2	21.1	24.5	28.0	31.3	34.7	37.8	42.0	45.9
10700.0	12.2	21.1	24.5	28.0	31.3	34.7	37.8	42.0	45.9
10710.0	12.2	21.2	24.5	28.0	31.3	34.7	37.8	42.0	45.9
10720.0	12.2	21.2	24.5	28.0	31.3	34.7	37.8	42.0	45.9
10730.0	12.2	21.1	24.5	28.0	31.3	34.7	37.8	42.0	45.9
10740.0	12.2	21.2	24.5	28.0	31.3	34.7	37.8	42.0	45.9
10750.0	12.2	21.2	24.5	28.0	31.3	34.7	37.8	42.0	45.9
10760.0	12.2	21.2	24.5	28.0	31.3	34.7	37.8	42.0	45.9
10770.0	12.2	21.2	24.5	28.0	31.3	34.7	37.8	42.0	45.9
10780.0	12.2	21.2	24.5	28.0	31.3	34.7	37.8	42.0	45.9
10790.0	12.2	21.2	24.5	28.0	31.3	34.7	37.8	42.0	45.9
10800.0	12.2	21.2	24.5	28.0	31.3	34.7	37.8	42.0	45.9
10810.0	12.2	21.1	24.5	28.0	31.3	34.7	37.8	42.0	46.0
10820.0	12.2	21.2	24.5	28.0	31.3	34.7	37.8	42.0	45.9
10830.0	12.2	21.2	24.5	28.0	31.3	34.7	37.8	42.0	45.9
10840.0	12.2	21.2	24.5	28.0	31.3	34.7	37.8	42.0	45.9
10850.0	12.2	21.2	24.5	28.0	31.3	34.7	37.8	42.0	46.0
10860.0	12.2	21.2	24.5	28.0	31.3	34.7	37.8	42.0	46.0
10870.0	12.2	21.2	24.5	28.0	31.3	34.7	37.8	42.0	46.0
10880.0	12.2	21.2	24.5	28.0	31.3	34.7	37.8	42.0	46.0
10890.0	12.2	21.2	24.5	28.0	31.3	34.7	37.8	42.0	46.0
10900.0	12.2	21.2	24.5	28.0	31.3	34.7	37.8	42.0	46.0
10910.0	12.2	21.2	24.5	28.0	31.3	34.7	37.8	42.0	46.0
10920.0	12.2	21.2	24.5	28.0	31.3	34.7	37.8	42.0	46.0
10930.0	12.2	21.2	24.5	28.0	31.3	34.7	37.8	42.0	46.0
10940.0	12.2	21.2	24.5	28.0	31.3	34.7	37.8	42.0	46.0
10950.0	12.2	21.2	24.5	28.0	31.3	34.7	37.8	42.0	46.0
10960.0	12.2	21.2	24.5	28.0	31.3	34.7	37.8	42.0	46.0
10970.0	12.2	21.2	24.5	28.0	31.3	34.7	37.8	42.0	46.0
10980.0	12.2	21.2	24.5	28.0	31.3	34.7	37.8	42.0	46.0
10990.0	12.2	21.2	24.5	28.0	31.3	34.7	37.8	42.0	46.0
11000.0	12.2	21.2	24.5	28.0	31.3	34.7	37.8	42.0	46.0
11010.0	12.2	21.2	24.5	28.0	31.3	34.7	37.8	42.0	46.0
11020.0	12.2	21.2	24.5	28.0	31.3	34.7	37.9	42.0	46.0
11030.0	12.2	21.2	24.5	28.0	31.3	34.7	37.8	42.0	46.0
11040.0	12.2	21.2	24.5	28.0	31.3	34.7	37.8	42.0	46.0
11050.0	12.2	21.2	24.5	28.0	31.3	34.7	37.8	42.0	46.0
11060.0	12.2	21.2	24.5	28.0	31.3	34.7	37.9	42.0	46.0
11070.0	12.2	21.2	24.5	28.0	31.3	34.7	37.9	42.0	46.0
11080.0	12.2	21.2	24.5	28.0	31.3	34.7	37.8	42.0	46.0
11090.0	12.2	21.2	24.5	28.0	31.3	34.7	37.8	42.0	46.0
11100.0	12.2	21.2	24.5	28.0	31.3	34.7	37.9	42.0	46.0
11110.0	12.2	21.2	24.5	28.0	31.3	34.7	37.9	42.0	46.0
11120.0	12.2	21.2	24.5	28.0	31.3	34.7	37.9	42.0	46.0
11130.0	12.2	21.2	24.5	28.0	31.3	34.7	37.9	42.0	46.0
11140.0	12.2	21.2	24.5	28.0	31.3	34.7	37.9	42.0	46.0
11150.0	12.2	21.2	24.5	28.0	31.3	34.7	37.9	42.0	46.0
11160.0	12.2	21.2	24.5	28.0	31.3	34.7	37.9	42.0	46.0
11170.0	12.2	21.2	24.5	28.0	31.3	34.7	37.9	42.0	46.0
11180.0	12.2	21.2	24.5	28.0	31.3	34.8	37.9	42.0	46.0
11190.0	12.2	21.2	24.5	28.0	31.3	34.7	37.9	42.0	46.0
11200.0	12.2	21.2	24.5	28.0	31.3	34.7	37.9	42.1	46.0
11210.0	12.2	21.2	24.5	28.0	31.3	34.7	37.9	42.0	46.0
11220.0	12.2	21.2	24.5	28.0	31.3	34.7	37.9	42.0	46.0
11230.0	12.2	21.2	24.5	28.0	31.3	34.8	37.9	42.1	46.0
11240.0	12.2	21.2	24.5	28.0	31.3	34.8	37.9	42.1	46.0
11250.0	12.2	21.2	24.5	28.0	31.3	34.8	37.9	42.0	46.0
11260.0	12.2	21.2	24.5	28.0	31.3	34.8	37.9	42.1	46.0
11270.0	12.2	21.2	24.5	28.0	31.3	34.8	37.9	42.1	46.0
11280.0	12.2	21.2	24.5	28.0	31.3	34.8	37.9	42.1	46.0
11290.0	12.2	21.2	24.5	28.0	31.3	34.7	37.9	42.1	46.0
11300.0	12.2	21.2	24.5	28.0	31.3	34.8	37.9	42.1	46.0
11310.0	12.2	21.2	24.5	28.0	31.3	34.8	37.9	42.1	46.0
11320.0	12.2	21.2	24.5	28.0	31.3	34.8	37.9	42.1	46.0
11330.0	12.2	21.2	24.5	28.0	31.3	34.8	37.9	42.1	46.0
11340.0	12.2	21.2	24.5	28.0	31.3	34.8	37.9	42.1	46.0
11350.0	12.2	21.2	24.5	28.0	31.3	34.8	37.9	42.1	46.0
11360.0	12.2	21.2	24.5	28.0	31.3	34.8	37.9	42.1	46.0
11370.0	12.2	21.2	24.5	28.0	31.4	34.8	37.9	42.1	46.0
11380.0	12.2	21.2	24.5	28.0	31.3	34.8	37.9	42.1	46.0
11390.0	12.2	21.2	24.5	28.0	31.4	34.8	37.9	42.1	46.0
11400.0	12.2	21.2	24.5	28.0	31.4	34.8	37.9	42.1	46.0
11410.0	12.2	21.2	24.5	28.0	31.3	34.8	37.9	42.1	46.0
11420.0	12.2	21.2	24.5	28.0	31.3	34.8	37.9	42.1	46.0
11430.0	12.2	21.2	24.5	28.1	31.4	34.8	37.9	42.1	46.0
11440.0	12.2	21.2	24.5	28.1	31.4	34.8	37.9	42.1	46.0
11450.0	12.2	21.2	24.5	28.0	31.4	34.8	37.9	42.1	46.0
11460.0	12.2	21.2	24.5	28.1	31.4	34.8	37.9	42.1	46.0
11470.0	12.2	21.2	24.5	28.0	31.4	34.8	37.9	42.1	46.0
11480.0	12.2	21.2	24.5	28.1	31.4	34.8	37.9	42.1	46.0
11490.0	12.2	21.2	24.5	28.1	31.4	34.8	37.9	42.1	46.0
11500.0	12.2	21.2	24.5	28.1	31.4	34.8	37.9	42.1	46.0
11510.0	12.2	21.2	24.5	28.0	31.4	34.8	37.9	42.1	46.0
11520.0	12.2	21.2	24.5	28.1	31.4	34.8	37.9	42.1	46.0
11530.0	12.2	21.2	24.5	28.1	31.4	34.8	37.9	42.1	46.1
11540.0	12.2	21.2	24.5	28.1	31.4	34.8	37.9	42.1	46.1
11550.0	12.2	21.2	24.5	28.1	31.4	34.8	37.9	42.1	46.0
11560.0	12.2	21.2	24.5	28.1	31.4	34.8	37.9	42.1	46.1
11570.0	12.2	21.2	24.6	28.1	31.4	34.8	37.9	42.1	46.1
11580.0	12.2	21.2	24.5	28.1	31.4	34.8	37.9	42.1	46.1
11590.0	12.2	21.2	24.5	28.1	31.4	34.8	37.9	42.1	46.1
11600.0	12.2	21.2	24.6	28.1	31.4	34.8	37.9	42.1	46.1
11610.0	12.2	21.2	24.5	28.1	31.4	34.8	37.9	42.1	46.1
11620.0	12.2	21.2	24.6	28.1	31.4	34.8	37.9	42.1	46.1
11630.0	12.2	21.2	24.5	28.1	31.4	34.8	37.9	42.1	46.1
11640.0	12.2	21.2	24.6	28.1	31.4	34.8	37.9	42.1	46.1
11650.0	12.2	21.2	24.6	28.1	31.4	34.8	37.9	42.1	46.1
11660.0	12.2	21.2	24.5	28.1	31.4	34.8	37.9	42.1	46.1
11670.0	12.2	21.2	24.6	28.1	31.4	34.8	37.9	42.1	46.1
11680.0	12.3	21.2	24.6	28.1	31.4	34.8	37.9	42.1	46.1
11690.0	12.3	21.2	24.6	28.1	31.4	34.8	37.9	42.1	46.1
11700.0	12.3	21.2	24.5	28.1	31.4	34.8	37.9	42.1	46.1
11710.0	12.3	21.2	24.6	28.1	31.4	34.8	37.9	42.1	46.1
11720.0	12.3	21.2	24.6	28.1	31.4	34.8	37.9	42.1	46.1
11730.0	12.3	21.2	24.6	28.1	31.4	34.8	37.9	42.1	46.1
11740.0	12.3	21.2	24.6	28.1	31.4	34.8	37.9	42.1	46.1
11750.0	12.3	21.2	24.6	28.1	31.4	34.8	37.9	42.1	46.1
11760.0	12.3	21.2	24.6	28.1	31.4	34.8	37.9	42.1	46.1
11770.0	12.3	21.2	24.6	28.1	31.4	34.8	37.9	42.1	46.1
11780.0	12.3	21.2	24.6	28.1	31.4	34.8	37.9	42.1	46.1
11790.0	12.3	21.2	24.6	28.1	31.4	34.8	37.9	42.1	46.1
11800.0	12.2	21.2	24.6	28.1	31.4	34.8	37.9	42.1	46.1
11810.0	12.2	21.2	24.6	28.1	31.4	34.8	38.0	42.1	46.1
11820.0	12.3	21.2	24.6	28.1	31.4	34.8	37.9	42.1	46.1
11830.0	12.3	21.2	24.6	28.1	31.4	34.8	37.9	42.1	46.1
11840.0	12.3	21.2	24.6	28.1	31.4	34.8	38.0	42.1	46.1
11850.0	12.2	21.2	24.6	28.1	31.4	34.8	38.0	42.1	46.1
11860.0	12.2	21.2	24.6	28.1	31.4	34.8	38.0	42.1	46.1
11870.0	12.2	21.2	24.6	28.1	31.4	34.8	37.9	42.1	46.1
11880.0	12.2	21.2	24.6	28.1	31.4	34.8	38.0	42.1	46.1
11890.0	12.2	21.2	24.6	28.1	31.4	34.8	38.0	42.1	46.1
11900.0	12.2	21.2	24.6	28.1	31.4	34.8	37.9	42.1	46.1
11910.0	12.2	21.2	24.6	28.1	31.4	34.8	38.0	42.1	46.1
11920.0	12.2	21.2	24.6	28.1	31.4	34.8	37.9	42.1	46.1
11930.0	12.2	21.2	24.6	28.1	31.4	34.8	38.0	42.1	46.1
11940.0	12.2	21.2	24.6	28.1	31.4	34.8	38.0	42.1	46.1
11950.0	12.2	21.2	24.6	28.1	31.4	34.8	38.0	42.2	46.1
11960.0	12.2	21.2	24.6	28.1	31.4	34.8	38.0	42.1	46.1
11970.0	12.2	21.2	24.6	28.1	31.4	34.8	38.0	42.1	46.1
11980.0	12.2	21.2	24.6	28.1	31.4	34.8	38.0	42.2	46.1
11990.0	12.2	21.2	24.6	28.1	31.4	34.8	38.0	42.2	46.1
12000.0	12.2	21.2	24.6	28.1	31.4	34.8	38.0	42.1	46.1
12010.0	12.2	21.2	24.6	28.1	31.4	34.8	38.0	42.1	46.1
12020.0	12.2	21.2	24.6	28.1	31.4	34.8	38.0	42.1	46.1
12030.0	12.2	21.2	24.6	28.1	31.4	34.8	38.0	42.2	46.1
12040.0	12.2	21.2	24.6	28.1	31.4	34.8	38.0	42.2	46.1
12050.0	12.2	21.2	24.6	28.1	31.4	34.8	38.0	42.2	46.1
12060.0	12.3	21.2	24.6	28.1	31.4	34.9	38.0	42.2	46.1
12070.0	12.2	21.2	24.6	28.1	31.4	34.8	38.0	42.2	46.1
12080.0	12.2	21.3	24.6	28.1	31.4	34.8	38.0	42.2	46.1
12090.0	12.2	21.2	24.6	28.1	31.4	34.9	38.0	42.2	46.1
12100.0	12.2	21.2	24.6	28.1	31.4	34.9	38.0	42.2	46.1
12110.0	12.2	21.2	24.6	28.1	31.4	34.9	38.0	42.2	46.1
12120.0	12.2	21.2	24.6	28.1	31.4	34.9	38.0	42.2	46.1
12130.0	12.2	21.2	24.6	28.1	31.4	34.9	38.0	42.2	46.1
12140.0	12.2	21.2	24.6	28.1	31.4	34.8	38.0	42.2	46.1
12150.0	12.3	21.2	24.6	28.1	31.4	34.9	38.0	42.2	46.1
12160.0	12.3	21.2	24.6	28.1	31.4	34.9	38.0	42.2	46.1
12170.0	12.2	21.2	24.6	28.1	31.4	34.9	38.0	42.2	46.1
12180.0	12.3	21.2	24.6	28.1	31.4	34.9	38.0	42.2	46.1
12190.0	12.3	21.2	24.6	28.1	31.4	34.9	38.0	42.2	46.1
12200.0	12.3	21.2	24.6	28.1	31.4	34.9	38.0	42.2	46.1
12210.0	12.3	21.3	24.6	28.1	31.4	34.9	38.0	42.2	46.1
12220.0	12.3	21.2	24.6	28.1	31.4	34.9	38.0	42.2	46.1
12230.0	12.3	21.2	24.6	28.1	31.4	34.9	38.0	42.2	46.1
12240.0	12.3	21.3	24.6	28.1	31.4	34.9	38.0	42.2	46.1
12250.0	12.2	21.2	24.6	28.1	31.4	34.9	38.0	42.2	46.1
12260.0	12.2	21.2	24.6	28.1	31.4	34.9	38.0	42.2	46.1
12270.0	12.2	21.2	24.6	28.1	31.4	34.9	38.0	42.2	46.2
12280.0	12.2	21.2	24.6	28.1	31.4	34.9	38.0	42.2	46.1
12290.0	12.2	21.2	24.6	28.1	31.4	34.9	38.0	42.2	46.1
12300.0	12.2	21.3	24.6	28.1	31.4	34.9	38.0	42.2	46.2
12310.0	12.2	21.2	24.6	28.1	31.4	34.9	38.0	42.2	46.2
12320.0	12.2	21.2	24.6	28.1	31.4	34.9	38.0	42.2	46.1
12330.0	12.2	21.2	24.6	28.1	31.4	34.9	38.0	42.2	46.2
12340.0	12.2	21.2	24.6	28.1	31.4	34.9	38.0	42.2	46.2
12350.0	12.3	21.3	24.6	28.1	31.5	34.9	38.0	42.2	46.2
12360.0	12.2	21.2	24.6	28.1	31.4	34.9	38.0	42.2	46.2
12370.0	12.2	21.3	24.6	28.1	31.4	34.9	38.0	42.2	46.2
12380.0	12.2	21.2	24.6	28.1	31.4	34.9	38.0	42.2	46.2
12390.0	12.2	21.2	24.6	28.1	31.4	34.9	38.0	42.2	46.2
12400.0	12.3	21.3	24.6	28.1	31.5	34.9	38.0	42.2	46.2
12410.0	12.3	21.3	24.6	28.1	31.5	34.9	38.0	42.2	46.2
12420.0	12.3	21.3	24.6	28.1	31.4	34.9	38.0	42.2	46.2
12430.0	12.3	21.3	24.6	28.1	31.5	34.9	38.0	42.2	46.2
12440.0	12.2	21.2	24.6	28.1	31.4	34.9	38.0	42.2	46.2
12450.0	12.2	21.3	24.6	28.1	31.4	34.9	38.0	42.2	46.2
12460.0	12.2	21.3	24.6	28.1	31.4	34.9	38.0	42.2	46.2
12470.0	12.2	21.3	24.6	28.1	31.4	34.9	38.0	42.2	46.2
12480.0	12.3	21.3	24.6	28.1	31.5	34.9	38.0	42.2	46.2
12490.0	12.3	21.3	24.6	28.1	31.5	34.9	38.0	42.2	46.2
12500.0	12.3	21.3	24.6	28.1	31.4	34.9	38.0	42.2	46.2
12510.0	12.3	21.3	24.6	28.1	31.4	34.9	38.0	42.2	46.2
12520.0	12.3	21.3	24.6	28.1	31.5	34.9	38.0	42.2	46.2
12530.0	12.3	21.3	24.6	28.1	31.5	34.9	38.0	42.2	46.2
12540.0	12.3	21.3	24.6	28.1	31.5	34.9	38.0	42.2	46.2
12550.0	12.3	21.3	24.6	28.1	31.5	34.9	38.0	42.2	46.2
12560.0	12.3	21.3	24.6	28.1	31.5	34.9	38.0	42.2	46.2
12570.0	12.3	21.3	24.6	28.1	31.5	34.9	38.0	42.2	46.2
12580.0	12.3	21.3	24.6	28.1	31.5	34.9	38.0	42.2	46.2
12590.0	12.3	21.3	24.6	28.1	31.5	34.9	38.0	42.2	46.2
12600.0	12.3	21.3	24.6	28.1	31.4	34.9	38.0	42.2	46.2
